h_shift,res_index,dx_n_1,dy_n_1,dz_n_1,metric_n_1,dx_n_2,dy_n_2,dz_n_2,metric_n_2,dx_n_3,dy_n_3,dz_n_3,metric_n_3,dx_n_4,dy_n_4,dz_n_4,metric_n_4,dx_n_5,dy_n_5,dz_n_5,metric_n_5,dx_n_6,dy_n_6,dz_n_6,metric_n_6,dx_n_7,dy_n_7,dz_n_7,metric_n_7,dx_n_8,dy_n_8,dz_n_8,metric_n_8,dx_n_9,dy_n_9,dz_n_9,metric_n_9,dx_n_10,dy_n_10,dz_n_10,metric_n_10,dx_n_11,dy_n_11,dz_n_11,metric_n_11,dx_n_12,dy_n_12,dz_n_12,metric_n_12,dx_n_13,dy_n_13,dz_n_13,metric_n_13,dx_n_14,dy_n_14,dz_n_14,metric_n_14,dx_n_15,dy_n_15,dz_n_15,metric_n_15,dx_n_16,dy_n_16,dz_n_16,metric_n_16,dx_n_17,dy_n_17,dz_n_17,metric_n_17,dx_n_18,dy_n_18,dz_n_18,metric_n_18,dx_n_19,dy_n_19,dz_n_19,metric_n_19,dx_n_20,dy_n_20,dz_n_20,metric_n_20,dx_n_21,dy_n_21,dz_n_21,metric_n_21,dx_n_22,dy_n_22,dz_n_22,metric_n_22,dx_n_23,dy_n_23,dz_n_23,metric_n_23,dx_n_24,dy_n_24,dz_n_24,metric_n_24,dx_n_25,dy_n_25,dz_n_25,metric_n_25,is_ALA_n_1,is_ARG_n_1,is_ASN_n_1,is_ASP_n_1,is_CYS_n_1,is_GLN_n_1,is_GLU_n_1,is_GLY_n_1,is_HIS_n_1,is_ILE_n_1,is_LEU_n_1,is_LYS_n_1,is_MET_n_1,is_PHE_n_1,is_PRO_n_1,is_SER_n_1,is_THR_n_1,is_TRP_n_1,is_TYR_n_1,is_VAL_n_1,is_C_n_1,is_CA_n_1,is_CR_n_1,is_CT_n_1,is_CW_n_1,is_H_n_1,is_H1_n_1,is_HA_n_1,is_HC_n_1,is_HO_n_1,is_HS_n_1,is_N_n_1,is_N3_n_1,is_NB_n_1,is_NH1_n_1,is_NH2_n_1,is_O_n_1,is_OH_n_1,is_S_n_1,is_SH_n_1,is_ALA_n_2,is_ARG_n_2,is_ASN_n_2,is_ASP_n_2,is_CYS_n_2,is_GLN_n_2,is_GLU_n_2,is_GLY_n_2,is_HIS_n_2,is_ILE_n_2,is_LEU_n_2,is_LYS_n_2,is_MET_n_2,is_PHE_n_2,is_PRO_n_2,is_SER_n_2,is_THR_n_2,is_TRP_n_2,is_TYR_n_2,is_VAL_n_2,is_C_n_2,is_CA_n_2,is_CR_n_2,is_CT_n_2,is_CW_n_2,is_H_n_2,is_H1_n_2,is_HA_n_2,is_HC_n_2,is_HO_n_2,is_HS_n_2,is_N_n_2,is_N3_n_2,is_NB_n_2,is_NH1_n_2,is_NH2_n_2,is_O_n_2,is_OH_n_2,is_S_n_2,is_SH_n_2,is_ALA_n_3,is_ARG_n_3,is_ASN_n_3,is_ASP_n_3,is_CYS_n_3,is_GLN_n_3,is_GLU_n_3,is_GLY_n_3,is_HIS_n_3,is_ILE_n_3,is_LEU_n_3,is_LYS_n_3,is_MET_n_3,is_PHE_n_3,is_PRO_n_3,is_SER_n_3,is_THR_n_3,is_TRP_n_3,is_TYR_n_3,is_VAL_n_3,is_C_n_3,is_CA_n_3,is_CR_n_3,is_CT_n_3,is_CW_n_3,is_H_n_3,is_H1_n_3,is_HA_n_3,is_HC_n_3,is_HO_n_3,is_HS_n_3,is_N_n_3,is_N3_n_3,is_NB_n_3,is_NH1_n_3,is_NH2_n_3,is_O_n_3,is_OH_n_3,is_S_n_3,is_SH_n_3,is_ALA_n_4,is_ARG_n_4,is_ASN_n_4,is_ASP_n_4,is_CYS_n_4,is_GLN_n_4,is_GLU_n_4,is_GLY_n_4,is_HIS_n_4,is_ILE_n_4,is_LEU_n_4,is_LYS_n_4,is_MET_n_4,is_PHE_n_4,is_PRO_n_4,is_SER_n_4,is_THR_n_4,is_TRP_n_4,is_TYR_n_4,is_VAL_n_4,is_C_n_4,is_CA_n_4,is_CR_n_4,is_CT_n_4,is_CW_n_4,is_H_n_4,is_H1_n_4,is_HA_n_4,is_HC_n_4,is_HO_n_4,is_HS_n_4,is_N_n_4,is_N3_n_4,is_NB_n_4,is_NH1_n_4,is_NH2_n_4,is_O_n_4,is_OH_n_4,is_S_n_4,is_SH_n_4,is_ALA_n_5,is_ARG_n_5,is_ASN_n_5,is_ASP_n_5,is_CYS_n_5,is_GLN_n_5,is_GLU_n_5,is_GLY_n_5,is_HIS_n_5,is_ILE_n_5,is_LEU_n_5,is_LYS_n_5,is_MET_n_5,is_PHE_n_5,is_PRO_n_5,is_SER_n_5,is_THR_n_5,is_TRP_n_5,is_TYR_n_5,is_VAL_n_5,is_C_n_5,is_CA_n_5,is_CR_n_5,is_CT_n_5,is_CW_n_5,is_H_n_5,is_H1_n_5,is_HA_n_5,is_HC_n_5,is_HO_n_5,is_HS_n_5,is_N_n_5,is_N3_n_5,is_NB_n_5,is_NH1_n_5,is_NH2_n_5,is_O_n_5,is_OH_n_5,is_S_n_5,is_SH_n_5,is_ALA_n_6,is_ARG_n_6,is_ASN_n_6,is_ASP_n_6,is_CYS_n_6,is_GLN_n_6,is_GLU_n_6,is_GLY_n_6,is_HIS_n_6,is_ILE_n_6,is_LEU_n_6,is_LYS_n_6,is_MET_n_6,is_PHE_n_6,is_PRO_n_6,is_SER_n_6,is_THR_n_6,is_TRP_n_6,is_TYR_n_6,is_VAL_n_6,is_C_n_6,is_CA_n_6,is_CR_n_6,is_CT_n_6,is_CW_n_6,is_H_n_6,is_H1_n_6,is_HA_n_6,is_HC_n_6,is_HO_n_6,is_HS_n_6,is_N_n_6,is_N3_n_6,is_NB_n_6,is_NH1_n_6,is_NH2_n_6,is_O_n_6,is_OH_n_6,is_S_n_6,is_SH_n_6,is_ALA_n_7,is_ARG_n_7,is_ASN_n_7,is_ASP_n_7,is_CYS_n_7,is_GLN_n_7,is_GLU_n_7,is_GLY_n_7,is_HIS_n_7,is_ILE_n_7,is_LEU_n_7,is_LYS_n_7,is_MET_n_7,is_PHE_n_7,is_PRO_n_7,is_SER_n_7,is_THR_n_7,is_TRP_n_7,is_TYR_n_7,is_VAL_n_7,is_C_n_7,is_CA_n_7,is_CR_n_7,is_CT_n_7,is_CW_n_7,is_H_n_7,is_H1_n_7,is_HA_n_7,is_HC_n_7,is_HO_n_7,is_HS_n_7,is_N_n_7,is_N3_n_7,is_NB_n_7,is_NH1_n_7,is_NH2_n_7,is_O_n_7,is_OH_n_7,is_S_n_7,is_SH_n_7,is_ALA_n_8,is_ARG_n_8,is_ASN_n_8,is_ASP_n_8,is_CYS_n_8,is_GLN_n_8,is_GLU_n_8,is_GLY_n_8,is_HIS_n_8,is_ILE_n_8,is_LEU_n_8,is_LYS_n_8,is_MET_n_8,is_PHE_n_8,is_PRO_n_8,is_SER_n_8,is_THR_n_8,is_TRP_n_8,is_TYR_n_8,is_VAL_n_8,is_C_n_8,is_CA_n_8,is_CR_n_8,is_CT_n_8,is_CW_n_8,is_H_n_8,is_H1_n_8,is_HA_n_8,is_HC_n_8,is_HO_n_8,is_HS_n_8,is_N_n_8,is_N3_n_8,is_NB_n_8,is_NH1_n_8,is_NH2_n_8,is_O_n_8,is_OH_n_8,is_S_n_8,is_SH_n_8,is_ALA_n_9,is_ARG_n_9,is_ASN_n_9,is_ASP_n_9,is_CYS_n_9,is_GLN_n_9,is_GLU_n_9,is_GLY_n_9,is_HIS_n_9,is_ILE_n_9,is_LEU_n_9,is_LYS_n_9,is_MET_n_9,is_PHE_n_9,is_PRO_n_9,is_SER_n_9,is_THR_n_9,is_TRP_n_9,is_TYR_n_9,is_VAL_n_9,is_C_n_9,is_CA_n_9,is_CR_n_9,is_CT_n_9,is_CW_n_9,is_H_n_9,is_H1_n_9,is_HA_n_9,is_HC_n_9,is_HO_n_9,is_HS_n_9,is_N_n_9,is_N3_n_9,is_NB_n_9,is_NH1_n_9,is_NH2_n_9,is_O_n_9,is_OH_n_9,is_S_n_9,is_SH_n_9,is_ALA_n_10,is_ARG_n_10,is_ASN_n_10,is_ASP_n_10,is_CYS_n_10,is_GLN_n_10,is_GLU_n_10,is_GLY_n_10,is_HIS_n_10,is_ILE_n_10,is_LEU_n_10,is_LYS_n_10,is_MET_n_10,is_PHE_n_10,is_PRO_n_10,is_SER_n_10,is_THR_n_10,is_TRP_n_10,is_TYR_n_10,is_VAL_n_10,is_C_n_10,is_CA_n_10,is_CR_n_10,is_CT_n_10,is_CW_n_10,is_H_n_10,is_H1_n_10,is_HA_n_10,is_HC_n_10,is_HO_n_10,is_HS_n_10,is_N_n_10,is_N3_n_10,is_NB_n_10,is_NH1_n_10,is_NH2_n_10,is_O_n_10,is_OH_n_10,is_S_n_10,is_SH_n_10,is_ALA_n_11,is_ARG_n_11,is_ASN_n_11,is_ASP_n_11,is_CYS_n_11,is_GLN_n_11,is_GLU_n_11,is_GLY_n_11,is_HIS_n_11,is_ILE_n_11,is_LEU_n_11,is_LYS_n_11,is_MET_n_11,is_PHE_n_11,is_PRO_n_11,is_SER_n_11,is_THR_n_11,is_TRP_n_11,is_TYR_n_11,is_VAL_n_11,is_C_n_11,is_CA_n_11,is_CR_n_11,is_CT_n_11,is_CW_n_11,is_H_n_11,is_H1_n_11,is_HA_n_11,is_HC_n_11,is_HO_n_11,is_HS_n_11,is_N_n_11,is_N3_n_11,is_NB_n_11,is_NH1_n_11,is_NH2_n_11,is_O_n_11,is_OH_n_11,is_S_n_11,is_SH_n_11,is_ALA_n_12,is_ARG_n_12,is_ASN_n_12,is_ASP_n_12,is_CYS_n_12,is_GLN_n_12,is_GLU_n_12,is_GLY_n_12,is_HIS_n_12,is_ILE_n_12,is_LEU_n_12,is_LYS_n_12,is_MET_n_12,is_PHE_n_12,is_PRO_n_12,is_SER_n_12,is_THR_n_12,is_TRP_n_12,is_TYR_n_12,is_VAL_n_12,is_C_n_12,is_CA_n_12,is_CR_n_12,is_CT_n_12,is_CW_n_12,is_H_n_12,is_H1_n_12,is_HA_n_12,is_HC_n_12,is_HO_n_12,is_HS_n_12,is_N_n_12,is_N3_n_12,is_NB_n_12,is_NH1_n_12,is_NH2_n_12,is_O_n_12,is_OH_n_12,is_S_n_12,is_SH_n_12,is_ALA_n_13,is_ARG_n_13,is_ASN_n_13,is_ASP_n_13,is_CYS_n_13,is_GLN_n_13,is_GLU_n_13,is_GLY_n_13,is_HIS_n_13,is_ILE_n_13,is_LEU_n_13,is_LYS_n_13,is_MET_n_13,is_PHE_n_13,is_PRO_n_13,is_SER_n_13,is_THR_n_13,is_TRP_n_13,is_TYR_n_13,is_VAL_n_13,is_C_n_13,is_CA_n_13,is_CR_n_13,is_CT_n_13,is_CW_n_13,is_H_n_13,is_H1_n_13,is_HA_n_13,is_HC_n_13,is_HO_n_13,is_HS_n_13,is_N_n_13,is_N3_n_13,is_NB_n_13,is_NH1_n_13,is_NH2_n_13,is_O_n_13,is_OH_n_13,is_S_n_13,is_SH_n_13,is_ALA_n_14,is_ARG_n_14,is_ASN_n_14,is_ASP_n_14,is_CYS_n_14,is_GLN_n_14,is_GLU_n_14,is_GLY_n_14,is_HIS_n_14,is_ILE_n_14,is_LEU_n_14,is_LYS_n_14,is_MET_n_14,is_PHE_n_14,is_PRO_n_14,is_SER_n_14,is_THR_n_14,is_TRP_n_14,is_TYR_n_14,is_VAL_n_14,is_C_n_14,is_CA_n_14,is_CR_n_14,is_CT_n_14,is_CW_n_14,is_H_n_14,is_H1_n_14,is_HA_n_14,is_HC_n_14,is_HO_n_14,is_HS_n_14,is_N_n_14,is_N3_n_14,is_NB_n_14,is_NH1_n_14,is_NH2_n_14,is_O_n_14,is_OH_n_14,is_S_n_14,is_SH_n_14,is_ALA_n_15,is_ARG_n_15,is_ASN_n_15,is_ASP_n_15,is_CYS_n_15,is_GLN_n_15,is_GLU_n_15,is_GLY_n_15,is_HIS_n_15,is_ILE_n_15,is_LEU_n_15,is_LYS_n_15,is_MET_n_15,is_PHE_n_15,is_PRO_n_15,is_SER_n_15,is_THR_n_15,is_TRP_n_15,is_TYR_n_15,is_VAL_n_15,is_C_n_15,is_CA_n_15,is_CR_n_15,is_CT_n_15,is_CW_n_15,is_H_n_15,is_H1_n_15,is_HA_n_15,is_HC_n_15,is_HO_n_15,is_HS_n_15,is_N_n_15,is_N3_n_15,is_NB_n_15,is_NH1_n_15,is_NH2_n_15,is_O_n_15,is_OH_n_15,is_S_n_15,is_SH_n_15,is_ALA_n_16,is_ARG_n_16,is_ASN_n_16,is_ASP_n_16,is_CYS_n_16,is_GLN_n_16,is_GLU_n_16,is_GLY_n_16,is_HIS_n_16,is_ILE_n_16,is_LEU_n_16,is_LYS_n_16,is_MET_n_16,is_PHE_n_16,is_PRO_n_16,is_SER_n_16,is_THR_n_16,is_TRP_n_16,is_TYR_n_16,is_VAL_n_16,is_C_n_16,is_CA_n_16,is_CR_n_16,is_CT_n_16,is_CW_n_16,is_H_n_16,is_H1_n_16,is_HA_n_16,is_HC_n_16,is_HO_n_16,is_HS_n_16,is_N_n_16,is_N3_n_16,is_NB_n_16,is_NH1_n_16,is_NH2_n_16,is_O_n_16,is_OH_n_16,is_S_n_16,is_SH_n_16,is_ALA_n_17,is_ARG_n_17,is_ASN_n_17,is_ASP_n_17,is_CYS_n_17,is_GLN_n_17,is_GLU_n_17,is_GLY_n_17,is_HIS_n_17,is_ILE_n_17,is_LEU_n_17,is_LYS_n_17,is_MET_n_17,is_PHE_n_17,is_PRO_n_17,is_SER_n_17,is_THR_n_17,is_TRP_n_17,is_TYR_n_17,is_VAL_n_17,is_C_n_17,is_CA_n_17,is_CR_n_17,is_CT_n_17,is_CW_n_17,is_H_n_17,is_H1_n_17,is_HA_n_17,is_HC_n_17,is_HO_n_17,is_HS_n_17,is_N_n_17,is_N3_n_17,is_NB_n_17,is_NH1_n_17,is_NH2_n_17,is_O_n_17,is_OH_n_17,is_S_n_17,is_SH_n_17,is_ALA_n_18,is_ARG_n_18,is_ASN_n_18,is_ASP_n_18,is_CYS_n_18,is_GLN_n_18,is_GLU_n_18,is_GLY_n_18,is_HIS_n_18,is_ILE_n_18,is_LEU_n_18,is_LYS_n_18,is_MET_n_18,is_PHE_n_18,is_PRO_n_18,is_SER_n_18,is_THR_n_18,is_TRP_n_18,is_TYR_n_18,is_VAL_n_18,is_C_n_18,is_CA_n_18,is_CR_n_18,is_CT_n_18,is_CW_n_18,is_H_n_18,is_H1_n_18,is_HA_n_18,is_HC_n_18,is_HO_n_18,is_HS_n_18,is_N_n_18,is_N3_n_18,is_NB_n_18,is_NH1_n_18,is_NH2_n_18,is_O_n_18,is_OH_n_18,is_S_n_18,is_SH_n_18,is_ALA_n_19,is_ARG_n_19,is_ASN_n_19,is_ASP_n_19,is_CYS_n_19,is_GLN_n_19,is_GLU_n_19,is_GLY_n_19,is_HIS_n_19,is_ILE_n_19,is_LEU_n_19,is_LYS_n_19,is_MET_n_19,is_PHE_n_19,is_PRO_n_19,is_SER_n_19,is_THR_n_19,is_TRP_n_19,is_TYR_n_19,is_VAL_n_19,is_C_n_19,is_CA_n_19,is_CR_n_19,is_CT_n_19,is_CW_n_19,is_H_n_19,is_H1_n_19,is_HA_n_19,is_HC_n_19,is_HO_n_19,is_HS_n_19,is_N_n_19,is_N3_n_19,is_NB_n_19,is_NH1_n_19,is_NH2_n_19,is_O_n_19,is_OH_n_19,is_S_n_19,is_SH_n_19,is_ALA_n_20,is_ARG_n_20,is_ASN_n_20,is_ASP_n_20,is_CYS_n_20,is_GLN_n_20,is_GLU_n_20,is_GLY_n_20,is_HIS_n_20,is_ILE_n_20,is_LEU_n_20,is_LYS_n_20,is_MET_n_20,is_PHE_n_20,is_PRO_n_20,is_SER_n_20,is_THR_n_20,is_TRP_n_20,is_TYR_n_20,is_VAL_n_20,is_C_n_20,is_CA_n_20,is_CR_n_20,is_CT_n_20,is_CW_n_20,is_H_n_20,is_H1_n_20,is_HA_n_20,is_HC_n_20,is_HO_n_20,is_HS_n_20,is_N_n_20,is_N3_n_20,is_NB_n_20,is_NH1_n_20,is_NH2_n_20,is_O_n_20,is_OH_n_20,is_S_n_20,is_SH_n_20,is_ALA_n_21,is_ARG_n_21,is_ASN_n_21,is_ASP_n_21,is_CYS_n_21,is_GLN_n_21,is_GLU_n_21,is_GLY_n_21,is_HIS_n_21,is_ILE_n_21,is_LEU_n_21,is_LYS_n_21,is_MET_n_21,is_PHE_n_21,is_PRO_n_21,is_SER_n_21,is_THR_n_21,is_TRP_n_21,is_TYR_n_21,is_VAL_n_21,is_C_n_21,is_CA_n_21,is_CR_n_21,is_CT_n_21,is_CW_n_21,is_H_n_21,is_H1_n_21,is_HA_n_21,is_HC_n_21,is_HO_n_21,is_HS_n_21,is_N_n_21,is_N3_n_21,is_NB_n_21,is_NH1_n_21,is_NH2_n_21,is_O_n_21,is_OH_n_21,is_S_n_21,is_SH_n_21,is_ALA_n_22,is_ARG_n_22,is_ASN_n_22,is_ASP_n_22,is_CYS_n_22,is_GLN_n_22,is_GLU_n_22,is_GLY_n_22,is_HIS_n_22,is_ILE_n_22,is_LEU_n_22,is_LYS_n_22,is_MET_n_22,is_PHE_n_22,is_PRO_n_22,is_SER_n_22,is_THR_n_22,is_TRP_n_22,is_TYR_n_22,is_VAL_n_22,is_C_n_22,is_CA_n_22,is_CR_n_22,is_CT_n_22,is_CW_n_22,is_H_n_22,is_H1_n_22,is_HA_n_22,is_HC_n_22,is_HO_n_22,is_HS_n_22,is_N_n_22,is_N3_n_22,is_NB_n_22,is_NH1_n_22,is_NH2_n_22,is_O_n_22,is_OH_n_22,is_S_n_22,is_SH_n_22,is_ALA_n_23,is_ARG_n_23,is_ASN_n_23,is_ASP_n_23,is_CYS_n_23,is_GLN_n_23,is_GLU_n_23,is_GLY_n_23,is_HIS_n_23,is_ILE_n_23,is_LEU_n_23,is_LYS_n_23,is_MET_n_23,is_PHE_n_23,is_PRO_n_23,is_SER_n_23,is_THR_n_23,is_TRP_n_23,is_TYR_n_23,is_VAL_n_23,is_C_n_23,is_CA_n_23,is_CR_n_23,is_CT_n_23,is_CW_n_23,is_H_n_23,is_H1_n_23,is_HA_n_23,is_HC_n_23,is_HO_n_23,is_HS_n_23,is_N_n_23,is_N3_n_23,is_NB_n_23,is_NH1_n_23,is_NH2_n_23,is_O_n_23,is_OH_n_23,is_S_n_23,is_SH_n_23,is_ALA_n_24,is_ARG_n_24,is_ASN_n_24,is_ASP_n_24,is_CYS_n_24,is_GLN_n_24,is_GLU_n_24,is_GLY_n_24,is_HIS_n_24,is_ILE_n_24,is_LEU_n_24,is_LYS_n_24,is_MET_n_24,is_PHE_n_24,is_PRO_n_24,is_SER_n_24,is_THR_n_24,is_TRP_n_24,is_TYR_n_24,is_VAL_n_24,is_C_n_24,is_CA_n_24,is_CR_n_24,is_CT_n_24,is_CW_n_24,is_H_n_24,is_H1_n_24,is_HA_n_24,is_HC_n_24,is_HO_n_24,is_HS_n_24,is_N_n_24,is_N3_n_24,is_NB_n_24,is_NH1_n_24,is_NH2_n_24,is_O_n_24,is_OH_n_24,is_S_n_24,is_SH_n_24,is_ALA_n_25,is_ARG_n_25,is_ASN_n_25,is_ASP_n_25,is_CYS_n_25,is_GLN_n_25,is_GLU_n_25,is_GLY_n_25,is_HIS_n_25,is_ILE_n_25,is_LEU_n_25,is_LYS_n_25,is_MET_n_25,is_PHE_n_25,is_PRO_n_25,is_SER_n_25,is_THR_n_25,is_TRP_n_25,is_TYR_n_25,is_VAL_n_25,is_C_n_25,is_CA_n_25,is_CR_n_25,is_CT_n_25,is_CW_n_25,is_H_n_25,is_H1_n_25,is_HA_n_25,is_HC_n_25,is_HO_n_25,is_HS_n_25,is_N_n_25,is_N3_n_25,is_NB_n_25,is_NH1_n_25,is_NH2_n_25,is_O_n_25,is_OH_n_25,is_S_n_25,is_SH_n_25
8.96,0,0.6487296455323268,-0.2486549020782599,-0.1027213776448943,1.6990075439929009,1.0,-1.1142961296181397e-17,-3.341371486176269e-18,1.0399945986059198,0.6611527454006473,-0.4960927605895984,-0.0337274157974849,0.9754129406659096,0.8500106613624784,0.3833752746280606,0.0406663583762386,0.5225308671020121,0.6933352357663992,0.3257458520467511,0.1583650669504435,0.4414529874510049,0.6960387066111473,0.2975287156261063,-0.0586983874960305,0.3862618283709388,0.7628566660499494,0.5936358043716881,-7.355013912264738e-18,0.3754278337630277,0.658185187532625,0.5880777451044533,-0.0558170024091827,0.365575590569949,0.5815103775071229,0.3159983075448321,-0.1535458335547307,0.3653665511108261,0.4829639159846439,0.0058789168874177,-0.034292914448941,0.3577494226507217,0.3434977128964916,-0.1720474602673339,-0.0020570394331212,0.3477959737007087,0.3670987538714246,0.2009025092260438,0.2106238971877042,0.321058315128491,0.6754389210562748,0.3810720365721947,-0.0241110751080908,0.2884143369070255,0.1610868806828291,0.2408656094646816,-0.0919236187180612,0.2762269774893561,0.2724115438464987,-0.1439655224928546,-0.1395225038968315,0.271616381498459,0.7049742101464922,0.6345542329913536,0.0296056868620568,0.2696388916266136,0.2180932744977771,-0.0386567403508472,-0.0653441445289202,0.2617923367147282,0.6753004616501487,0.5846370841376507,0.0751548654167917,0.2531253247178588,0.108909617933739,0.3957032554644816,0.012917406400217,0.2384998626322391,-0.0716032875228588,0.2577003072058624,-0.1205750280287807,0.2190698989275612,0.4448698016152993,0.6233450157283023,-0.1453165037905149,0.2147298479373383,0.0303390378171984,0.5094810267131749,-0.1358005110702757,0.2064696030533931,0.0540368329957132,0.5090254856685085,0.2548386993491064,0.2052656371440016,-0.1657227288302542,0.354635697067539,-0.2484628617509279,0.2037192782200598,0.2077093848959096,0.434309096176241,-0.3005642226719613,0.1855219830549673,0,0,0,0,0,0,0,0,0,0,0,0,0,0,0,0,1,0,0,0,0,0,0,0,0,1,0,0,0,0,0,0,0,0,0,0,0,0,0,0,0,0,0,0,0,0,0,0,0,0,0,0,0,0,0,0,1,0,0,0,0,0,0,0,0,0,0,0,0,0,0,1,0,0,0,0,0,0,0,0,0,0,0,0,0,0,0,0,0,0,0,0,0,0,0,0,1,0,0,0,0,0,0,0,0,1,0,0,0,0,0,0,0,0,0,0,0,0,0,0,0,0,0,0,0,0,0,0,0,0,0,0,0,0,0,0,1,0,0,0,0,0,0,1,0,0,0,0,0,0,0,0,0,0,0,0,0,0,0,0,0,0,0,0,0,0,0,0,0,0,0,0,0,0,0,0,1,0,0,0,0,0,0,0,0,0,1,0,0,0,0,0,0,0,0,0,0,0,0,0,0,0,0,0,0,0,0,0,0,0,0,0,0,0,0,0,1,0,0,0,0,0,0,1,0,0,0,0,0,0,0,0,0,0,0,0,0,0,0,0,0,0,0,0,0,0,0,0,0,0,0,0,0,0,0,0,1,0,0,0,1,0,0,0,0,0,0,0,0,0,0,0,0,0,0,0,0,0,0,0,0,0,0,0,0,0,0,0,0,0,0,0,0,0,0,0,1,0,0,0,0,0,0,0,0,0,0,0,0,0,0,0,0,0,0,0,1,0,0,0,0,0,0,0,0,0,0,0,0,0,0,0,0,0,0,0,1,0,0,0,0,0,0,0,0,0,0,0,0,0,0,0,0,0,0,0,0,1,0,0,0,0,0,0,0,0,0,0,0,0,0,0,0,0,0,0,1,0,0,0,0,0,0,1,0,0,0,0,0,0,0,0,0,0,0,0,0,0,0,0,0,0,0,0,0,0,0,0,0,0,0,0,0,0,0,0,1,0,0,0,0,0,0,0,0,0,0,0,1,0,0,0,0,0,0,0,0,0,0,0,0,0,0,0,0,0,0,0,0,0,0,0,0,0,1,0,0,0,0,0,0,0,0,0,0,0,1,0,0,0,0,0,0,0,0,0,0,0,0,0,0,0,0,0,0,0,0,0,0,0,0,0,0,0,0,0,1,0,0,0,0,0,0,0,0,0,0,0,1,0,0,0,0,0,0,0,0,0,0,0,0,0,0,0,0,1,0,0,0,0,0,0,0,0,0,0,0,0,0,0,0,0,0,0,0,0,0,0,1,0,0,0,0,0,0,0,0,0,0,0,0,0,0,0,0,0,0,0,0,0,0,0,0,0,0,0,1,0,0,0,0,0,0,0,0,0,0,0,1,0,0,0,0,0,0,0,0,0,0,0,0,0,0,0,0,0,0,0,0,0,0,0,0,1,0,0,0,0,0,0,0,0,0,0,0,0,0,0,0,0,0,1,0,0,0,0,0,0,0,0,0,0,0,0,0,0,0,0,0,0,0,0,0,0,0,0,1,0,0,0,0,0,0,0,0,0,0,0,1,0,0,0,0,0,0,0,0,0,0,0,0,0,0,0,0,0,0,0,0,0,0,0,0,1,0,0,0,0,0,0,0,0,0,0,0,1,0,0,0,0,0,0,0,0,0,0,0,0,0,0,0,0,0,0,0,1,0,0,0,0,0,0,0,0,0,0,0,0,0,0,0,0,0,0,0,0,0,0,1,0,0,0,0,0,0,0,0,0,0,0,0,0,0,0,0,1,0,0,0,0,0,0,0,0,0,0,0,0,0,0,0,0,0,0,0,0,0,0,1,0,0,0,0,0,0,0,0,0,0,0,0,0,0,0,0,1,0,0,0,0,0,0,0,0,0,0,0,0,0,0,0,0,0,0,0,1,0,0,0,0,0,0,0,0,0,0,0,0,0,0,0,0,0,0,0,1,0,0,0,0,0,0,0,0,0,0,0,0,0,0,0,0,0,1,0,0,0,0,0,0,0,0,0,0,0,0,0,0,0,0,0,0,0,0,0,0,0,0,0,1,0,0,0,0,0,0,0,0,0,0,0,0,0,0,0,1,0,0,0,0,0,0,0,0,0,0,0,0,0,0,0,0,0,0,0,1,0,0,0,0,0,0,0,0,0,0,0,0,0,0,0,0,0,0,0,0,0,0,1,0,0,0,0,0,0,0,0,0,0,0,0,0,0,0,0,0,0,0,0,0,0,0,0,0,0,0,1,0,0,0,0,0,0,0,0,0,0,0,0,1,0,0,0,0,0,0,0,0,0,0
8.44,2,1.0,4.371066617028022e-18,4.2709206791758164e-18,1.0496079516157617,0.8195505902264093,0.5702563584596623,-2.415302048343863e-17,0.5815976208930633,0.7979506865215396,-0.5661323997532254,0.1598687443863822,0.5453764318477573,-0.0486746961257635,-0.9170871992317196,0.1711335808172278,0.4848585211692934,0.031434728494288,-0.9281032694217,0.172367486622167,0.4837037764209856,0.2904210446035733,-0.9384874262441422,0.1648429598273164,0.4745233949928304,0.3590400374682144,0.9086220887338852,-0.1613057438104478,0.456655267403575,0.033978027682957,0.7915727559144006,-0.569707742410411,0.4558798849270634,0.7686906263986075,-0.3627401032040006,0.4919594856228372,0.4395926672471043,-0.3201121627634181,0.7692823572712582,-0.4742549053854628,0.4344438949554338,-0.8653684712864228,-0.4076645062301474,0.0336068602564223,0.4173502608356926,0.0464899902545942,0.948547817729748,0.229829155846876,0.3910914216375745,-0.56593061583893,-0.0512953862575147,-0.7657170114998784,0.3908914794904064,0.5486585012433187,-0.3811967503517507,-0.7136368056594008,0.3868006571787846,0.909324756608474,0.3989069432316467,0.0630605991558851,0.3792172151923972,0.1376102392056364,0.4780983159783615,-0.8409453235961444,0.3757464349304559,0.8434492598954841,-0.4727595401167969,-0.187228303129432,0.3583916648627567,0.0511090805729393,0.4174972069089291,0.8746873965305683,0.3265302966893869,0.7493075260456155,-0.3718915309070445,-0.5152911225845082,0.3258674993397526,0.4392903009303522,0.3892245399824549,-0.7910386038073949,0.3254987600365858,0.454452538006917,0.8612256507975813,-0.1908626217492802,0.3248385485268817,-0.2441459816593576,0.8632653874107892,0.3025269243453522,0.3230012483161688,-0.11806442352445,-0.2945386469483397,-0.915941081835744,0.2867194818939871,0.216802056540057,0.5792523678999114,0.7574470079234901,0.2544379945261601,0.1851688038971382,0.8504268109565895,0.4671935066129198,0.2517839413931234,0,0,0,0,0,0,0,0,0,0,0,1,0,0,0,0,0,0,0,0,0,0,0,0,0,0,0,0,0,0,0,1,0,0,0,0,0,0,0,0,0,0,0,0,0,0,0,0,0,0,0,0,0,1,0,0,0,0,0,0,1,0,0,0,0,0,0,0,0,0,0,0,0,0,0,0,0,0,0,0,0,0,0,0,0,0,0,0,0,0,0,1,0,0,0,0,0,0,0,0,0,0,0,1,0,0,0,0,0,0,0,0,0,0,0,0,0,0,0,0,0,0,0,0,0,0,0,0,0,0,0,1,0,0,0,0,0,0,0,0,0,0,0,0,0,0,0,0,1,0,0,0,0,0,0,0,0,0,0,0,0,0,0,0,0,0,0,0,0,0,0,1,0,0,0,0,0,0,0,0,0,0,0,0,0,0,0,0,1,0,0,0,0,0,0,0,0,0,0,0,0,0,0,0,0,0,0,0,0,0,0,1,0,0,0,0,0,0,0,0,0,0,0,1,0,0,0,0,0,0,0,0,0,0,0,0,0,0,0,0,0,0,0,0,0,0,0,0,0,0,0,0,0,1,0,0,0,0,0,0,0,0,0,1,0,0,0,0,0,0,0,0,0,0,0,0,0,0,0,0,0,0,0,0,0,0,0,0,0,0,0,0,0,1,0,0,0,0,0,0,0,0,0,0,0,0,0,0,0,0,0,1,0,0,0,0,0,0,0,0,0,0,0,0,0,0,0,0,0,0,0,1,0,0,0,0,0,0,0,0,0,0,0,0,0,0,1,0,0,0,0,0,0,0,0,0,0,0,0,0,0,0,0,0,0,0,0,0,0,0,0,0,0,1,0,0,0,0,0,0,0,0,0,0,0,1,0,0,0,0,0,0,0,0,0,0,0,0,0,0,0,0,1,0,0,0,0,0,0,0,0,0,0,0,0,0,0,0,0,0,0,0,0,0,0,0,0,0,0,0,0,0,0,0,0,0,1,0,0,0,0,0,0,0,0,0,0,0,0,0,0,0,0,1,0,0,0,0,0,0,0,0,0,1,0,0,0,0,0,0,0,0,0,0,0,0,0,0,0,0,0,0,0,0,0,0,0,0,0,0,0,0,0,0,0,0,1,0,0,0,0,0,0,0,0,0,0,0,1,0,0,0,0,0,0,0,0,0,0,0,0,0,0,0,0,1,0,0,0,0,0,0,0,0,0,0,0,0,0,0,0,0,0,0,0,1,0,0,0,0,0,0,0,0,0,0,0,0,0,0,0,0,0,0,0,0,0,0,0,0,0,0,0,1,0,0,0,0,0,0,0,0,0,0,0,0,0,0,0,0,0,0,0,0,0,0,1,0,0,0,0,0,0,0,0,0,0,0,0,0,0,0,0,0,0,0,1,0,0,0,1,0,0,0,0,0,0,0,0,0,0,0,0,0,0,0,0,0,0,0,0,0,0,0,0,0,0,0,0,0,0,1,0,0,0,0,0,0,0,0,1,0,0,0,0,0,0,0,0,0,0,0,0,0,0,0,0,0,0,0,0,0,0,0,0,0,0,0,0,0,0,0,0,1,0,0,0,0,0,0,0,0,0,0,0,0,0,1,0,0,0,0,0,0,0,0,0,0,0,0,0,0,0,0,0,1,0,0,0,0,0,0,0,0,0,0,0,0,0,0,0,0,0,0,0,0,0,0,0,0,0,1,0,0,0,0,0,0,0,0,0,0,0,0,0,0,0,0,0,0,0,0,0,0,0,0,1,0,0,0,0,0,0,0,0,0,0,0,0,0,0,0,0,0,0,0,1,0,0,0,0,0,0,0,0,0,0,0,0,0,0,0,0,1,0,0,0,0,0,0,0,0,0,0,0,0,1,0,0,0,0,0,0,0,0,0,0,0,0,0,0,0,0,0,0,0,0,0,0,0,0,0,0,1,0,0,0,0,0,0,0,0,0,0,0,0,0,0,1,0,0,0,0,0,0,0,0,0,0,0,0,0,0,0,0,0,0,0,0,0,0,0,0,0,0,0,1,0,0,0,0,0,0,0,0,0,0,0,0,0,0,0,0,0,0,0,0,1,0,0,0,0,0,0,0,0,0,0,0,0,0,0,0,1,0,0,0,0,0,0,0,1,0,0,0,0,0,0,0,0,0,0,0,0,0,0,0,0,0,0,0,0,0,0,0,0,0,0,0,0,0,0,0,1,0,0,0,0,0,0,0,1,0,0,0,0,0,0,0,0,0,0,0,0,0,0,0,0,0,0
7.54,3,1.0,-1.1072442563354072e-17,5.726361887559795e-19,1.0515610360151064,0.7865592533645159,0.6093437228814305,2.923435328735976e-18,0.5960125952105787,0.816183283024259,-0.5540481687449069,0.1233310252773871,0.5385563041459105,-0.922719813181692,-0.2454658601400299,0.1754545050839989,0.4851110619886657,0.3220054035911101,-0.9243369165597743,0.1702485219092271,0.4686561588011704,0.2980560329149317,0.9305737439454328,-0.1312478030710349,0.4576026924549789,-0.0463101820613898,0.8134342655685473,-0.5386098125271829,0.4521916494040524,-0.271350930940857,-0.3424592199751682,-0.8859841734268811,0.4362898234966818,-0.8313694396898892,-0.0314705353008724,0.4829497542439218,0.4282296463671062,-0.0043998141701407,-0.7944513712096064,0.5882104239218456,0.4221640882011334,0.4999269375437726,-0.29790941073525,-0.7980090684873907,0.4211241334517311,0.8206395741507387,-0.3659473350581369,0.411584762350744,0.4141303238304866,-0.3735086423847271,0.8045193259912929,-0.4136901220919983,0.3868006571787846,0.0137264924483125,0.9441642662136218,0.2776641699469372,0.3867748701348451,-0.5841125112668817,-0.1239160665653289,-0.7773576338240462,0.386578879586206,0.8978351677608236,0.422328846348132,0.0450540250182456,0.3863466150030479,0.2379446861543693,-0.9442046676008092,-0.0285128300860633,0.376082687001689,0.0576844325535053,0.5665105078098067,-0.7994735286831556,0.3625334345851857,0.8362904644582491,-0.4685853362010454,-0.24546763478448,0.3596808860145383,0.1828936254162048,-0.9457582860868952,-0.0660341003703643,0.311050242995574,0.6847491640772845,-0.358624971904724,-0.6174921886187847,0.3100149997135167,0.198854469248546,-0.2154978477670563,0.9420795283250876,0.3040292704576995,0.1889331403094939,-0.5306256255083136,0.8160158203772777,0.3032557082028776,-0.3002339312234286,-0.720669518059631,0.5718438365660644,0.2856659047168203,-0.965656135983306,-0.0373112651796039,-0.177500996552967,0.2836686968057391,0,0,0,0,0,1,0,0,0,0,0,0,0,0,0,0,0,0,0,0,0,0,0,0,0,0,0,0,0,0,0,1,0,0,0,0,0,0,0,0,0,0,0,0,0,0,0,0,0,0,0,1,0,0,0,0,0,0,0,0,1,0,0,0,0,0,0,0,0,0,0,0,0,0,0,0,0,0,0,0,0,0,0,0,0,1,0,0,0,0,0,0,0,0,0,0,0,0,0,0,0,0,0,1,0,0,0,0,0,0,0,0,0,0,0,0,0,0,0,0,0,0,0,0,0,0,0,0,0,0,0,0,0,0,0,0,1,0,0,0,0,0,0,0,0,0,0,0,0,0,0,0,0,0,0,0,0,1,0,0,0,0,0,0,0,1,0,0,0,0,0,0,0,0,0,0,0,0,0,0,0,0,0,1,0,0,0,0,0,0,0,0,0,0,0,0,0,0,0,0,0,0,0,0,0,0,0,0,0,0,0,1,0,0,0,0,0,0,0,0,0,0,0,1,0,0,0,0,0,0,0,0,0,0,0,0,0,0,0,0,0,0,0,0,0,0,0,0,0,0,0,1,0,0,0,0,0,0,0,0,0,0,0,0,0,0,0,0,0,0,0,1,0,0,0,0,0,0,0,0,0,0,0,0,0,0,0,0,0,0,0,0,0,0,0,0,1,0,0,0,0,0,0,0,0,0,0,0,0,0,0,0,0,0,0,0,1,0,0,0,0,0,0,0,0,0,0,0,0,0,0,0,0,0,0,0,1,0,0,0,0,0,0,0,0,0,0,0,0,1,0,0,0,0,0,0,0,0,0,0,0,0,0,0,0,1,0,0,0,0,0,0,0,0,0,0,0,0,0,0,0,0,0,1,0,0,0,0,0,0,0,0,0,0,0,0,0,0,0,0,0,0,0,0,0,0,0,0,0,0,0,0,0,0,0,0,0,0,0,1,0,0,0,0,0,1,0,0,0,0,0,0,0,0,0,0,0,0,0,0,0,0,0,0,0,1,0,0,0,0,0,0,0,0,0,0,0,0,0,0,0,0,0,0,0,0,1,0,0,0,0,0,0,0,0,0,0,0,0,0,0,0,0,0,0,0,0,0,0,0,0,1,0,0,0,0,0,0,0,0,0,0,0,0,0,1,0,0,0,0,0,0,0,0,0,0,0,0,0,0,0,0,0,0,0,0,0,0,0,0,0,1,0,0,0,0,0,0,0,0,0,0,0,1,0,0,0,0,0,0,0,0,0,0,0,0,0,0,0,0,0,0,0,0,0,0,0,0,0,0,0,0,0,0,0,0,1,0,0,0,1,0,0,0,0,0,0,0,0,0,0,0,0,0,0,0,0,0,0,0,0,0,0,0,0,0,0,0,0,0,0,1,0,0,0,0,0,0,0,0,0,0,0,0,0,0,0,0,0,0,0,0,0,0,0,0,1,0,0,0,0,0,0,0,0,1,0,0,0,0,0,0,0,0,0,0,0,0,0,0,0,0,0,0,0,0,0,0,1,0,0,0,0,0,0,0,0,0,0,0,0,0,0,0,0,0,0,0,0,0,0,0,0,1,0,0,0,0,0,0,1,0,0,0,0,0,0,0,0,0,0,0,0,0,0,0,0,0,0,0,0,0,0,0,0,1,0,0,0,0,0,0,0,0,0,0,0,0,0,0,1,0,0,0,0,0,0,0,0,0,0,0,0,0,0,0,0,0,0,0,0,0,0,0,0,1,0,0,0,0,0,0,0,0,0,0,0,0,0,0,0,0,0,0,0,0,0,0,1,0,0,0,0,0,0,0,0,0,0,0,0,0,0,0,0,0,0,0,0,0,0,0,0,0,0,0,0,0,0,1,0,0,0,0,0,0,0,0,0,0,0,1,0,0,0,0,0,0,0,0,0,0,0,0,0,1,0,0,0,0,0,0,0,0,0,0,0,0,0,0,0,0,0,0,0,0,0,0,0,0,0,0,0,0,0,0,1,0,0,0,0,0,0,0,0,1,0,0,0,0,0,0,0,0,0,0,0,0,0,0,1,0,0,0,0,0,0,0,0,0,0,0,0,0,0,0,0,0,0,0,0,0,0,0,0,1,0,0,0,0,0,0,0,0,0,0,0,0,0,0,0,0,0,0,0,0,0,0,1,0,0,0,0,0,0,0,0,0,0,0,0,0,0,0,0,0,0,0,0,0,0,0,0,0,0,0,1,0,0,0,0,0,0,1,0,0,0,0,0,0,0,0,0,0,0,0,0,0,0,0
7.73,4,1.0,-8.135296231845843e-18,-3.813229183973616e-18,1.05357622539135,0.8136939227950128,0.5795804182342525,-4.465503257602356e-18,0.5604273234620687,-0.8785084918433883,0.0803592707723076,0.3817726950100109,0.5371359810754417,0.8193981218192405,-0.5612186761189556,-0.0045469264623624,0.5355333697746862,-0.0975430145360562,0.8997491142889549,-0.3674300427008314,0.4826740752691833,0.0488247884751229,-0.9785065803383112,-0.1780333319095919,0.4586417236580725,0.3442274248117632,-0.9255349811825656,0.1285297519864285,0.455482987350944,0.3352573900498033,0.9343902339685386,-0.026580995891757,0.4550430342609092,-0.4160844713108017,-0.2861857380885575,-0.8320988469940671,0.4483672121321725,0.3022777571595733,-0.278299827787995,-0.887000054073688,0.4439518901491516,0.0928369246187847,-0.7924036366982056,0.5960527056843924,0.4270680851715049,-0.4428052816980849,0.8507282740688984,-0.17408570175837,0.4211241334517311,0.8784703479103338,-0.3587173822138648,0.2673265366346837,0.4089203948091285,0.0113675714737453,-0.6450105155761413,0.6897998328297531,0.3921907947438866,-0.7136916925893444,-0.1105438795072258,-0.6470132482881303,0.3894102012967442,-0.094985067924233,0.6732763924306182,-0.6977412173243572,0.3850221854345589,0.1323986909435275,0.8911189434438803,0.4033274201764321,0.3751949774315558,0.7670110204458911,-0.4571261683008391,-0.423324266963578,0.3738436205936038,0.5599364067656969,-0.3402565005909342,-0.7362416989031144,0.3696077825687106,0.9054778524401884,0.4152144641877396,-0.0382865693482792,0.3691497091754647,-0.1259594134155487,-0.6745950545355707,0.687181922401932,0.3681040554534274,-0.9348287226220254,0.1020589616119247,0.2188659234514416,0.3567572620639153,0.0665860419981814,-0.6196560023361994,0.756592265348258,0.3425123718649038,0.2215383466798285,0.5776237151636661,-0.7634701096553894,0.3391540179331752,-0.6786428658540192,0.2510278408781276,-0.6367733336968622,0.3373010962552382,0,0,0,0,0,0,0,0,0,0,0,0,0,0,0,0,0,0,0,1,0,0,0,0,0,0,0,0,0,0,0,1,0,0,0,0,0,0,0,0,0,0,0,0,0,1,0,0,0,0,0,0,0,0,0,0,0,0,0,0,1,0,0,0,0,0,0,0,0,0,0,0,0,0,0,0,0,0,0,0,0,0,0,0,0,0,0,0,0,0,0,0,0,0,0,0,1,0,0,0,0,0,0,0,0,0,0,0,0,0,0,0,0,0,0,0,1,0,0,0,0,0,0,0,0,0,0,0,0,0,0,0,0,0,0,0,0,0,0,1,0,0,0,1,0,0,0,0,0,0,0,0,0,0,0,0,0,0,0,0,0,0,0,0,0,1,0,0,0,0,0,0,0,0,0,0,0,0,0,0,0,0,0,0,0,0,0,0,0,0,0,1,0,0,0,0,0,0,0,0,0,0,0,0,0,0,0,0,0,0,0,0,0,0,0,0,0,0,0,1,0,0,0,0,0,0,0,0,1,0,0,0,0,0,0,0,0,0,0,0,0,0,0,0,0,0,0,0,0,0,0,0,0,0,0,0,0,0,0,1,0,0,0,1,0,0,0,0,0,0,0,0,0,0,0,0,0,0,0,0,0,0,0,0,0,1,0,0,0,0,0,0,0,0,0,0,0,0,0,0,0,0,0,1,0,0,0,0,0,0,0,0,0,0,0,0,0,0,0,0,0,0,0,0,0,0,0,0,0,0,0,0,0,1,0,0,0,0,0,0,0,0,0,0,0,0,0,0,0,0,0,0,0,0,0,0,1,0,0,0,1,0,0,0,0,0,0,0,0,0,0,0,0,0,0,0,0,0,0,0,0,0,0,0,0,1,0,0,0,0,0,0,0,0,0,0,0,0,0,0,0,0,0,0,0,0,0,0,0,0,0,0,0,0,0,0,0,0,0,1,0,0,0,1,0,0,0,0,0,0,0,0,0,0,0,0,0,0,0,0,0,0,0,0,0,1,0,0,0,0,0,0,0,0,0,0,0,0,0,0,0,0,0,0,0,1,0,0,0,0,0,0,0,0,0,0,0,0,0,0,0,0,0,0,0,0,0,0,0,0,0,0,0,0,0,0,0,0,0,1,0,0,0,0,0,0,1,0,0,0,0,0,0,0,0,0,0,0,0,0,0,0,0,0,0,0,0,0,0,0,0,0,0,0,0,0,0,0,0,1,0,0,0,0,0,0,0,0,1,0,0,0,0,0,0,0,0,0,0,0,0,0,0,0,0,0,0,0,0,0,0,0,0,1,0,0,0,0,0,0,1,0,0,0,0,0,0,0,0,0,0,0,0,0,0,0,0,0,0,0,0,0,0,0,0,0,0,0,0,0,0,1,0,0,0,0,0,0,0,0,1,0,0,0,0,0,0,0,0,0,0,0,0,0,0,0,0,0,0,0,0,0,0,0,0,1,0,0,0,0,0,0,0,0,0,0,0,0,0,0,0,0,0,1,0,0,0,0,0,0,0,0,0,0,0,0,0,0,0,0,0,0,0,0,0,0,0,0,0,0,0,0,0,0,0,0,0,0,0,1,1,0,0,0,0,0,0,0,0,0,0,0,0,0,0,0,0,0,0,0,1,0,0,0,0,0,0,0,0,0,0,0,0,0,0,0,0,0,0,0,0,0,0,0,0,0,0,0,0,0,0,1,0,0,0,0,0,0,0,0,0,0,0,0,0,1,0,0,0,0,0,0,0,0,0,0,0,0,0,0,0,0,0,0,0,0,0,0,0,0,0,0,0,0,0,0,1,0,0,0,0,0,0,0,0,0,0,0,0,0,0,0,0,0,0,0,0,0,0,1,0,0,0,0,0,0,0,0,1,0,0,0,0,0,0,0,0,0,0,0,0,0,0,0,0,0,0,0,0,0,0,0,0,0,0,0,1,0,0,0,1,0,0,0,0,0,0,0,0,0,0,0,0,0,0,0,0,0,0,0,0,0,0,0,0,0,0,0,0,0,0,0,0,0,0,0,0,0,0,1,0,0,0,0,0,0,0,0,1,0,0,0,0,0,0,0,0,0,0,0,0,0,0,0,0,0,0,0,0,0,0,1,0,0,0,0,0,0,0,0,0,0,0,0,0,0,0,0,0,0,0,0,0,0,0,0,1,0,0,0,0,0,0,0,0,0,0,0,0,0,0,1,0,0,0,0,0,0,0,0,0,0,0,0,0,0,0,0,0,0,0,1,0,0,0,0,0,0,0,0
8.39,5,1.0,6.849848944910495e-18,1.6603410920717838e-17,1.0544612176745056,-0.8061693542601385,0.0146812184032888,0.2711394936907648,0.5948147603011659,0.7607453851718953,-0.6076733835268715,0.0617873641557159,0.5642033368137305,0.8614690424179907,0.5046685149369253,4.012113257182177e-17,0.5630523710143205,0.2155736065635944,-0.9500631141076276,0.1428588603323732,0.4931176127707601,0.0557977556930777,0.8557195254843389,-0.3876075414467052,0.4660407680915683,0.4428556013602412,0.8739620067288344,-0.0560680671376643,0.4448862535703712,-0.314856570184836,0.8074242889039844,-0.2450742653184648,0.4439518901491516,0.0036786788157745,0.7450679385160413,0.5416459994889002,0.4362563114315122,-0.3210657148534262,-0.2463530741274495,-0.8438489742714316,0.4289405062651942,0.0368402993358821,-0.9141914851550734,0.2104630920066991,0.4221208721361752,0.7592370973548832,-0.4633895890243864,0.3524633803134296,0.4169242136776394,0.0103190321270855,-0.9238249698611176,0.1599838850378291,0.4161343066197966,0.3019084761264388,-0.3816911846248709,-0.810047367588514,0.4082691049874551,0.0645581533375377,-0.9290210368174068,0.01131648859433,0.4027439621831436,-0.608662773804749,-0.0703746043669949,-0.6820130477385538,0.3879419066536372,-0.8691021448509766,0.056941699963143,0.1550981073639349,0.3780351869425714,0.7449930604837521,-0.5098000199034419,-0.3288859926134174,0.3763440543750652,0.9340326947395516,0.3291913977225258,-0.0001777125596013,0.3731870004790328,0.2174159882808619,0.8719474154546154,0.3354701296737153,0.3697495782926217,0.0800960138988002,0.6383442655847247,-0.6892850485547763,0.3666249492264885,0.5709745967604366,-0.367040167698011,-0.6683515530843782,0.3546277731415596,-0.7403830978763704,-0.5444692602581,-0.2330140392224761,0.3238319116651567,0.4877620809690981,0.8391808054772738,-0.1734715571392854,0.3226688990103787,-0.6402174857974419,0.3651757844522212,-0.593668105169886,0.2797189464146185,1,0,0,0,0,0,0,0,0,0,0,0,0,0,0,0,0,0,0,0,0,0,0,0,0,0,0,0,0,0,0,1,0,0,0,0,0,0,0,0,0,0,0,0,0,0,0,0,0,0,0,0,0,1,0,0,0,0,0,0,0,0,0,0,0,0,0,0,0,0,0,0,0,0,0,0,1,0,0,0,1,0,0,0,0,0,0,0,0,0,0,0,0,0,0,0,0,0,0,0,0,0,0,1,0,0,0,0,0,0,0,0,0,0,0,0,0,0,0,0,0,0,0,0,0,0,0,0,0,0,0,0,0,0,0,0,0,0,0,1,1,0,0,0,0,0,0,0,0,0,0,0,0,0,0,0,0,0,0,0,1,0,0,0,0,0,0,0,0,0,0,0,0,0,0,0,0,0,0,0,0,0,0,1,0,0,0,0,0,0,0,0,0,0,0,0,0,0,0,0,0,0,0,0,0,0,0,0,0,0,0,0,0,0,0,0,0,0,0,1,0,0,0,0,0,0,0,0,0,0,0,1,0,0,0,0,0,0,0,0,0,0,0,0,0,0,0,0,0,0,0,0,0,0,0,0,0,0,0,1,0,0,0,1,0,0,0,0,0,0,0,0,0,0,0,0,0,0,0,0,0,0,0,0,0,0,0,0,0,0,0,0,0,0,0,0,0,0,0,1,0,0,0,0,0,1,0,0,0,0,0,0,0,0,0,0,0,0,0,0,0,0,0,0,0,0,0,0,0,0,0,0,0,0,0,0,0,0,0,1,0,0,0,0,0,0,0,0,1,0,0,0,0,0,0,0,0,0,0,0,0,0,0,0,0,0,0,0,0,0,0,1,0,0,0,0,0,0,0,0,0,0,0,0,0,0,0,0,0,0,0,0,0,0,0,0,1,0,0,0,1,0,0,0,0,0,0,0,0,0,0,0,0,0,0,0,0,0,0,0,0,0,0,0,0,0,0,0,1,0,0,0,0,0,0,0,0,0,0,0,1,0,0,0,0,0,0,0,0,0,0,0,0,0,0,0,0,0,0,0,0,0,0,0,0,0,1,0,0,0,0,0,0,0,0,0,0,0,0,0,1,0,0,0,0,0,0,0,0,0,0,0,0,0,0,0,0,0,0,0,0,0,0,0,0,0,0,0,1,0,0,0,0,0,0,0,0,0,0,0,0,0,0,1,0,0,0,0,0,0,0,0,0,0,0,0,0,0,0,0,0,0,0,0,0,1,0,0,0,0,0,0,0,0,0,0,0,0,0,0,1,0,0,0,0,0,0,0,0,0,0,0,0,0,0,0,0,0,0,0,0,0,0,0,0,0,0,0,1,0,0,0,0,0,0,0,0,0,0,0,0,0,0,0,0,0,0,0,0,0,0,1,0,0,0,0,0,0,0,0,1,0,0,0,0,0,0,0,0,0,0,0,0,0,0,0,0,0,0,0,0,0,0,0,0,0,0,0,0,0,0,0,0,1,0,0,0,0,0,0,1,0,0,0,0,0,0,0,0,0,0,0,0,0,0,0,0,0,0,0,1,0,0,0,0,0,0,0,0,0,0,0,0,0,0,0,0,0,0,0,1,0,0,0,0,0,0,0,0,0,0,0,0,0,0,0,0,0,0,0,0,0,0,0,0,0,0,0,0,0,0,0,0,0,0,0,0,0,0,1,0,0,0,0,0,0,0,0,0,0,0,0,0,0,0,0,1,0,0,0,0,0,0,0,0,0,0,0,0,0,0,0,0,0,0,0,0,0,0,1,0,0,0,1,0,0,0,0,0,0,0,0,0,0,0,0,0,0,0,0,0,0,0,0,0,1,0,0,0,0,0,0,0,0,0,0,0,0,0,0,1,0,0,0,0,0,0,0,0,0,0,0,0,0,0,0,0,0,0,0,0,0,0,1,0,0,0,0,0,0,0,0,0,0,0,0,0,0,0,0,0,0,0,0,0,0,0,0,0,0,0,1,0,0,0,0,0,0,0,0,0,0,0,0,0,0,0,0,0,0,0,1,0,0,0,0,0,0,0,0,0,0,0,0,0,0,1,0,0,0,0,0,0,0,0,0,0,0,0,0,0,0,0,0,0,0,0,0,0,0,0,0,0,0,0,0,0,0,0,1,0,0,0,0,0,0,1,0,0,0,0,0,0,0,0,0,0,0,0,0,0,0,0,0,0,1,0,0,0,0,0,0,0,0,0,0,0,0,0,0,0,0,0,0,0,0,0,0,0,0,0,1,0,0,0,0,0,0,0,0
8.29,6,1.0,-4.990126621409347e-17,-4.541951519853623e-18,1.0547233158561886,-0.8779594752734002,0.0347093519100968,-0.1467443517437003,0.6001975153933378,0.8057620008909121,0.5784563053638416,4.144728646634175e-18,0.5568364217280952,0.7845610833951918,-0.5627776672920233,0.2029957861470904,0.5553656654778292,0.2662778262333669,-0.9324443585727742,0.1877629264040303,0.4835668195423811,0.3818658150320061,0.8730304042674184,-0.2027137749113432,0.4353701492613505,0.1242498760935501,0.7291873306008895,-0.6099105915406644,0.4264964233969984,0.7183441880365004,-0.4134238998327862,0.5253207703150423,0.4213534856639135,-0.0427389770793355,-0.8012169879664548,0.5499884400054081,0.4120558732099315,-0.2261325226406568,0.7403573826213117,-0.535349847366309,0.4082691049874551,0.1440185951351774,-0.9439958414290296,0.0370001869020785,0.392437690267469,0.5548889821823204,-0.4252185808066254,-0.6743803155941323,0.3849908199495314,0.1427767378182549,-0.9486840758332022,0.0176756647842272,0.3844354885962872,0.0510997068644533,0.9474136237269052,0.1363058442178367,0.3819661389274421,-0.8786491875998192,0.0917562725909339,-0.2332189792896243,0.3757838006180117,-0.026323830138878,-0.3518230135016713,-0.896264380410367,0.3727174758443857,0.8905493302650387,0.4146526580933264,0.1035084349426099,0.370913030796893,0.0202825594052396,-0.4873919760189402,0.8403148326436547,0.3610334414126402,0.8416419480381707,-0.4773431210423851,-0.1321144401397226,0.3593359533193521,-0.0486928640408349,0.8589779758248388,0.3735748138876081,0.3517725857101299,-0.3161269809000443,-0.1706605746225084,-0.8812791924715124,0.3497095851793698,-0.5851059783100226,-0.5673621722876998,-0.5130313760931562,0.340797027035188,0.2499562313372291,0.4956396976312196,-0.7926097469242269,0.3405867424065464,0.7574070050086653,-0.3809331799364339,-0.4824425750998639,0.3342163207897365,-0.7933700890868235,-0.0694768348237002,-0.4815585871045456,0.3135038509398625,0,0,0,1,0,0,0,0,0,0,0,0,0,0,0,0,0,0,0,0,0,0,0,0,0,0,0,0,0,0,0,1,0,0,0,0,0,0,0,0,0,0,0,0,0,0,0,0,0,0,0,1,0,0,0,0,0,0,0,0,0,0,0,0,0,0,0,0,0,0,0,0,0,0,0,0,1,0,0,0,1,0,0,0,0,0,0,0,0,0,0,0,0,0,0,0,0,0,0,0,1,0,0,0,0,0,0,0,0,0,0,0,0,0,0,0,0,0,0,0,0,0,0,1,0,0,0,0,0,0,0,0,0,0,0,0,0,0,0,0,0,0,0,1,0,0,0,0,0,0,0,0,0,0,0,0,0,0,0,0,0,0,0,1,0,0,0,0,0,0,0,0,0,0,0,0,0,0,0,0,0,0,0,1,0,0,0,0,0,0,0,0,0,0,0,0,0,0,0,0,1,0,0,0,0,0,0,0,0,0,0,0,0,0,0,0,0,0,0,0,0,0,0,1,0,0,0,0,0,0,0,0,0,0,0,0,0,0,0,0,1,0,0,0,0,0,0,0,0,0,0,0,0,0,0,0,0,0,0,0,0,0,0,0,0,0,0,0,0,0,0,1,0,0,0,0,0,0,0,0,0,0,0,1,0,0,0,0,0,0,0,0,0,0,0,0,0,0,0,0,0,0,0,0,0,0,1,0,0,0,0,0,0,0,0,0,0,0,0,0,0,0,0,1,0,0,0,0,0,0,0,0,0,0,0,0,0,0,0,0,1,0,0,0,0,0,0,0,0,0,0,0,0,0,0,0,0,0,0,0,1,0,0,0,0,0,0,0,0,0,0,0,0,0,0,0,0,0,0,0,0,0,0,0,0,1,0,0,0,0,0,0,0,0,0,0,0,0,0,0,0,0,0,1,0,0,0,0,0,0,0,0,0,0,0,0,0,0,0,0,0,0,0,0,0,0,0,0,1,0,0,0,0,0,0,0,0,0,0,0,0,0,0,1,0,0,0,0,0,0,0,0,0,0,0,0,0,0,0,0,0,0,0,0,0,1,0,0,0,0,0,0,0,0,0,0,0,0,0,0,0,0,0,1,0,0,0,0,0,0,0,0,0,0,0,0,0,0,0,0,0,0,0,0,0,0,0,0,1,0,0,0,0,0,0,0,0,0,0,0,1,0,0,0,0,0,0,0,0,0,0,0,0,0,0,0,0,0,0,0,0,0,0,1,0,0,0,0,0,0,0,0,0,0,0,0,0,0,0,0,0,0,0,0,0,0,0,0,0,0,0,1,0,0,0,0,0,0,0,0,1,0,0,0,0,0,0,0,0,0,0,0,0,0,0,0,0,0,0,0,0,0,0,0,0,1,0,0,0,0,0,0,0,0,0,0,0,0,0,0,0,0,0,0,0,0,0,0,0,0,0,0,0,0,0,0,1,0,0,0,1,0,0,0,0,0,0,0,0,0,0,0,0,0,0,0,0,0,0,0,0,0,0,0,0,0,0,0,0,0,0,0,0,0,0,0,1,0,0,0,0,0,0,1,0,0,0,0,0,0,0,0,0,0,0,0,0,0,0,0,0,0,0,0,0,0,0,0,0,0,0,0,0,0,0,0,1,0,0,0,0,0,0,1,0,0,0,0,0,0,0,0,0,0,0,0,0,0,0,0,1,0,0,0,0,0,0,0,0,0,0,0,0,0,0,0,0,0,0,0,1,0,0,0,0,0,0,0,0,0,0,0,0,0,0,0,0,0,0,0,0,0,0,0,0,0,0,0,1,0,0,0,0,0,0,0,0,0,0,0,0,0,0,0,0,1,0,0,0,0,0,0,0,0,0,0,0,0,0,0,1,0,0,0,0,0,0,0,0,0,0,0,0,0,0,0,0,0,0,0,0,0,0,0,0,1,0,0,0,0,0,0,0,0,0,0,0,0,0,0,0,0,0,0,0,0,1,0,0,0,0,0,0,0,0,0,0,0,0,0,0,0,0,0,0,0,0,0,0,0,0,0,0,0,0,0,0,0,0,1,1,0,0,0,0,0,0,0,0,0,0,0,0,0,0,0,0,0,0,0,0,0,0,1,0,0,0,0,0,0,0,0,0,0,0,0,0,0,0,0,0,0,0,0,0,0,0,0,0,0,0,1,0,0,0,0,0,0,0,0,0,0,0,0,0,1,0,0,0,0,0,0,0,0,0,0,0,0,0,0,0,0,0,0,0,0,0,0,0,0,0,1,0,0,0,0,0,0,0,0
8.3,7,1.0,-1.0695665438926948e-17,-1.4987097083531618e-17,1.051981779725507,0.7957537061897635,0.594746931005903,-6.885733725673012e-18,0.5820471289583675,-0.8519928358036386,-0.1018496573573186,-0.0645370990028679,0.5691412197068765,0.8006469160158367,-0.5288826377307214,0.2035194748897087,0.5465255399970352,0.3101739707867093,-0.9040169490944376,0.2468936136375891,0.4721871976670749,0.3349255865661268,0.8885230818845559,-0.1977706157875473,0.458126992690522,0.0433831037059474,0.7083689706070039,-0.5966935581509973,0.4534358715341241,0.5772095119344172,-0.283043251687754,-0.716553466239963,0.4213528678080626,0.7638824646398505,-0.3243982783943899,0.4890302303188281,0.4188100684152019,0.1502945342875309,-0.949157677436998,0.0371982992544352,0.4130256056691521,0.0134893020965952,0.947484932207772,0.14938083973941,0.3936351447114502,0.1854817069168478,-0.9287551610286808,0.1611173063965016,0.3890295855300747,-0.2690413904632987,0.708095998839719,-0.51779405705586,0.3849908199495314,-0.0206286008367624,-0.4450528334227759,-0.8419295831384673,0.3830054855957597,0.8770300663842878,0.4436894229806691,0.0778079535318866,0.3794223804465254,-0.041606933500694,-0.7389427551816663,0.6372196185673056,0.37712737965748,-0.8593594228809895,-0.0447122746012589,-0.1990799227098282,0.3687447472488218,0.0481064084269347,-0.4110314735662508,0.8660066764195476,0.3607898361614214,0.8317569959944662,-0.4665757395616572,-0.147477220490256,0.3602151870960086,-0.1066229049783468,0.8197561327861427,0.3340387051960067,0.3579878223004932,0.1719222250606125,0.4318170798484018,-0.8108924269133219,0.353237764527472,-0.3243379120683763,-0.2907315357542415,-0.8239653378629125,0.3526226066662353,-0.0929468379758467,0.862270285891841,0.3990884284975869,0.3496042104520219,0.7054998489948012,-0.4079123261178524,-0.5103836310972714,0.3424852145560286,-0.5686438875077588,-0.6320646772444376,-0.4308031948761024,0.3087807106470431,0,0,0,1,0,0,0,0,0,0,0,0,0,0,0,0,0,0,0,0,0,0,0,0,0,0,0,0,0,0,0,1,0,0,0,0,0,0,0,0,0,0,0,1,0,0,0,0,0,0,0,0,0,0,0,0,0,0,0,0,1,0,0,0,0,0,0,0,0,0,0,0,0,0,0,0,0,0,0,0,0,0,0,0,0,1,0,0,0,0,0,0,0,0,0,0,0,0,0,0,0,0,0,0,0,0,0,0,0,0,0,0,0,0,0,0,1,0,0,0,0,0,0,1,0,0,0,0,0,0,0,0,0,0,0,0,0,0,0,0,0,0,0,1,0,0,0,0,0,0,0,0,0,0,0,0,0,0,0,0,0,0,0,1,0,0,0,0,0,0,0,0,0,0,0,0,0,0,0,0,0,0,0,1,0,0,0,0,0,0,0,0,0,0,0,0,0,0,0,0,0,0,0,1,0,0,0,0,0,0,0,0,0,0,0,0,0,0,0,0,0,0,0,1,0,0,0,0,0,0,0,0,0,0,0,0,0,0,0,0,0,0,0,1,0,0,0,0,0,0,0,0,0,0,0,0,0,0,0,0,0,0,0,0,0,0,0,0,0,0,0,1,0,0,0,0,0,0,0,0,0,0,0,0,0,0,0,0,0,0,0,0,0,0,0,0,0,1,0,0,0,0,0,0,0,1,0,0,0,0,0,0,0,0,0,0,0,0,0,0,0,0,0,1,0,0,0,0,0,0,0,0,0,0,0,0,0,0,0,0,0,0,0,0,0,0,1,0,0,0,0,0,0,0,0,0,0,0,0,0,0,0,0,1,0,0,0,0,0,0,0,0,0,0,0,0,0,0,0,0,0,0,0,0,0,0,0,0,1,0,0,0,0,0,0,0,0,0,0,0,0,0,0,1,0,0,0,0,0,0,0,0,0,0,0,0,0,0,0,0,0,0,0,1,0,0,0,0,0,0,0,0,0,0,0,0,0,0,0,0,0,0,0,1,0,0,0,0,0,0,0,0,0,0,0,0,0,0,0,0,0,0,0,0,0,0,0,0,1,0,0,0,0,0,0,0,0,0,0,0,0,0,0,1,0,0,0,0,0,0,0,0,0,0,0,0,0,0,0,0,0,0,0,0,0,1,0,0,0,0,0,0,0,0,0,0,0,0,0,0,0,0,0,0,0,0,0,0,0,0,0,0,0,0,0,0,0,0,0,1,0,0,0,0,0,0,0,0,0,0,0,0,0,0,0,0,1,0,0,0,0,0,0,1,0,0,0,0,0,0,0,0,0,0,0,0,0,0,0,0,0,0,0,0,0,0,0,0,0,0,0,0,0,0,0,0,1,0,0,0,0,0,0,1,0,0,0,0,0,0,0,0,0,0,0,0,0,0,0,0,1,0,0,0,0,0,0,0,0,0,0,0,0,0,0,0,0,0,0,0,0,0,0,0,0,1,0,0,0,0,0,0,0,0,0,0,0,0,0,0,1,0,0,0,0,0,0,0,0,0,0,0,0,0,0,0,0,0,0,0,0,0,0,1,0,0,0,0,0,0,0,0,0,0,0,0,0,0,0,0,0,0,0,0,0,0,0,0,0,0,0,0,0,0,0,0,1,0,0,0,0,0,0,1,0,0,0,0,0,0,0,0,0,0,0,0,0,0,0,0,1,0,0,0,0,0,0,0,0,0,0,0,0,0,0,0,0,0,0,0,0,0,0,1,0,0,0,0,0,0,0,0,0,0,0,0,0,0,0,0,0,0,0,0,0,0,0,0,1,0,0,0,0,0,0,0,0,0,0,0,1,0,0,0,0,0,0,0,0,0,0,0,0,0,0,0,0,0,0,0,1,0,0,0,0,0,0,0,0,0,0,0,0,0,0,0,0,0,0,0,0,0,0,0,0,0,0,0,0,0,0,0,0,0,0,0,0,0,0,1,1,0,0,0,0,0,0,0,0,0,0,0,0,0,0,0,0,0,0,0,0,0,0,1,0,0,0,0,0,0,0,0,0,0,0,0,0,0,0,0,0,0,0,0,0,0,0,0,1,0,0,0,0,0,0,0,0,0,0,0,0,0,0,0,0,0,0,0,0,0,0,0,0,0,0,0,0,1,0,0,0,0,0,0,0,0,0,0,0,0,0,1,0,0,0,0,0,0,0,0,0,0,0,0,0,0,0,0,0,0,0,0,0,0,0,0,0,0,0,1,0,0,0,0,0,0,1,0,0,0,0,0,0,0,0,0,0,0,0,0
8.9,8,1.0,1.2556065589315973e-17,-8.03683925607092e-18,1.0554478973160697,-0.6103957617241215,-0.2330393285159047,0.7239465742770268,0.5953270230039072,0.8163355006063722,0.5766025521806676,-1.3859735632726333e-17,0.5554448216138311,0.8216527794307751,-0.5370035885327911,-0.171499053638101,0.5345613304715651,-0.1818092563987031,0.9695820655373848,-0.0852575024021281,0.5081998523482923,-0.5709040431225512,-0.2235643199437893,-0.7751131218314231,0.4856023569303577,0.1170302346766445,-0.9320067408412228,0.0607719248761695,0.4598709198751047,0.3405504891384533,0.9267544665448018,0.1388777178168384,0.4572240832130129,0.1579788417375763,-0.1235830332917463,-0.9694669930583693,0.4536798672661087,0.3766384166858394,-0.9198297596807434,-0.0430630771921422,0.4521395128908577,-0.8661756497309872,-0.089020431412082,-0.4575792254167289,0.4359569195675918,0.1251983391367648,-0.9276838534254452,0.0837338548298127,0.4290497000018863,-0.4365189903077884,0.8634756600842088,0.1563606530884008,0.4213528678080626,-0.2435990748990225,0.8156186759893945,-0.5059890823766328,0.405782998788059,0.8996041574838769,-0.4136752048076742,0.093602375229651,0.3922234348340947,-0.7813256802598219,-0.132712323589853,0.5764021234631566,0.3900684099362345,0.7118452766587483,-0.3694157475850561,-0.5898416375461587,0.3826904339062228,0.4434518447556337,-0.2003209460507383,-0.8681463137119427,0.3685393699003859,0.8915448202477043,0.4335049092226946,-0.1159112499111006,0.3673107464521202,-0.8453908958978816,0.33643010596733,-0.3719626186101984,0.3670548580182598,0.2439950613829765,0.7816117699890156,0.5665390848080879,0.3634422228300904,0.214720942020684,0.610094546539502,0.7116337059404085,0.36092389016901,-0.7282917861657173,-0.6549860790587877,-0.0906724826232719,0.3606904886128538,-0.9046579245748316,-0.3718687265759677,-0.1106429010233526,0.3547089496162511,0.05416015357999,0.7289645351146443,-0.6730616574366768,0.3493437584869999,0,0,0,0,0,0,0,0,0,0,0,0,0,0,0,0,0,1,0,0,0,0,0,0,0,0,0,0,0,0,0,1,0,0,0,0,0,0,0,0,0,0,0,0,0,0,0,0,0,0,0,0,0,0,0,0,0,0,0,1,0,0,0,0,0,0,0,0,0,0,0,0,0,0,0,0,1,0,0,0,0,0,0,1,0,0,0,0,0,0,0,0,0,0,0,0,0,0,0,0,1,0,0,0,0,0,0,0,0,0,0,0,0,0,0,0,0,0,0,0,0,0,0,0,0,0,0,0,0,0,0,0,0,0,0,0,0,1,0,0,0,0,0,1,0,0,0,0,0,0,0,0,0,0,0,0,0,0,0,0,0,0,0,1,0,0,0,0,0,0,0,0,0,0,0,0,0,0,0,0,0,0,0,0,0,0,0,0,0,0,0,1,0,0,0,0,0,0,0,0,1,0,0,0,0,0,0,0,0,0,0,0,0,0,0,0,0,0,0,0,0,0,0,0,0,0,0,0,0,0,0,0,0,0,0,0,1,0,0,0,0,0,0,0,0,0,0,0,0,0,0,0,0,0,0,0,0,1,0,0,0,0,0,0,0,0,0,0,1,0,0,0,0,0,0,0,0,0,0,0,0,0,0,1,0,0,0,0,0,0,0,0,0,0,0,0,0,0,0,0,0,0,0,1,0,0,0,0,0,0,0,0,0,0,0,0,0,0,0,0,0,0,0,0,0,0,0,0,0,0,1,0,0,0,0,0,0,0,0,0,0,0,0,0,0,1,0,0,0,0,0,0,0,0,0,0,0,0,0,0,0,0,0,0,0,0,0,0,0,0,0,0,0,0,0,0,0,1,0,0,0,0,0,1,0,0,0,0,0,0,0,0,0,0,0,0,0,0,0,0,1,0,0,0,0,0,0,0,0,0,0,0,0,0,0,0,0,0,0,0,1,0,0,0,0,0,0,0,0,0,0,0,0,0,0,0,0,0,0,0,0,0,0,0,0,0,0,0,0,0,0,0,0,0,0,0,0,1,0,0,0,0,0,0,0,0,0,0,1,0,0,0,0,0,0,0,0,0,0,0,0,0,0,1,0,0,0,0,0,0,0,0,0,0,0,0,0,0,0,0,0,0,0,0,0,1,0,0,0,0,0,0,0,0,0,0,0,0,0,0,0,0,0,1,0,0,0,0,0,0,0,0,0,0,0,0,0,0,0,0,1,0,0,0,0,0,0,0,0,0,0,0,0,0,0,0,0,0,0,0,0,0,0,0,0,0,0,0,0,0,0,0,0,0,0,0,0,1,0,0,0,0,0,0,0,0,1,0,0,0,0,0,0,0,0,0,0,0,0,0,0,0,0,0,0,0,0,0,0,0,0,0,0,0,0,0,0,0,0,1,1,0,0,0,0,0,0,0,0,0,0,0,0,0,0,0,0,0,0,0,0,0,0,0,0,0,0,0,0,0,0,0,0,0,0,0,0,1,0,0,1,0,0,0,0,0,0,0,0,0,0,0,0,0,0,0,0,0,0,0,0,0,0,0,0,0,0,0,0,0,1,0,0,0,0,0,0,0,0,0,0,0,0,0,0,0,0,0,0,0,0,1,0,0,0,0,0,0,0,0,0,0,0,1,0,0,0,0,0,0,0,0,0,0,0,0,0,0,0,0,0,0,0,0,0,0,0,0,0,0,0,0,0,0,0,0,1,0,0,0,0,0,0,1,0,0,0,0,0,0,0,0,0,0,0,0,0,0,0,0,0,0,0,0,0,0,0,0,0,0,0,1,0,0,0,0,0,0,0,0,0,0,0,1,0,0,0,0,0,0,0,0,0,0,0,0,0,0,0,0,0,0,0,1,0,0,0,0,0,0,0,0,0,0,0,0,0,0,0,0,0,0,0,1,0,0,0,0,0,0,0,0,0,0,0,0,0,0,0,0,0,0,0,0,0,0,0,0,1,0,0,0,0,0,0,0,0,0,0,0,1,0,0,0,0,0,0,0,0,0,0,0,0,0,0,0,0,0,0,0,0,0,0,0,0,0,1,0,0,0,0,0,0,0,0,0,0,0,0,0,1,0,0,0,0,0,0,0,0,0,0,0,0,0,0,0,0,0,0,0,0,0,0,1,0,0,0,0,0,0,0,0,0,0,0,0,0,0,0,0,0,0,0,1,0,0,0,0,0,0,0,0,0,0,0,0,0,0,0,0,0,0,0,0,0,0,0,0,0,0,0,0,0,0,0,0,1,0,0,0
8.33,9,1.0,6.6137383331503736e-18,-6.290233671966846e-18,1.0553460645986692,-0.8460119766493296,0.1609213260669791,0.3204550770379479,0.6042168441961595,0.77339610278443,-0.6063090860001059,0.0594018878609027,0.5585757322206347,0.828725100174448,0.556152388163125,1.2427302263161392e-18,0.5572247519050799,0.2330525378884456,-0.9500793691567544,0.1242882322515364,0.4878139095826562,-0.373265038117088,0.8322690771813251,-0.2491684650097797,0.4536798672661087,0.0119962993884858,0.8870737573640095,-0.3769751882182656,0.4427689400471936,-0.1483501620069777,-0.5513673056045496,0.7776087706452528,0.4425202384347486,0.4020852343846455,0.8998238780537966,-0.0449245293929528,0.4309201061971309,0.3806731920507196,-0.3325994726228088,-0.8244640626251438,0.426847854890745,0.7805980685420333,-0.4482756853903362,0.3609612939669361,0.4195007199507106,-0.3672967206567571,-0.2132667971382395,-0.8588961841211828,0.418710217196747,0.0779978316871534,-0.9587554764007792,-0.0997862061675232,0.4118935464133794,0.0831825912271204,-0.9575599706457172,-0.1038572384017802,0.4105233742332999,-0.0032576759940548,-0.8047421666422533,0.5492261354290109,0.398054424093535,-0.8924812828105164,0.2139670328614452,0.1760697876010295,0.3818428094758784,0.0607334227347466,0.1522756410518002,0.9435992153929718,0.379687425270657,-0.635110047776154,0.0024606890116436,-0.7059625551207355,0.377026766267985,0.9262931768381024,0.3581981681114338,-0.0076302165077056,0.3737097898641812,0.7650485705800301,-0.509609786895321,-0.3333806720152402,0.3731560435659665,0.068408764609767,0.6550173061375005,-0.7029819716096226,0.3626050171841949,0.194296412725606,0.8910946054944562,0.3548167134492517,0.3605659179010582,0.6209646851913936,-0.3390704044741729,-0.6718868458923795,0.3509413291779403,-0.7915523683535521,-0.4501908104619742,-0.3254117043939247,0.3379944193818692,-0.8469997927411946,-0.1449517556630181,-0.4160641358495725,0.293515370673155,0,0,0,0,0,0,0,0,0,0,1,0,0,0,0,0,0,0,0,0,0,0,0,0,0,0,0,0,0,0,0,1,0,0,0,0,0,0,0,0,1,0,0,0,0,0,0,0,0,0,0,0,0,0,0,0,0,0,0,0,0,0,0,0,0,0,0,0,0,0,0,0,0,0,0,0,1,0,0,0,0,0,0,0,0,0,0,0,0,0,1,0,0,0,0,0,0,0,0,0,0,0,0,1,0,0,0,0,0,0,0,0,0,0,0,0,0,0,0,0,0,0,0,0,0,0,0,0,0,0,0,0,0,0,0,0,0,1,0,0,1,0,0,0,0,0,0,0,0,0,0,0,0,0,0,0,0,0,0,0,0,0,0,0,0,0,0,0,0,0,1,0,0,0,0,0,0,0,0,0,0,0,0,1,0,0,0,0,0,0,0,0,0,0,0,0,0,0,0,0,0,0,0,0,0,0,0,0,0,0,0,0,0,0,0,0,0,1,0,0,0,0,0,0,0,1,0,0,0,0,0,0,0,0,0,0,0,0,0,0,0,0,0,0,0,0,0,0,0,0,0,0,0,0,0,0,0,1,0,0,0,0,0,0,0,0,0,0,0,0,0,1,0,0,0,0,0,0,0,0,0,0,0,0,0,0,0,0,0,0,1,0,0,0,0,0,0,0,0,0,0,0,0,0,0,0,0,0,1,0,0,0,0,0,0,0,0,0,0,0,0,0,0,0,0,0,0,0,0,0,0,0,0,0,0,0,0,1,0,0,0,0,0,1,0,0,0,0,0,0,0,0,0,0,0,0,0,0,0,0,0,0,0,0,0,0,0,0,0,0,0,1,0,0,0,0,0,0,0,0,0,0,0,0,0,1,0,0,0,0,0,0,0,0,0,0,0,0,0,0,0,0,0,0,0,0,0,0,0,0,1,0,0,0,0,0,0,0,0,0,0,0,0,0,0,0,1,0,0,0,0,0,0,0,0,0,0,0,0,0,0,0,0,1,0,0,0,0,0,0,0,0,0,0,0,0,0,0,0,0,0,0,0,0,0,0,0,0,0,0,0,0,0,0,0,0,1,0,0,0,0,0,0,0,0,0,0,0,0,0,1,0,0,0,0,0,0,0,0,0,0,0,0,0,0,0,0,0,1,0,0,0,0,0,0,0,0,0,0,0,0,0,0,0,0,0,0,0,0,0,1,0,0,0,0,0,0,0,0,0,0,0,0,0,0,0,0,0,1,0,0,0,0,0,0,0,0,0,0,0,0,0,0,0,0,0,0,0,0,0,1,0,0,0,0,0,0,0,0,0,0,0,0,1,0,0,0,0,0,0,0,0,0,0,0,0,0,0,0,0,1,0,0,0,0,0,0,0,0,0,0,0,0,0,0,0,0,0,0,0,1,0,0,0,0,0,0,0,0,0,0,0,0,0,0,0,0,0,0,0,0,0,0,0,0,0,0,0,0,0,0,0,0,0,0,0,0,1,0,0,0,0,0,0,0,0,0,1,0,0,0,0,0,0,0,0,0,0,0,0,0,0,0,1,0,0,0,0,0,0,0,0,0,0,0,0,0,0,0,0,1,0,0,0,0,0,0,0,0,0,0,0,0,0,0,0,0,0,0,0,0,0,0,0,0,0,0,0,0,0,0,0,0,0,0,0,0,1,0,0,0,0,0,0,0,0,0,0,0,0,0,0,0,0,0,0,1,0,0,0,0,0,0,0,0,0,0,0,0,0,1,0,0,0,0,0,0,0,0,0,1,0,0,0,0,0,0,0,0,0,0,0,0,0,0,0,0,0,0,0,0,0,0,1,0,0,0,0,0,0,0,0,0,0,0,0,0,0,0,0,1,0,0,0,0,0,0,0,0,0,0,0,0,0,0,0,0,0,0,0,0,0,0,0,0,0,0,0,0,0,0,0,0,0,0,0,0,1,0,0,0,0,0,1,0,0,0,0,0,0,0,0,0,0,0,0,0,0,0,0,0,0,0,0,0,0,0,0,0,0,0,1,0,0,0,0,0,0,0,0,0,0,0,0,0,0,0,0,0,0,0,1,0,0,0,0,0,0,0,0,0,0,0,1,0,0,0,0,0,0,0,0,0,0,0,0,0,0,0,0,0,0,0,0,0,0,1,0,0,0,0,0,0,0,0,0,0,0,0,0,0,0,0,1,0,0,0,0,0,0,0,0,0,0,0,0,0,0,0,0,0,0,0,1,0,0,0,0,0,0,0,0,0,0,0,0,0,0,0,0
7.61,10,1.0,-1.1716030294042344e-17,-1.1449589042621565e-17,1.0529414030501767,0.7622059764786698,0.6335917722768343,-8.694154140397016e-18,0.5829107140963606,-0.9078448540197628,-0.0485071713264575,0.056839446526476,0.5366123336739556,0.8243741953472453,-0.5166348120622045,0.1737242660234814,0.5352829366894339,-0.0371966067991838,0.7382205081886253,-0.5900617309794448,0.4630820979202025,0.353155311890521,-0.8998683527091238,0.201160203912464,0.4620004637228946,0.2814514172150101,0.9108605952509023,-0.1898029814783382,0.4566751335907131,-0.3920824481825499,0.7150728670441532,-0.4703693307255663,0.426847854890745,-0.000953917642202,-0.5505051539345199,0.7865993657793954,0.4227764152521403,0.5306843643837185,-0.3238721383677294,-0.7620003805492639,0.4172916962439835,0.7916904712576764,-0.3225761095264951,0.4818739746895374,0.4157987944636624,0.0173133233339919,-0.7821585995598158,0.5900138811887492,0.4117050323760687,-0.131936182740592,-0.462997559210218,-0.8391964764548201,0.3976163599713249,0.2472648112120989,-0.933749747595624,-0.0400036735370373,0.3924047488894566,-0.0697051507759086,0.8541421999397182,0.4345107131672395,0.3908148333451493,-0.0689281943380635,0.8331484142072794,0.3713567840490877,0.3883872166087065,-0.0123740659622357,0.9506410906172766,0.1844236589911626,0.3827545780929564,0.8599047169256486,0.4779417581873622,0.0810062338550479,0.3796296724596626,0.0753352681773823,0.4559571374643985,-0.8351929553383675,0.3643328502751582,0.3117752811263615,-0.9096074944667296,0.0377341315506749,0.3625344439690782,-0.442472892866408,-0.2829461972445588,-0.7949800649079185,0.3608693672784937,0.861915113139484,-0.4350865743462974,-0.1768546582270495,0.3553337287373946,-0.9233990425752034,-0.0095823824100389,-0.0912935072493562,0.3548245895198783,-0.0025301574957872,-0.5796022593963731,0.7750690066564877,0.3506350966561541,0.7347496533674353,-0.3511371721548352,-0.5515225341048869,0.3479997376458692,0,0,0,0,0,0,0,0,0,0,0,1,0,0,0,0,0,0,0,0,0,0,0,0,0,0,0,0,0,0,0,1,0,0,0,0,0,0,0,0,0,0,0,0,0,0,0,0,0,0,1,0,0,0,0,0,0,0,0,0,1,0,0,0,0,0,0,0,0,0,0,0,0,0,0,0,0,0,0,0,0,0,0,1,0,0,0,0,0,0,0,0,0,0,0,0,0,0,0,0,0,0,0,0,0,0,0,0,0,0,0,0,0,0,0,0,1,0,0,0,0,0,0,0,0,0,0,0,0,0,0,1,0,0,0,0,0,0,0,0,0,0,0,1,0,0,0,0,0,0,0,0,0,0,0,0,0,0,0,0,0,0,0,0,0,0,0,0,0,0,1,0,0,0,0,0,0,0,0,0,0,0,0,0,0,0,0,0,0,0,0,1,0,0,0,0,0,0,0,0,0,0,0,0,0,0,0,0,0,0,0,1,0,0,0,0,0,0,0,0,0,0,0,1,0,0,0,0,0,0,0,0,0,0,0,0,0,0,0,0,0,0,0,0,0,0,0,0,0,0,1,0,0,0,0,0,0,0,0,0,0,0,0,1,0,0,0,0,0,0,0,0,0,0,0,0,0,0,0,0,0,0,0,0,0,0,0,0,0,0,1,0,0,0,0,0,0,0,0,0,0,0,0,0,0,1,0,0,0,0,0,0,0,0,0,0,0,0,0,0,0,0,0,0,0,0,0,0,0,0,0,1,0,0,0,0,0,0,0,0,0,0,0,0,0,0,0,0,1,0,0,0,0,0,0,0,0,0,0,0,0,0,0,0,0,1,0,0,0,0,0,0,0,0,0,0,0,0,0,0,0,0,0,0,0,1,0,0,0,0,0,0,0,0,0,0,0,0,0,0,0,0,0,0,0,0,0,0,0,0,0,1,0,0,0,0,0,0,0,0,0,0,0,0,0,0,1,0,0,0,0,0,0,0,0,0,0,0,0,0,0,0,0,0,0,0,0,0,0,0,0,1,0,0,0,0,0,0,0,0,0,0,0,1,0,0,0,0,0,0,0,0,0,0,0,0,0,0,0,0,0,0,0,1,0,0,0,0,0,0,0,0,0,0,0,0,0,0,0,0,0,0,0,0,0,0,0,0,0,0,0,0,0,0,0,0,1,0,0,0,0,0,0,0,0,0,0,0,0,0,0,1,0,0,0,0,0,0,0,0,0,0,0,0,0,0,0,0,1,0,0,0,0,0,0,0,0,0,0,0,0,0,0,0,0,0,0,0,0,0,1,0,0,0,0,0,0,0,0,0,0,0,0,0,0,0,0,0,1,0,0,0,0,0,0,0,0,0,0,0,0,0,0,0,0,0,0,0,0,0,1,0,0,0,0,0,0,0,0,0,0,0,0,0,0,0,0,0,1,0,0,0,0,0,0,0,0,0,0,0,0,0,0,0,0,0,0,0,0,0,1,0,0,0,0,0,0,0,0,0,0,0,0,1,0,0,0,0,0,0,0,0,0,0,0,0,0,0,0,0,0,0,0,0,0,0,0,0,0,0,1,0,0,0,0,0,0,0,0,0,0,0,0,0,0,0,0,0,0,0,0,0,0,0,0,0,1,0,0,0,0,0,0,0,0,0,0,0,0,0,0,0,0,0,0,0,0,1,0,0,1,0,0,0,0,0,0,0,0,0,0,0,0,0,0,0,0,0,0,0,0,0,0,0,0,0,0,0,0,0,0,1,0,0,0,0,0,0,0,0,0,0,0,0,0,0,0,0,1,0,0,0,0,0,0,0,0,0,0,0,0,0,0,1,0,0,0,0,0,0,0,0,0,0,0,0,0,0,0,0,1,0,0,0,0,0,0,0,0,0,0,0,0,0,0,0,0,0,0,0,0,0,0,0,0,0,0,0,0,0,0,1,0,0,0,0,0,0,0,0,1,0,0,0,0,0,0,0,0,0,0,0,0,0,0,0,0,0,0,0,0,0,0,1,0,0,0,0,0,0,0,0,0,0,0,0,0,0,0,0,1,0,0,0,0,0,0,0,0,0,0,0,0,0,0,0,0,0,0,0,0,0,0,0,0,0,0,0,0,0,0,1,0,0,0,0,0,0,0,0,0,0,0,0,0,0,0,0,1,0,0,0,0,0,0,0,0,0,0,0,0,0,0,0,0,1,0,0,0,0,0,0,0,0,0,0,0,0,0,0,0,0,0,0,0,0,0,0,0,0,0,1,0,0,0,0,0,0,0,0
7.27,11,1.0,1.4277382122161706e-17,8.296702393508632e-18,1.055622198293931,-0.8313673714347928,0.0436207881651184,0.4045453789386203,0.5764897781571955,0.8144948735771674,-0.5553044411183524,0.0437891134201857,0.5387800479407245,0.8415978574761989,0.5353123422452404,-4.650120030847032e-18,0.5373500525578875,-0.0075162796428023,0.8544966840471021,-0.4214678018235879,0.4863612288588855,-0.3375247562823883,-0.3755665490552282,-0.8152922647634113,0.4690608958070296,0.3344104034027302,-0.9191965261032924,0.167525675705295,0.4642770272217603,0.3962092567443779,0.8986102576479986,-0.0677960811993533,0.4507956541052733,0.3374129667004107,-0.4428897322130359,-0.772155845832347,0.4245339711005876,-0.354762441020862,0.8291096039067352,-0.2770641876396153,0.4172916962439835,-0.6565180967955668,-0.1755569714847256,-0.6631762541728475,0.409724138459807,0.127557585387458,-0.9465997072489236,0.0398796073527643,0.4019423469170861,0.8683353334716752,-0.3570393062976865,0.2742061876368796,0.3990868836654187,0.0167831402655161,0.6000850061353524,-0.7409894274214304,0.3782708486450786,0.1679858130129369,0.896976134399471,0.3415668401207641,0.3772918544799335,0.776940327064038,-0.4711389622440071,-0.3582242471497731,0.3702090191391359,0.5885549590910272,-0.3970179687958469,-0.6623119776156633,0.3670949713523311,0.2519438117692775,-0.9325199297660924,0.0026746799790447,0.3659661594602129,0.099207248589848,-0.7756485825048611,0.6000383809720284,0.3640844834920925,0.913558295935214,0.3905949310614202,-0.0126302536337531,0.3571043972104507,-0.5934096060146065,0.2110286607537671,-0.6928489129268156,0.3477625149992494,-0.9229155039923068,0.0888369393526952,0.173539782231379,0.3454302526944974,0.0034162818466208,0.7700930892690636,0.5540632497975013,0.3341670634959578,-0.731696069687841,-0.6238328622474046,-0.1948141317831771,0.3248999114488365,-0.8509030819740033,-0.3476063303913984,-0.3005153881194644,0.3086107547876962,0,0,0,0,0,1,0,0,0,0,0,0,0,0,0,0,0,0,0,0,0,0,0,0,0,0,0,0,0,0,0,1,0,0,0,0,0,0,0,0,0,0,0,1,0,0,0,0,0,0,0,0,0,0,0,0,0,0,0,0,0,0,0,0,0,0,0,0,0,0,0,0,0,0,0,0,1,0,0,0,0,0,0,0,0,1,0,0,0,0,0,0,0,0,0,0,0,0,0,0,0,0,0,1,0,0,0,0,0,0,0,0,0,0,0,0,0,0,0,0,0,0,0,0,0,0,0,0,0,0,0,1,0,0,0,0,0,0,0,0,1,0,0,0,0,0,0,0,0,0,0,0,0,0,0,0,0,0,0,0,0,0,0,0,0,0,0,0,0,0,0,1,0,0,0,0,0,0,0,0,0,0,0,0,0,0,0,0,0,0,0,1,0,0,0,0,0,0,0,0,0,0,0,0,0,0,0,0,0,0,0,0,0,0,0,0,0,1,0,0,0,0,0,0,0,0,0,0,0,0,0,0,0,0,0,0,1,0,0,0,0,0,0,0,0,1,0,0,0,0,0,0,0,0,0,0,0,0,0,0,0,0,0,1,0,0,0,0,0,0,0,0,0,0,0,0,0,0,0,0,0,0,0,0,0,0,0,0,0,0,0,1,0,0,0,0,0,0,0,0,0,0,0,1,0,0,0,0,0,0,0,0,0,0,0,0,0,0,0,0,0,0,0,0,0,0,0,0,0,0,0,0,0,0,0,0,0,0,1,0,0,0,0,0,0,1,0,0,0,0,0,0,0,0,0,0,0,0,0,0,0,0,0,0,0,0,0,0,0,0,0,1,0,0,0,0,0,0,0,0,0,0,0,0,0,1,0,0,0,0,0,0,0,0,0,0,0,0,0,0,0,0,0,0,0,0,0,0,0,0,0,0,0,0,0,0,0,1,0,0,1,0,0,0,0,0,0,0,0,0,0,0,0,0,0,0,0,0,0,0,0,0,0,0,0,1,0,0,0,0,0,0,0,0,0,0,0,0,0,0,0,0,0,0,0,0,0,0,1,0,0,0,0,0,0,0,0,0,0,0,0,0,0,0,0,1,0,0,0,0,0,0,0,0,0,0,0,0,0,0,0,0,0,0,0,0,1,0,0,0,0,0,0,0,0,0,0,0,0,0,0,0,0,0,0,0,0,0,0,0,1,0,0,0,0,0,0,0,0,0,1,0,0,0,0,0,0,0,0,0,0,0,0,0,0,0,0,0,0,0,0,0,0,0,0,0,0,0,0,0,0,1,0,0,0,0,0,0,0,0,0,0,0,1,0,0,0,0,0,0,0,0,0,0,0,0,0,0,0,0,0,0,0,0,0,1,0,0,0,0,0,0,0,0,0,0,0,0,0,0,1,0,0,0,0,0,0,0,0,0,0,0,0,0,0,0,0,0,0,0,0,0,0,0,0,0,0,0,0,0,0,0,0,0,0,0,0,0,1,0,0,0,0,0,0,0,0,0,0,0,0,1,0,0,0,0,0,0,0,0,0,0,0,0,0,1,0,0,0,0,0,0,0,0,0,0,0,0,0,0,0,0,0,0,0,0,0,0,1,0,0,0,0,0,0,0,0,0,0,0,0,0,0,0,0,1,0,0,0,0,0,0,0,0,0,0,0,0,0,0,0,0,0,1,0,0,0,0,0,0,0,0,0,0,0,0,0,0,0,0,0,0,0,0,0,0,0,0,0,0,0,1,0,0,0,0,0,0,0,0,0,0,0,0,0,0,0,0,0,0,0,0,0,0,0,0,1,0,0,0,0,0,0,0,0,0,0,0,0,0,1,0,0,0,0,0,0,0,0,0,0,0,0,0,0,0,0,0,0,0,0,1,0,0,0,0,0,0,0,0,0,0,0,1,0,0,0,0,0,0,0,0,0,0,0,0,0,0,0,0,1,0,0,0,0,0,0,0,0,0,0,0,0,0,0,0,0,0,0,0,0,0,0,0,0,0,0,0,0,0,0,1,0,0,0,0,0,0,0,0,0,0,0,0,0,0,0,0,1,0,0,0,0,0,0,0,0,0,0,0,0,0,0,0,0,0,0,0,0,0,0,0,0,0,0,0,0,1,0,0,0,0,0,0,0,0,1,0,0,0,0,0,0,0,0,0,0,0,0,0,0,0,0,0,0,0,0,0,0,0,0,0,0,0,0,0,0,1,0,0,0,0,0,1,0,0,0,0,0,0,0,0,0,0,0,0,0,0,0,0
8.17,12,1.0,1.3992190765759262e-17,1.0689488030236701e-17,1.0525480312027016,0.8397595778522013,0.5369898187415302,4.8722073191107e-18,0.595710638724886,-0.6582692134621386,-0.1129135037737898,-0.1000471193593046,0.5921697231570684,0.7314698929846272,-0.572072284245121,0.2193312890762913,0.5821717783476471,0.2090027368743265,-0.9404223073535736,0.2138807827710422,0.495539038379784,-0.0486950592769279,-0.8875013691855396,0.2723969787682792,0.4713287355863417,-0.0614064074227745,-0.9264332054236822,0.1312512550429519,0.4670759190862116,0.4234782621065648,0.8473961139953209,-0.1728988681003645,0.462862551082668,0.6499326816867155,-0.3779913575497885,0.5191975540551159,0.4491435052528604,0.1505106769493433,0.7150638944027439,-0.5065937255477068,0.448534794780765,-0.1942960934140694,0.639311933601953,-0.4549006540080046,0.4245339711005876,0.0864828324369006,0.8711428409130999,0.1163627758353994,0.4057042415860304,0.043850954531465,0.7911296149051548,0.3323748916085356,0.3993590023363268,0.6114178382208418,-0.1836860697978562,-0.6176157145546084,0.3982301531499893,0.8739702135962724,0.414887608219798,0.1011548507931857,0.3902090677755214,-0.071820675212307,0.717748241662779,0.2808370532308843,0.3851366214444698,-0.7097347126517078,-0.0791299527903212,-0.1791273448228152,0.3731991409914107,0.7645844998659824,-0.4798808802849287,-0.1042773097644594,0.3730711613183464,0.0268325293984278,-0.3335279208299653,-0.7675736351630246,0.3727008672862907,-0.2483267279611385,-0.2090634649265277,-0.7357568443251552,0.3539618202195409,0.2754121782933186,0.5260431988157805,-0.6772304870823851,0.3419428041010652,0.7105292381631705,-0.3373202443706905,-0.4247782093161832,0.3386449818166701,-0.4422484286282281,-0.6531181936012984,-0.4012848660075238,0.3347176255232365,0.5051333739222559,0.8243915969874684,-0.1908149822769008,0.3341281131550874,-0.7156974300578844,-0.188142088309839,-0.3305112938159983,0.2837489729900349,0,0,0,0,0,0,0,0,0,0,0,0,0,0,0,0,0,0,1,0,0,0,0,0,0,0,0,0,0,0,0,1,0,0,0,0,0,0,0,0,0,0,0,0,0,1,0,0,0,0,0,0,0,0,0,0,0,0,0,0,1,0,0,0,0,0,0,0,0,0,0,0,0,0,0,0,0,0,0,0,0,0,0,0,0,0,0,0,0,0,0,0,0,0,0,0,0,1,0,0,0,0,0,0,0,0,0,0,0,0,0,0,0,0,0,0,1,0,0,0,0,0,0,0,0,0,0,0,0,0,0,0,0,0,0,0,0,0,1,0,0,0,0,1,0,0,0,0,0,0,0,0,0,0,0,0,0,0,0,0,0,0,0,0,0,0,0,0,0,0,0,0,0,0,0,0,0,0,1,0,0,0,0,1,0,0,0,0,0,0,0,0,0,0,0,0,0,0,0,0,0,0,0,0,0,0,0,0,0,0,0,0,0,0,0,0,0,0,1,0,0,0,0,0,0,0,0,0,1,0,0,0,0,0,0,0,0,0,0,0,0,0,0,0,0,0,0,0,0,0,0,0,0,0,0,0,0,0,1,0,0,0,0,0,0,0,0,0,1,0,0,0,0,0,0,0,0,0,0,0,0,0,0,0,0,1,0,0,0,0,0,0,0,0,0,0,0,0,0,0,0,0,0,1,0,0,0,0,0,0,0,0,0,0,0,0,0,0,0,0,0,0,0,0,0,0,0,0,0,0,0,0,0,0,0,0,0,0,1,0,0,0,0,0,0,0,1,0,0,0,0,0,0,0,0,0,0,0,0,0,0,0,0,0,0,1,0,0,0,0,0,0,0,0,0,0,0,0,0,0,0,0,0,0,0,0,0,0,0,0,0,1,0,0,0,0,0,0,0,0,0,0,0,0,0,1,0,0,0,0,0,0,0,0,0,0,0,0,0,0,0,0,0,0,0,1,0,0,0,0,0,0,0,0,0,0,0,0,0,0,0,0,0,0,0,1,0,0,0,0,0,0,0,0,0,0,0,0,0,0,0,0,0,1,0,0,0,0,0,0,0,0,0,0,0,0,0,0,0,0,0,0,0,0,0,1,0,0,0,0,0,0,0,0,0,0,0,0,0,0,0,0,0,0,0,0,0,0,1,0,0,0,0,0,0,0,0,0,0,0,1,0,0,0,0,0,0,0,0,0,0,0,0,0,0,0,0,0,0,0,0,0,0,0,0,1,0,0,0,0,0,0,0,0,0,0,0,0,0,0,0,0,0,0,0,1,0,0,0,0,0,0,0,0,0,0,0,0,0,0,0,0,0,0,0,0,0,0,0,0,0,0,0,0,0,0,1,0,0,0,0,0,0,0,0,1,0,0,0,0,0,0,0,0,0,0,0,0,0,0,0,0,0,0,0,0,0,0,1,0,0,0,0,0,0,0,0,0,0,0,0,0,0,0,0,0,0,0,0,0,0,0,0,0,0,0,0,1,0,0,1,0,0,0,0,0,0,0,0,0,0,0,0,0,0,0,0,0,0,0,0,0,0,0,0,0,0,0,0,0,0,0,0,0,0,0,0,0,1,0,1,0,0,0,0,0,0,0,0,0,0,0,0,0,0,0,0,0,0,0,0,0,0,0,0,0,0,0,0,0,1,0,0,0,0,0,0,0,0,0,0,0,0,0,0,0,0,0,0,0,0,0,0,0,0,0,1,0,0,0,0,0,0,0,0,0,0,0,0,0,1,0,0,0,0,0,0,0,0,0,1,0,0,0,0,0,0,0,0,0,0,0,0,0,0,0,0,0,0,0,0,0,0,0,0,0,0,0,0,0,0,1,0,0,0,0,0,0,0,0,1,0,0,0,0,0,0,0,0,0,0,0,0,0,0,0,0,0,0,0,1,0,0,0,0,0,0,0,0,0,0,0,0,0,0,0,0,0,0,0,0,0,0,0,0,0,0,0,0,0,0,1,0,0,0,0,0,0,0,0,0,0,0,0,0,0,0,0,0,0,1,0,0,0,0,0,0,0,0,0,0,0,0,0,0,0,1,0,0,0,0,0,0,0,0,0,0,0,0,0,0,0,0,0,0,1,0,0,0,0,0,0,0,0,0,0,0,0,0,0,0,0,0,0,0,0,1,0,0,0,0,0,0,0,0,0,0,0,0,0,0,0,0,0,0,0,0,0,0,0,1,0,0,0,0,0,0,0,0,0,0,0,0,0,0,0,0,0,0,0,0,1,0,0,0,0,0,0,0,0
7.58,13,1.0,-2.986762021354588e-17,1.0812197750507916e-17,1.0527671810735986,0.82118933684024,0.5606421823624272,6.4727225071618425e-18,0.5655861194146266,0.7748891777285374,-0.612575443436606,0.0255922302903916,0.5579940215212312,-0.5651099385164651,-0.0240946883380828,0.7234765122650393,0.5522015976991058,0.2598223978282073,-0.9269274998504928,0.2204356635946188,0.4834673784859027,-0.1038223740001084,0.9270820400407,-0.1778756130667571,0.4798291948406662,-0.6583352913087096,-0.213853904842514,-0.6514736074192825,0.4555989590493709,0.3736068681497563,0.9041206740199152,0.03428855964626,0.4407630196712041,0.3970465887824362,-0.2051171512995488,-0.8206493409513804,0.4355689366192358,0.0503828445507975,-0.8923207827030863,0.3334252974525932,0.4166290749951978,-0.1742484093864673,0.7636838844457888,-0.5442568134079073,0.4130788446771406,-0.8581321823572008,0.0075522264083054,-0.3664734568426289,0.4111552746828107,0.0742066951041727,-0.9120144678250556,0.2143970248130512,0.3983305077515991,-0.2901380645037762,0.892136749685098,0.0481158422447606,0.3982301531499893,0.8286045327784718,-0.468635525266084,0.2171680861590468,0.3917013958037764,0.6939491857758464,-0.5570055711329056,-0.4132651698683273,0.386343832610643,0.1097725567755803,-0.9136853784960832,0.1622373369659039,0.385207208376177,0.9128943749003666,0.375686132770187,-0.080088052651087,0.376018039880355,-0.7081421177808103,0.1002783340278006,0.595956584048629,0.3718097942902861,0.570964245099545,-0.3392953801626099,-0.7168367185702424,0.3638689677636021,0.0988678816202146,0.6283063287063402,-0.7315633760274445,0.3633286056125487,-0.7800137265259207,0.4030052297531168,-0.3061220853288763,0.3525090574646696,-0.8213012426056119,-0.4789603610077572,0.045495166743327,0.3499795821380406,0.2680934267367902,0.832513352942667,0.4294664095697979,0.3441008654347057,-0.9194081081062322,-0.1907458972302648,-0.0143338364639651,0.3366770968808564,1,0,0,0,0,0,0,0,0,0,0,0,0,0,0,0,0,0,0,0,0,0,0,0,0,0,0,0,0,0,0,1,0,0,0,0,0,0,0,0,0,0,0,0,0,0,0,0,0,0,0,0,0,0,0,0,0,0,1,0,1,0,0,0,0,0,0,0,0,0,0,0,0,0,0,0,0,0,0,0,1,0,0,0,0,0,0,0,0,0,0,0,0,0,0,0,0,0,0,0,0,0,0,1,0,0,0,0,0,0,0,0,0,0,0,0,0,0,0,0,0,0,0,0,0,0,0,0,0,0,1,0,0,0,0,0,0,0,0,0,0,0,0,0,0,0,0,0,0,0,0,0,0,0,0,0,1,0,0,0,1,0,0,0,0,0,0,0,0,0,0,0,0,0,0,0,0,0,0,0,0,0,0,1,0,0,0,0,0,0,0,0,0,0,0,0,0,0,0,0,0,0,0,0,0,0,0,0,0,0,0,0,0,0,0,0,0,0,1,0,0,0,0,0,0,0,0,0,0,0,0,1,0,0,0,0,0,0,0,0,0,0,0,0,0,0,0,0,0,0,0,1,0,0,0,0,0,0,0,0,0,0,0,0,0,0,0,0,0,0,0,0,0,0,0,0,1,0,0,0,0,0,0,0,0,0,0,0,0,0,0,0,0,0,0,0,0,0,1,0,0,0,0,1,0,0,0,0,0,0,0,0,0,0,0,0,0,0,0,0,0,0,1,0,0,0,0,0,0,0,0,0,0,0,0,0,0,0,0,0,0,0,0,0,0,1,0,0,0,0,0,0,0,0,0,0,0,0,0,0,1,0,0,0,0,0,0,0,0,0,0,0,0,0,0,0,0,0,0,0,0,0,0,0,0,0,0,0,1,0,0,0,0,0,0,0,0,0,0,0,0,0,0,0,0,1,0,0,0,0,0,0,0,0,0,0,0,0,0,0,1,0,0,0,0,0,0,0,0,0,0,0,0,0,0,0,0,0,0,0,0,0,0,0,0,0,0,0,0,0,0,1,0,0,0,0,0,0,0,0,1,0,0,0,0,0,0,0,0,0,0,0,0,0,0,0,0,0,0,0,1,0,0,0,0,0,0,0,0,0,0,0,0,0,0,0,0,0,0,0,0,0,0,0,0,0,0,0,1,0,0,0,0,0,0,0,0,0,0,0,0,0,0,0,0,0,0,0,0,0,0,0,0,0,0,0,0,0,1,0,0,0,0,0,0,1,0,0,0,0,0,0,0,0,0,0,0,0,0,0,1,0,0,0,0,0,0,0,0,0,0,0,0,0,0,0,0,0,0,0,0,0,0,0,0,0,1,0,0,0,0,0,0,0,0,0,0,0,0,0,1,0,0,0,0,0,0,0,0,0,0,0,0,0,0,0,0,0,0,0,1,0,0,0,0,0,0,0,0,0,0,0,0,0,0,0,0,0,0,0,1,0,0,0,0,0,0,0,0,0,0,0,0,0,0,0,0,0,0,0,0,0,0,0,0,0,0,0,1,0,0,0,0,0,0,0,0,0,0,0,0,0,0,0,0,0,0,0,0,0,0,0,0,0,0,0,0,0,1,0,0,0,0,0,0,0,0,0,0,0,0,0,0,0,0,0,1,0,0,0,0,0,0,0,0,0,0,0,0,0,1,0,0,0,0,0,0,0,0,0,1,0,0,0,0,0,0,0,0,0,0,0,0,0,0,0,0,0,0,0,0,0,1,0,0,0,0,0,0,0,0,0,0,0,0,0,0,0,0,0,0,0,0,0,0,0,0,0,0,0,0,1,0,0,0,0,0,0,0,0,0,0,0,0,0,1,0,0,0,0,0,0,0,0,0,0,0,0,0,0,0,0,0,0,0,0,0,0,0,0,0,0,0,0,0,0,1,0,0,0,0,0,0,0,0,1,0,0,0,0,0,0,0,0,0,0,0,0,0,0,0,0,0,0,0,0,0,0,0,0,0,1,0,0,0,0,0,0,0,0,0,0,0,0,0,0,0,0,0,0,0,1,0,0,0,0,0,0,0,0,0,0,0,0,0,0,1,0,0,0,0,0,0,0,0,0,0,0,0,0,0,0,0,0,0,0,0,0,0,0,0,0,0,0,0,0,0,0,1,0,0,0,0,1,0,0,0,0,0,0,0,0,0,0,0,0,0,0,0,0,0,0,0,0,0,0,0,0,0,0,0,1,0,0,0,0,0,0,0,0,0,0,0,1,0,0,0,0,0,0,0,0,0,0,0,0,0,0,0,0
7.47,14,1.0,-7.043426355776013e-18,-1.5520857015680552e-17,1.0508535033047022,0.7793383604890693,0.5955573748021387,-7.33456164267779e-19,0.7461377877330141,0.8187287221327223,-0.5099691254532633,0.1422652156378739,0.5386910675003215,-0.0808668613404635,0.7288865010395251,-0.3757568932397637,0.4760107293997843,0.3417914573480665,-0.8653848949044687,0.2461422417510956,0.4668879089505791,0.287621382019475,0.8494261521040206,-0.1266343928111799,0.4668610523889857,-0.3325877486955007,0.6985833886589432,-0.1866945332996101,0.4355689366192358,0.4937548771173309,-0.2749820913484322,-0.7671802313245992,0.4342269386343123,0.0336161787095139,-0.6985669307993513,0.6455656905018867,0.433264552234503,-0.54272368968148,-0.324617068493793,-0.4737587100138012,0.4167905616898466,-0.6465390332901001,0.182708619192437,0.358790974145914,0.4108209895114422,0.8766908866649189,0.4323397871171773,0.0704046651937469,0.4043953200311575,0.8308134802866285,-0.3049259346812584,0.3832009944907174,0.4017107903074874,0.158265879677964,-0.3893522841545115,0.8584569545201118,0.3932941272875997,-0.1415083192469299,0.4923464966812025,-0.654783930087717,0.3903817609743762,0.2245330765163431,-0.8587120583532164,0.0893504946471071,0.3833401049613035,0.2659440988743111,-0.9015405660968328,0.0480990705971434,0.3759306227927475,0.8094509368550543,-0.4525775237125028,-0.2350274749865932,0.3638262807323283,0.1003620968055229,0.3833505662302913,-0.7724640574654295,0.3633003900606001,0.7189512928195401,-0.2983135473763771,-0.5575589163517066,0.3594166462862811,0.1407999988307864,0.8718828595264003,0.2061276383011299,0.3541739607504987,0.3894054786387963,0.8023844869504225,-0.2268165992484404,0.345245197343128,-0.2849944430090181,-0.724496693250724,0.5222082441357727,0.3428640659045736,-0.6623871659748403,-0.0112878766533494,-0.372043057350692,0.3211144144573192,-0.5714507722269279,0.2625495851539562,-0.463153852860471,0.2840241680128276,0,0,1,0,0,0,0,0,0,0,0,0,0,0,0,0,0,0,0,0,0,0,0,0,0,0,0,0,0,0,0,1,0,0,0,0,0,0,0,0,1,0,0,0,0,0,0,0,0,0,0,0,0,0,0,0,0,0,0,0,1,0,0,0,0,0,0,0,0,0,0,0,0,0,0,0,0,0,0,0,0,0,1,0,0,0,0,0,0,0,0,0,0,0,0,0,0,0,0,0,0,0,0,1,0,0,0,0,0,0,0,0,0,0,0,0,0,0,0,0,1,0,0,0,0,0,0,0,0,0,0,0,0,0,0,0,0,0,0,0,0,0,0,0,0,0,0,0,0,0,0,1,0,0,0,0,0,0,0,0,0,0,1,0,0,0,0,0,0,0,0,0,0,0,0,0,0,0,0,0,0,0,0,1,0,0,0,0,0,0,0,0,0,0,0,0,0,0,0,0,1,0,0,0,0,0,0,0,0,0,0,0,0,0,0,0,0,0,0,0,0,0,0,1,0,0,0,0,0,0,0,0,0,0,0,0,0,0,0,0,1,0,0,0,0,0,0,0,0,0,0,0,0,0,0,0,0,0,0,0,0,0,0,0,0,1,0,0,0,0,0,0,0,0,0,0,0,0,0,0,0,0,0,1,0,0,0,0,0,0,0,0,0,0,0,0,0,0,0,0,0,0,0,0,0,1,0,0,0,0,0,0,0,0,0,0,0,0,0,0,0,0,1,0,0,0,0,0,0,0,0,0,0,0,0,0,0,0,0,0,1,0,0,0,0,0,0,0,0,0,0,0,0,0,0,0,0,0,0,0,0,0,0,0,0,1,0,0,0,0,0,0,0,0,0,0,0,0,0,0,0,0,0,0,0,0,0,0,0,0,0,0,0,0,0,0,1,0,0,0,0,0,0,0,0,0,0,0,0,0,0,1,0,0,0,0,0,0,0,0,0,0,0,0,0,0,0,0,0,0,0,0,0,0,0,0,1,0,0,0,1,0,0,0,0,0,0,0,0,0,0,0,0,0,0,0,0,0,0,0,0,0,0,0,0,0,0,0,0,0,0,0,0,0,0,0,1,0,0,0,0,0,1,0,0,0,0,0,0,0,0,0,0,0,0,0,0,0,0,0,0,0,0,0,0,0,1,0,0,0,0,0,0,0,0,0,0,0,0,0,0,0,1,0,0,0,0,0,0,0,0,0,0,0,0,0,0,0,0,0,0,0,0,0,0,0,0,0,0,0,0,0,0,0,0,0,1,0,0,0,0,0,0,0,0,0,0,0,0,0,0,0,0,0,0,0,0,0,1,0,1,0,0,0,0,0,0,0,0,0,0,0,0,0,0,0,0,0,0,0,0,0,1,0,0,0,0,0,0,0,0,0,0,0,0,0,0,0,0,0,0,0,0,0,0,0,0,0,1,0,0,0,0,0,0,0,0,0,0,0,0,0,1,0,0,0,0,0,0,0,0,0,0,0,0,0,0,0,0,0,0,0,0,0,0,0,0,0,1,0,0,0,0,0,0,0,0,0,0,0,0,0,1,0,0,0,0,0,0,0,0,0,0,0,0,0,0,0,0,0,1,0,0,0,0,0,0,0,0,0,0,0,0,0,0,0,0,0,0,0,0,0,0,0,0,0,0,0,0,0,0,0,0,0,0,0,0,0,1,0,0,0,0,0,0,0,0,0,0,0,0,0,0,0,0,0,1,0,0,0,0,0,0,1,0,0,0,0,0,0,0,0,0,0,0,0,0,0,0,0,0,0,0,0,0,0,0,0,0,0,0,1,0,0,0,0,0,0,0,0,1,0,0,0,0,0,0,0,0,0,0,0,0,0,0,0,0,0,0,0,0,0,0,1,0,0,0,0,0,0,0,0,0,0,0,0,0,0,0,0,1,0,0,0,0,0,0,0,0,0,0,0,0,0,0,0,0,0,0,0,0,0,0,0,0,0,1,0,0,0,0,0,0,0,0,0,0,0,0,0,0,0,1,0,0,0,0,0,0,0,0,0,0,0,0,0,0,0,0,0,0,0,0,0,0,0,0,0,0,0,0,1,0,0,0,0,0,0,0,0,0,0,0,0,0,1,0,0,0,0,0,0,0,0,0,0,0,0,0,0,1,0,0,0,0,0,0,0,0,0,0,0,0,0,0,0,0,0,0,0,0,0,0,0,0,0,0,0,0,0,0,0,0,0,0,0,0,0,1,0,0,0,0,0,0,0,0,0,0,0,0,1,0,0,0,0,0,0,0,0
7.64,15,1.0,-2.32393011444294e-17,-1.0359244855867e-17,1.04880377511997,0.8419089992330496,0.5367399325866313,-1.901124425950469e-17,0.5773446386876554,0.7718039217335088,-0.5045676665529987,0.3142069484331173,0.5589892706336497,0.0281150597461615,0.7132077815966357,-0.5949884043029303,0.4979894753250867,0.286191115083669,-0.6706393171123863,0.6433923367977812,0.4790978347864163,0.4446181557026628,-0.4594874491103836,-0.6454018694735988,0.4678901540987653,0.4186613683266448,0.8478397839259355,-0.2428965769555849,0.4618701606014884,-0.5283171872340904,-0.4512807917802824,-0.5294142165396764,0.4474857957566145,-0.3460560951039903,0.7307122164525117,-0.4722086294394286,0.4342269386343123,0.0164310865385403,-0.7804110334756754,0.5305569196777068,0.4262994830352185,0.1417214992333311,-0.2629241723966548,0.8869562887520906,0.4021541236103688,0.4691085559477281,-0.7013964541321044,-0.4172061412745195,0.4003445265190928,0.0701712143723264,0.3995483972384278,-0.8063383358998196,0.3959116596167155,0.82749324601322,-0.2672226937466869,0.3674157952494677,0.3938125405224196,0.6570617904282501,-0.6900769691048899,-0.0647160530852134,0.391972406043461,0.8960927076384211,0.4077505183296143,0.0978191377839272,0.3772386048838741,0.1742553166326983,-0.7426487626824961,0.5717086234515383,0.3691581788403435,0.1640783079795945,0.9395802867992046,0.0959643739533141,0.3652956652218242,0.3516164332067621,0.0342742660895244,0.8562722437403567,0.3580671401853424,0.3692191328934703,0.3252833061461668,-0.8001957803391917,0.3501229757771633,0.5253492907764388,0.766643962252168,-0.3294658010963969,0.3383622816090393,-0.6831174793027696,-0.2223564661342781,-0.5208563673878949,0.3350823584731562,0.0943025754804171,0.8433119491172605,0.3703331598540326,0.3041126091803364,0.1229434111129569,0.8457169695238373,0.3260331676034658,0.2983718833575442,-0.9011202509914182,0.3459092863768164,-0.0578512578490635,0.2737461937355156,0,0,0,1,0,0,0,0,0,0,0,0,0,0,0,0,0,0,0,0,0,0,0,0,0,0,0,0,0,0,0,1,0,0,0,0,0,0,0,0,0,0,1,0,0,0,0,0,0,0,0,0,0,0,0,0,0,0,0,0,1,0,0,0,0,0,0,0,0,0,0,0,0,0,0,0,0,0,0,0,0,0,0,1,0,0,0,0,0,0,0,0,0,0,0,0,0,0,0,0,0,0,0,1,0,0,0,0,0,0,0,0,0,0,0,0,0,0,0,0,0,0,1,0,0,0,0,0,0,0,0,0,0,0,0,0,0,0,0,0,0,0,0,0,0,0,0,0,0,0,0,1,0,0,0,0,0,0,0,0,0,0,0,1,0,0,0,0,0,0,0,0,0,0,0,0,0,0,0,0,0,0,0,1,0,0,0,0,0,0,0,0,0,0,0,0,0,0,0,0,0,0,0,0,0,0,0,0,0,0,0,0,0,0,0,0,0,0,0,1,0,0,0,0,0,1,0,0,0,0,0,0,0,0,0,0,0,0,0,0,0,0,1,0,0,0,0,0,0,0,0,0,0,0,0,0,0,0,0,0,0,0,0,1,0,0,0,0,0,0,0,0,0,0,0,0,0,0,0,0,0,0,0,0,0,0,0,0,0,0,0,0,0,0,0,0,0,0,1,0,0,0,0,0,0,0,0,0,0,0,0,0,0,0,0,0,1,0,0,0,0,0,1,0,0,0,0,0,0,0,0,0,0,0,0,0,0,0,0,0,0,0,0,0,0,1,0,0,0,0,0,0,0,0,0,0,0,0,0,0,0,0,0,1,0,0,0,0,0,0,0,0,0,0,0,0,0,0,0,0,0,0,0,0,0,0,0,0,1,0,0,0,0,0,0,0,0,0,0,0,0,0,0,1,0,0,0,0,0,0,0,0,0,0,0,0,0,0,0,0,1,0,0,0,0,0,0,0,0,0,0,0,0,0,0,0,0,0,0,0,0,0,0,0,0,0,0,0,0,0,0,0,0,0,0,0,0,0,0,1,0,0,0,0,0,0,0,0,0,0,0,1,0,0,0,0,0,0,0,0,1,0,0,0,0,0,0,0,0,0,0,0,0,0,0,0,0,0,0,0,1,0,0,0,0,0,0,0,0,0,0,0,0,0,0,0,0,0,0,0,0,0,0,1,0,0,0,0,0,0,0,0,0,0,0,0,0,0,0,0,0,0,0,0,0,0,1,0,0,0,0,0,0,0,0,0,0,0,0,0,0,0,0,1,0,0,0,0,0,0,0,0,0,0,0,0,0,0,0,0,1,0,0,0,0,0,0,0,0,0,0,0,0,0,0,0,0,0,0,0,0,0,1,0,0,0,0,0,0,0,0,0,0,0,0,0,0,0,0,0,0,0,0,0,0,0,0,0,0,0,0,0,0,0,0,0,1,0,0,0,0,0,0,1,0,0,0,0,0,0,0,0,0,0,0,0,0,0,0,0,0,0,0,0,0,0,0,0,1,0,0,0,0,0,0,0,0,0,0,0,0,0,1,0,0,0,0,0,0,0,0,0,0,0,0,0,0,0,0,0,0,0,0,1,0,0,0,0,0,0,0,0,0,0,0,0,0,0,0,0,0,0,0,1,0,0,0,0,0,0,0,0,0,0,0,0,0,0,0,0,0,0,0,0,0,0,0,0,0,0,0,0,0,0,0,0,1,0,0,0,1,0,0,0,0,0,0,0,0,0,0,0,0,0,0,0,0,0,0,0,0,0,0,0,0,0,0,0,0,0,0,0,0,0,0,0,1,0,0,0,0,0,1,0,0,0,0,0,0,0,0,0,0,0,0,0,0,0,0,0,0,0,0,0,0,0,1,0,0,0,0,0,0,0,0,0,0,0,0,0,0,0,0,0,0,0,0,0,0,0,0,0,0,0,0,0,0,0,1,0,1,0,0,0,0,0,0,0,0,0,0,0,0,0,0,0,0,0,0,0,0,0,1,0,0,0,0,0,0,0,0,0,0,0,0,0,0,0,0,0,0,0,0,0,0,0,0,0,1,0,0,0,0,0,0,0,0,0,0,0,0,0,1,0,0,0,0,0,0,0,0,0,0,0,0,0,0,0,0,0,0,0,0,0,0,0,0,0,1,0,0,0,0,0,0,0,0,0,0,0,0,0,0,0,0,1,0,0,0,0,0,0,0,0,0,0,0,0,0,0,0,0,0,0,0,0,0,0,0,0,0,0,0,0,0,0,1,0,0,0
7.38,16,1.0,-4.526841206480663e-18,1.4096502767495462e-17,1.050072792230674,0.8333326851812839,0.5457476960305653,8.632334769733261e-18,0.578723222779365,0.7873054553587734,-0.5212974344482193,-0.252091401960031,0.550672632742791,-0.0829065174384546,0.8304331673009763,0.3965140143032414,0.5170869796963208,-0.0584789534153126,-0.6496675494700104,-0.7023788920643212,0.5055765045554382,-0.1555084377279696,0.5981796500332031,0.6606368469337747,0.4678901540987653,0.3751629569477667,-0.658497468704675,-0.6172007357885246,0.4585671106634063,0.4381924987598692,0.8320014041965462,0.279533459419317,0.4521937466396813,-0.8671958042378056,0.0355343321972731,-0.1514332162423708,0.4337413474522713,-0.2004057913264735,-0.2526361938437258,0.8249596620171644,0.3998116643748363,0.6075935127528724,-0.7138421535863613,0.120939047646574,0.3995751056782907,-0.8657052790146558,0.0172723340904161,0.2037129457461223,0.3978631451623454,0.8330915706515812,-0.2886715122645031,-0.3151996097635067,0.3977265626768413,-0.6991984581450849,-0.5850764000872104,0.1937869512251087,0.3898314438708824,0.8490168688216018,0.4444301803203235,-0.187834563585347,0.3863314253243066,-0.3122683587677198,0.8423493847226563,0.1444633662788859,0.3859235890290187,0.4328970404012221,-0.7094789097815023,0.4002492378013322,0.3702466103318297,0.4070934453923071,0.8863659618022084,0.0280801718252283,0.351761673137163,-0.7421360258035762,0.3254138830689334,0.3575585644229486,0.3491284348111981,-0.7758256353296936,-0.335869454146498,0.3168044674524689,0.3343171387730628,0.5006895941706222,0.6554370535441164,0.5338609673250154,0.3239591158805535,0.295211411702823,-0.6698431445428198,0.5055816099764645,0.3138538882313639,-0.2349961954079543,0.9134764957554132,-0.0416532761003291,0.2938650997543817,-0.6436484973789468,0.60004840118826,0.2848404459183978,0.2868547057632325,0.5465806491368335,0.4343227982124231,0.6817096390498656,0.2478921276071765,0,0,0,0,0,0,0,0,0,0,0,0,0,0,0,0,0,0,0,1,0,0,0,0,0,0,0,0,0,0,0,1,0,0,0,0,0,0,0,0,0,0,0,1,0,0,0,0,0,0,0,0,0,0,0,0,0,0,0,0,1,0,0,0,0,0,0,0,0,0,0,0,0,0,0,0,0,0,0,0,0,0,0,0,0,0,0,0,0,0,0,0,0,0,0,0,0,0,0,1,0,0,0,1,0,0,0,0,0,0,0,0,0,0,0,0,0,0,0,0,0,0,0,1,0,0,0,0,0,0,0,0,0,0,0,0,0,0,0,0,0,0,0,0,0,0,0,0,0,0,0,1,0,0,0,0,0,0,0,0,0,0,0,0,0,0,0,0,0,0,0,0,0,0,0,0,0,0,0,1,0,0,0,0,0,0,0,0,0,0,0,0,0,0,0,0,1,0,0,0,0,0,0,1,0,0,0,0,0,0,0,0,0,0,0,0,0,0,0,0,0,0,0,0,0,1,0,0,0,0,0,0,0,0,0,0,0,0,0,0,0,0,0,0,0,0,0,0,0,0,0,0,0,0,0,0,0,0,0,1,1,0,0,0,0,0,0,0,0,0,0,0,0,0,0,0,0,0,0,0,0,0,0,1,0,0,0,0,0,0,0,0,0,0,0,0,0,0,0,0,0,0,0,1,0,0,0,0,0,0,0,0,0,0,0,0,0,0,0,0,1,0,0,0,0,0,0,0,0,0,0,0,0,0,0,0,0,0,0,0,0,0,0,0,0,0,0,0,0,0,0,0,0,0,0,0,1,0,0,0,0,0,0,0,0,0,0,0,0,0,0,0,0,0,0,0,0,0,1,0,0,0,0,0,0,0,0,0,0,0,0,0,0,0,0,0,1,0,0,0,0,0,0,0,0,0,0,0,0,0,0,0,0,0,0,0,0,0,0,1,0,0,0,1,0,0,0,0,0,0,0,0,0,0,0,0,0,0,0,0,1,0,0,0,0,0,0,0,0,0,0,0,0,0,0,0,0,0,0,0,1,0,0,0,0,0,0,0,0,0,0,0,0,0,0,0,0,0,0,0,0,0,0,0,0,0,0,0,0,0,0,0,0,0,0,0,0,0,0,1,0,0,0,0,0,0,1,0,0,0,0,0,0,0,0,0,0,0,0,0,1,0,0,0,0,0,0,0,0,0,0,0,0,0,0,0,0,0,0,0,0,0,0,0,0,0,1,0,0,0,0,0,0,0,0,0,0,0,0,0,0,0,0,1,0,0,0,0,0,0,0,0,0,0,0,0,0,0,0,0,0,0,0,0,0,0,0,0,0,0,0,0,0,0,0,0,1,0,0,0,0,0,1,0,0,0,0,0,0,0,0,0,0,0,0,0,0,0,0,0,1,0,0,0,0,0,0,0,0,0,0,0,0,0,0,0,0,0,0,0,0,0,0,0,0,0,0,0,0,0,0,0,0,0,0,0,0,0,0,1,0,0,0,1,0,0,0,0,0,0,0,0,0,0,0,0,0,0,0,0,0,0,0,1,0,0,0,0,0,0,0,0,0,0,0,0,0,0,0,0,0,0,0,0,0,0,1,0,0,0,0,0,0,0,0,0,0,0,0,0,0,0,1,0,0,0,0,0,0,0,0,0,0,0,0,0,0,0,0,0,0,0,0,0,0,0,0,0,0,0,0,1,0,0,0,0,0,0,0,0,1,0,0,0,0,0,0,0,0,0,0,0,0,0,0,0,0,0,0,0,0,0,0,1,0,0,0,0,0,0,0,0,0,0,0,0,0,0,0,0,0,0,0,1,0,0,0,0,0,0,0,0,0,0,0,0,0,0,0,0,0,0,0,1,0,0,0,0,0,0,0,0,0,0,0,0,0,0,0,0,0,0,0,0,0,0,0,0,0,0,0,0,0,0,0,0,0,0,0,1,0,0,0,0,0,0,0,0,1,0,0,0,0,0,0,0,0,0,0,0,0,0,1,0,0,0,0,0,0,0,0,0,0,0,0,0,0,0,0,0,0,0,0,0,0,0,0,0,0,0,0,0,0,0,0,0,1,0,0,0,0,0,1,0,0,0,0,0,0,0,0,0,0,0,0,0,0,0,0,0,0,0,0,1,0,0,0,0,0,0,0,0,0,0,0,0,0,0,0,0,0,0,0,1,0,0,0,0,0,0,0,0,0,0,0,0,0,0,0,0,0,0,0,0,0,0,0,0,1,0,0,0,0,0,0,0,0,0,0,0
8.2,17,1.0,-6.4327068556099765e-19,4.157270213320783e-18,1.0476993588113162,0.8323677803713629,0.553282373152251,2.0563299411533282e-17,0.5649093813624935,0.7963640052051211,-0.5941170510271863,-0.0044617135451291,0.5454730597919891,0.0559947037611538,0.9296445020793416,0.3386340025042044,0.5047058966684894,0.290182676065477,-0.9447654759111528,0.1192957770006225,0.4739329158813659,0.3645414320766135,0.9243024394499612,0.0342657266981622,0.4544046773772211,-0.2774275059459693,-0.7171093827015971,0.5928946873688796,0.4393224284469765,0.0168586405487419,-0.8038432223515828,0.5829302619557779,0.4336333139554646,0.0072655891395944,0.7685400124341893,-0.5518971357608387,0.4210907644099414,-0.257379750643543,-0.7282158348703467,0.5780065309503909,0.4081333490085798,0.0761008792579562,-0.969062967907381,-0.055966583383883,0.4062590996916839,0.8592390929295997,-0.4237378879051553,0.2309999085906434,0.3962458746837786,0.1144070201967037,0.8955342608874766,-0.3999424840959317,0.3879320610922333,0.7482628541166616,-0.4933664456598993,-0.4151416072748042,0.3744591270990989,0.20131128875911,-0.949340343390998,-0.0765195416343312,0.3743615358576465,0.9209931955749469,0.3826561362550321,-0.0297565014544681,0.3708472923647084,0.5823356811988356,-0.3454153417478651,-0.7144973137436816,0.3643593470761846,-0.1402306643800691,0.82635563192324,-0.4373624293641261,0.348646415692779,0.2606337262297307,-0.6238071378447041,0.7207718678688522,0.3146642913263372,-0.2676554050751403,-0.1361921107694694,-0.9092872156433874,0.3091738025229608,-0.3723548404140039,0.7447197268008652,-0.4162271036273035,0.305061725397943,0.4442572541949897,0.8771063803527808,0.1436569154317649,0.2998207931606677,-0.2161411975638536,0.6505006007030183,-0.502190665667816,0.2792452944761431,0.190208665637238,0.8039433369001301,-0.5172437191384311,0.2613662676555218,-0.3318293282307035,-0.2689400926419716,-0.8384220334734479,0.248876372004376,0,0,0,0,0,0,0,0,0,0,0,1,0,0,0,0,0,0,0,0,0,0,0,0,0,0,0,0,0,0,0,1,0,0,0,0,0,0,0,0,0,0,0,0,0,0,0,0,0,0,0,0,0,0,0,0,0,0,0,1,1,0,0,0,0,0,0,0,0,0,0,0,0,0,0,0,0,0,0,0,0,0,0,0,0,0,0,0,0,0,0,1,0,0,0,0,0,0,0,0,0,0,0,1,0,0,0,0,0,0,0,0,0,0,0,0,0,0,0,0,0,0,0,0,0,0,0,0,0,0,0,0,0,0,0,0,0,0,0,1,0,0,0,0,0,0,1,0,0,0,0,0,0,0,0,0,0,0,0,0,0,0,0,0,0,0,0,0,0,0,0,1,0,0,0,0,0,0,0,0,0,0,0,1,0,0,0,0,0,0,0,0,0,0,0,0,0,0,0,0,0,0,0,0,0,0,0,0,0,0,0,0,0,0,0,0,0,0,0,1,0,0,0,1,0,0,0,0,0,0,0,0,0,0,0,0,0,0,0,0,0,0,0,0,0,0,0,0,0,0,0,1,0,0,0,0,0,0,0,0,0,0,0,0,0,0,0,0,1,0,0,0,0,0,0,0,0,0,0,0,0,0,0,0,0,0,0,0,0,0,0,1,0,0,0,0,0,0,0,0,0,0,0,1,0,0,0,0,0,0,0,0,0,0,0,0,0,0,0,0,0,0,0,0,0,0,0,0,0,0,0,0,0,0,0,0,0,0,0,1,0,0,0,0,0,0,0,0,1,0,0,0,0,0,0,0,0,0,0,0,0,0,0,0,0,0,0,0,0,0,0,1,0,0,0,0,0,0,0,0,0,0,0,0,0,0,0,0,1,0,0,0,0,0,0,0,0,0,0,0,0,0,0,0,0,0,0,0,0,0,0,1,0,0,0,0,0,0,0,0,0,0,0,0,0,0,0,0,1,0,0,0,0,0,0,0,0,0,0,0,0,0,0,0,0,0,0,0,0,0,0,1,0,0,0,0,0,0,0,0,0,0,0,0,0,0,1,0,0,0,0,0,0,0,0,0,0,0,0,0,0,0,0,0,0,0,0,0,0,0,0,0,0,0,0,0,0,0,0,1,0,0,0,1,0,0,0,0,0,0,0,0,0,0,0,0,0,0,0,0,0,0,0,0,0,0,0,0,0,0,0,1,0,0,0,0,0,0,0,0,1,0,0,0,0,0,0,0,0,0,0,0,0,0,0,0,0,0,0,0,0,0,0,0,0,0,0,0,0,0,0,1,0,0,0,0,0,0,0,0,0,0,0,0,0,0,0,0,1,0,0,0,0,0,0,0,0,0,0,0,0,0,0,0,0,0,0,0,0,0,0,0,0,0,0,0,0,0,0,1,0,0,0,0,0,0,0,0,0,0,0,0,0,0,0,0,1,0,0,0,0,0,0,0,0,0,0,0,0,0,0,1,0,0,0,0,0,0,0,0,0,0,0,0,0,0,0,0,0,0,0,0,0,0,0,0,1,0,0,0,0,0,0,0,0,0,0,0,0,0,0,0,0,0,0,0,0,0,0,1,0,0,0,1,0,0,0,0,0,0,0,0,0,0,0,0,0,0,0,0,0,0,0,0,0,0,0,0,0,0,0,1,0,0,0,0,0,0,0,0,0,0,0,1,0,0,0,0,0,0,0,0,0,0,0,0,0,0,0,0,0,0,0,0,0,0,0,0,0,0,0,0,0,0,0,1,0,0,0,0,0,0,0,0,0,0,0,0,1,0,0,0,0,0,0,0,0,0,0,0,0,0,0,0,0,0,0,0,0,0,0,0,0,0,0,0,0,0,0,1,0,0,0,0,0,0,0,0,1,0,0,0,0,0,0,0,0,0,0,0,0,0,0,0,0,0,0,0,0,0,0,0,0,0,0,0,0,0,0,1,0,0,0,0,0,0,0,0,0,0,0,1,0,0,0,0,0,0,0,0,0,0,0,0,0,0,0,0,0,0,0,0,0,0,0,0,0,0,0,1,0,0,0,0,0,0,0,0,1,0,0,0,0,0,0,0,0,0,0,0,0,0,0,0,0,0,0,0,0,0,0,0,0,0,0,0,0,0,0,1,0,0,0,1,0,0,0,0,0,0,0,0,0,0,0,0,0,0,0,0,0,0,0,0,0,0,0,0,0,0,0,0,0,0,0,1,0,0,0,0,0,0,0,0,0,0,0,0,1,0,0,0,0,0,0,0,0,0,0,0
8.31,18,1.0,-1.7171361435019713e-17,9.934887589445669e-18,1.0468945989601344,0.8445971783895793,0.534681089604905,9.35550806246619e-18,0.5542406368356394,0.7928129231431479,-0.597775263211712,-0.0715936142090945,0.5470309449742295,-0.0903020658176856,-0.982044026089648,-0.1438868406381163,0.4833295234245113,0.2063098934049339,0.7944117297485305,0.56289752397842,0.4828627816698523,0.2951573239959368,-0.9481141885448492,0.0903942497919482,0.4669711915169346,0.4098859964429235,0.8890281778439219,0.1877505670667687,0.4493028803977751,0.1538704485124072,-0.3087473862239943,-0.9234015292895792,0.4396218407684139,-0.0186945913454099,0.8615541733440345,-0.4295766353509365,0.4301696153162254,0.1509440882780288,-0.8007838626407604,0.5755648342379115,0.4028912043327368,0.0661189043952061,0.9689694371210346,-0.1875414701097123,0.3986667846592859,0.8526780077845041,-0.4516311062269236,0.1611240325722107,0.3968283088802947,0.7059717639981671,-0.477322620959533,-0.5075884746607988,0.3846429179659029,0.0217648488232199,0.873599578696548,-0.4329716147839678,0.3838789577664104,0.4728639944338479,-0.3043584460457691,-0.8135146407881703,0.3737598117958623,0.0565947570517547,-0.6681527434215168,0.6992645756864556,0.3716283546833369,0.8987456441956304,0.3980223426281501,-0.1734166956505934,0.3713266747552604,0.1165492937027288,-0.6731753267710386,0.6938788120128787,0.3521281243391706,0.0238498566892076,-0.7268905006356308,0.638518607853332,0.3439465379743217,-0.4960537173553142,0.7868762556312996,0.2665604438263365,0.3105443899332668,-0.4144621390665218,0.7896278963214495,0.3179382800282685,0.3065984984401974,0.3244787536697118,-0.9403302714841087,-0.0366715691305717,0.2973098896098677,0.4925555647759045,0.8358357883781062,0.2349019945460468,0.2946459854206179,-0.1450236881784766,0.9773038195667256,-0.0360519000851933,0.2853099919304167,-0.3792824430706779,0.8827024654623091,0.2095603718559509,0.28337446263863,0,0,0,0,0,0,0,0,0,0,0,0,0,0,0,0,0,0,0,1,0,0,0,0,0,0,0,0,0,0,0,1,0,0,0,0,0,0,0,0,0,0,0,0,0,0,0,0,0,0,0,1,0,0,0,0,0,0,0,0,1,0,0,0,0,0,0,0,0,0,0,0,0,0,0,0,0,0,0,0,0,0,0,0,0,0,0,0,0,0,0,0,0,0,0,0,0,0,0,1,0,0,0,1,0,0,0,0,0,0,0,0,0,0,0,0,0,0,0,0,0,0,0,0,0,0,0,0,0,0,0,0,0,0,0,0,0,0,0,1,0,0,0,0,0,0,0,0,1,0,0,0,0,0,0,0,0,0,0,0,0,0,0,0,0,0,0,0,0,0,0,1,0,0,0,0,0,0,0,0,0,0,0,0,0,0,1,0,0,0,0,0,0,0,0,0,0,0,0,0,0,0,0,0,0,0,0,0,0,0,0,0,0,0,0,0,0,0,0,1,0,0,0,1,0,0,0,0,0,0,0,0,0,0,0,0,0,0,0,0,0,0,0,0,0,0,0,0,0,0,0,1,0,0,0,0,0,0,0,0,0,0,0,1,0,0,0,0,0,0,0,0,0,0,0,0,0,0,0,0,0,0,0,0,0,0,0,0,0,0,0,0,0,0,0,1,0,0,0,0,0,0,0,0,0,1,0,0,0,0,0,0,0,0,0,0,0,0,0,0,0,0,0,0,0,0,0,0,0,0,0,1,0,0,0,0,0,0,0,0,0,0,0,0,0,0,0,0,1,0,0,0,0,0,0,0,0,0,0,0,0,0,0,0,0,0,0,0,0,0,0,0,0,0,0,0,0,0,0,1,0,0,0,1,0,0,0,0,0,0,0,0,0,0,0,0,0,0,0,0,0,0,0,0,0,0,0,0,0,0,0,1,0,0,0,0,0,0,0,0,0,0,0,1,0,0,0,0,0,0,0,0,0,0,0,0,0,0,0,0,0,0,0,0,0,0,0,0,0,0,0,0,0,0,0,0,0,0,0,1,0,0,0,0,0,0,1,0,0,0,0,0,0,0,0,0,0,0,0,0,0,0,0,0,0,0,0,0,0,0,0,0,0,0,0,0,0,0,0,1,1,0,0,0,0,0,0,0,0,0,0,0,0,0,0,0,0,0,0,0,0,0,0,0,0,0,0,0,0,0,0,1,0,0,0,0,0,0,0,0,0,0,0,0,0,0,0,0,1,0,0,0,0,0,0,0,0,0,0,0,0,0,0,0,0,0,0,0,0,0,0,0,0,0,0,1,0,0,0,0,0,0,0,0,0,0,0,0,0,0,0,1,0,0,0,0,0,0,0,0,0,0,0,0,0,0,0,0,0,0,0,0,0,0,0,0,0,0,0,1,0,0,0,0,0,0,0,0,1,0,0,0,0,0,0,0,0,0,0,0,0,0,0,0,0,0,0,0,0,0,0,1,0,0,0,0,0,0,0,0,0,0,0,0,0,0,0,0,0,0,0,0,0,0,0,0,1,0,0,0,0,0,0,0,0,0,0,0,0,0,0,0,0,0,0,0,0,0,0,1,0,0,0,0,0,0,0,0,1,0,0,0,0,0,0,0,0,0,0,0,0,0,0,0,0,0,0,0,0,0,0,0,0,0,0,0,0,0,0,1,0,0,0,0,0,0,0,0,1,0,0,0,0,0,0,0,0,0,0,0,0,0,0,0,0,0,0,0,0,0,0,1,0,0,0,0,0,0,0,0,0,0,0,0,0,0,0,0,1,0,0,0,0,0,0,0,0,0,0,0,0,0,0,0,0,0,0,0,0,0,0,1,0,0,0,0,0,0,0,0,0,0,0,0,0,0,0,0,1,0,0,0,0,0,0,0,0,0,0,0,0,0,0,0,0,0,0,0,0,0,0,0,0,0,0,0,0,0,0,1,0,0,0,1,0,0,0,0,0,0,0,0,0,0,0,0,0,0,0,0,0,0,0,0,0,0,0,0,0,0,0,1,0,0,0,0,0,0,0,0,0,0,0,0,0,0,0,0,0,0,0,1,0,0,0,0,0,0,0,0,0,0,0,0,0,0,0,0,0,0,0,1,0,0,0,0,0,0,0,0,0,0,0,1,0,0,0,0,0,0,0,0,0,0,0,0,0,0,0,0,0,0,0,0,0,0,0,0,0,0,0,1,0,0,0,0,0,0,0,0,0,0,0,1,0,0,0,0,0,0,0,0,0,0,0,0,0,0,0,0
8.43,19,1.0,7.851327839066053e-18,3.345736675208784e-17,1.0465420929844822,0.7552290433309914,-0.5883742471649376,0.2300738851834987,0.5667307403099124,0.83417546339284,0.5418696748542426,2.5534915781043388e-17,0.5589097021039932,0.2118630329499972,-0.931749363964944,0.2188916255148166,0.4933418169745465,-0.0501801688984615,-0.9182951973310376,-0.2695888246127599,0.4810538898414669,-0.2435601091439453,0.741267156558728,-0.5680330556545167,0.4396218407684139,0.6629334658733481,-0.4416771165252332,0.5595515748051111,0.4328496971276344,0.4328710450053258,0.8636111463864891,-0.2077944141440238,0.4316957590021119,0.1591715231405358,0.7440767750887423,-0.6182861808533043,0.4302363928252973,-0.1996189714670341,0.8893855155547964,0.2791331415415265,0.4287506792165959,0.036039435870205,-0.8768003144936107,0.4016042574895045,0.4125607207265026,0.0967335224021648,-0.899948883040587,0.3363005173883978,0.3821806093525061,0.9128413915366276,0.3617184888626149,0.1089548398752343,0.3743099253634759,0.1108488858257824,0.9587889882961824,0.1421498664902187,0.3729930985673819,0.5396204851426762,-0.4986561550263996,-0.6414833188552398,0.3696278735159705,0.817964307545059,-0.515072939227325,-0.1045184477882215,0.3617332247272885,-0.1268328571077162,-0.8872227833457167,-0.2955217570714681,0.3418048530517766,0.2675045991975155,0.4884938296455973,-0.8116202286241991,0.3388511290266878,0.751537489488844,-0.4030439792434885,-0.4638398027141071,0.3322024117799474,-0.2492280186920303,0.0223811527512818,-0.9102734286086586,0.3268499526287169,0.5273447858413222,0.7985566193694896,-0.2356324729009454,0.3158100876252571,0.525073724874236,0.3185801924228444,-0.7760166700592641,0.3129130610832382,-0.2155368573864224,-0.0411385786266441,-0.9195386717751172,0.3090358234396673,0.2815925671004629,0.8227945193452099,0.445231870156247,0.3071517540194352,-0.193380256038707,0.1263478682550466,-0.9345195871516988,0.279752089748588,0,0,0,0,0,0,0,0,0,0,0,0,0,0,0,1,0,0,0,0,0,0,0,0,0,0,0,0,0,0,0,1,0,0,0,0,0,0,0,0,0,0,0,0,0,0,0,0,0,0,0,0,0,0,0,1,0,0,0,0,0,0,0,1,0,0,0,0,0,0,0,0,0,0,0,0,0,0,0,0,0,0,0,0,0,0,0,0,0,0,0,0,0,0,0,0,0,0,0,1,1,0,0,0,0,0,0,0,0,0,0,0,0,0,0,0,0,0,0,0,0,0,0,0,0,0,0,0,0,0,0,0,0,0,0,1,0,0,0,0,0,0,0,1,0,0,0,0,0,0,0,0,0,0,0,0,0,0,0,0,0,0,0,0,0,0,0,0,0,0,0,0,0,0,0,1,0,0,0,0,0,0,0,0,0,0,0,0,0,0,0,0,0,0,0,0,0,1,0,0,0,0,0,0,0,0,0,0,0,0,0,0,0,0,0,0,0,0,0,1,0,0,0,0,0,1,0,0,0,0,0,0,0,0,0,0,0,0,0,0,0,0,0,0,0,0,0,0,0,0,0,0,0,0,0,1,0,0,0,0,0,0,0,0,0,0,1,0,0,0,0,0,0,0,0,0,0,0,0,0,0,0,0,0,0,0,0,0,0,0,0,0,0,0,0,0,0,0,0,1,0,0,0,1,0,0,0,0,0,0,0,0,0,0,0,0,0,0,0,0,0,0,0,0,0,0,0,0,0,0,0,0,0,0,0,0,0,0,0,1,0,0,0,0,0,0,0,0,0,0,0,1,0,0,0,0,0,0,0,0,0,0,0,0,0,0,0,0,0,0,0,0,0,0,0,0,0,0,0,1,0,0,0,0,0,0,0,0,1,0,0,0,0,0,0,0,0,0,0,0,0,0,0,0,0,0,0,0,0,0,0,0,0,0,0,1,0,0,0,0,0,0,0,0,0,0,0,0,1,0,0,0,0,0,0,0,0,0,0,0,0,0,0,0,0,0,0,0,0,0,0,0,0,0,0,1,0,0,0,0,0,0,0,0,0,0,0,0,1,0,0,0,0,0,0,0,0,0,0,0,0,0,0,0,0,0,0,0,0,0,0,0,0,0,0,0,0,0,0,1,0,0,0,0,0,0,0,0,0,0,0,0,0,0,0,0,1,0,0,0,0,0,0,0,0,0,0,0,0,0,0,0,0,0,0,0,0,0,0,1,0,0,0,1,0,0,0,0,0,0,0,0,0,0,0,0,0,0,0,0,0,0,0,0,0,0,0,0,0,0,0,0,0,0,0,1,0,0,0,0,0,0,0,0,0,1,0,0,0,0,0,0,0,0,0,0,0,0,0,0,0,0,0,0,0,0,0,0,0,0,0,0,0,0,0,1,0,0,0,0,1,0,0,0,0,0,0,0,0,0,0,0,0,0,0,0,0,0,0,0,0,0,0,0,0,0,0,0,0,0,0,0,0,0,0,1,0,0,0,0,0,0,0,0,0,0,0,0,0,1,0,0,0,0,0,0,0,0,0,0,0,0,0,0,0,0,0,0,0,0,0,1,0,0,0,0,0,0,0,0,1,0,0,0,0,0,0,0,0,0,0,0,0,0,0,0,0,0,0,0,0,0,0,0,0,0,0,0,0,0,0,0,0,0,0,1,0,0,0,0,0,0,0,0,0,0,0,0,0,0,0,1,0,0,0,0,0,0,0,0,0,0,0,0,0,0,0,0,0,0,0,1,0,0,0,0,0,0,0,0,0,0,0,0,0,0,0,0,1,0,0,0,0,0,0,0,0,0,0,0,0,0,0,0,0,0,0,0,0,0,0,0,0,0,0,0,0,0,0,1,0,0,0,0,0,0,1,0,0,0,0,0,0,0,0,0,0,0,0,0,0,0,0,0,0,0,0,0,0,0,0,1,0,0,0,0,0,0,0,0,0,0,0,0,0,0,0,0,0,0,0,0,0,0,0,0,1,0,0,0,0,0,0,0,0,0,0,0,0,0,0,1,0,0,0,0,0,0,0,0,0,0,0,0,0,0,0,0,1,0,0,0,0,0,0,0,0,0,0,0,0,0,0,0,0,0,0,0,0,0,0,0,0,0,0,0,0,0,0,1,0,0,0,1,0,0,0,0,0,0,0,0,0,0,0,0,0,0,0,0,0,0,0,0,0,0,0,0,0,0,0,1,0,0,0,0,0,0,0,0,0,0,0,1,0,0,0,0,0,0,0,0,0,0,0,0,0,0,0,0
7.73,20,1.0,4.278908034294168e-18,-1.3966965326880953e-17,1.047850980691265,0.7767455377517976,0.6184935108262933,1.2390707313422317e-17,0.5812378262338495,0.7918783384614121,-0.5088915885425218,0.3201694869887537,0.5490139144168216,-0.5040471484580196,0.8200231482837695,0.0134749150699975,0.4857817161893931,0.3084814523620731,-0.8979780150029055,0.2853266105815392,0.4711109330982228,-0.0116672626628857,-0.8734239170697501,0.3317119082472744,0.4679497177440595,0.6775757458286208,-0.284527545659799,0.6638578922246985,0.4510979657515007,0.3491150109347044,0.865497905652818,-0.3168969230862477,0.449361976603908,0.1676841666695808,0.6262536930278099,-0.7416652241667607,0.4272948023925978,0.0963569563049835,-0.9187363633151676,0.1211942394837233,0.4233155541435368,-0.6074679384185944,0.6730318343791073,0.316931659626819,0.4072018923614235,-0.0641893126295746,0.9738163951837564,-0.0249828675951991,0.4002529227083733,0.0883878738052926,-0.4852743294913832,-0.8524336873112549,0.3922980173514881,0.7172119535663566,-0.3219279290898663,-0.596648111496547,0.3874014452985111,0.8403640475185268,0.4897739335116006,0.1849982452203386,0.3823809474703336,-0.1511271786379891,0.6517168169777889,-0.7019343975683773,0.3696278735159705,0.8839619066554715,-0.4403509653618348,0.0195537226495157,0.3509989435819288,-0.7881628621432749,-0.2532961644869571,-0.4788775889354192,0.3454476255577862,0.3402996274250714,0.3630267898491194,-0.8563719177069089,0.3334235608718596,-0.1624116473720102,-0.3111703494526571,-0.9169298088389976,0.3284635408197558,0.8371492689795448,-0.3779315441924122,-0.3577459908663237,0.3208528191043714,0.28220062371557,-0.8598994896136751,0.4126510234881262,0.3196362409152244,0.4262360196933992,0.8493588352158487,-0.2645577009842834,0.318938664359738,-0.0649792412017486,0.9497915434510892,0.0344863927541168,0.3112711317694018,0.6029720629264755,0.3119975116954496,-0.723617777540184,0.3001380039458587,0,0,0,0,0,0,0,0,0,0,0,0,0,0,0,1,0,0,0,0,0,0,0,0,0,0,0,0,0,0,0,1,0,0,0,0,0,0,0,0,0,0,0,0,0,0,0,0,0,0,0,0,0,0,0,1,0,0,0,0,1,0,0,0,0,0,0,0,0,0,0,0,0,0,0,0,0,0,0,0,0,0,0,0,0,0,0,0,0,0,0,0,0,0,0,1,0,0,0,0,0,0,0,1,0,0,0,0,0,0,0,0,0,0,0,0,0,0,0,0,0,0,0,0,0,0,0,0,0,0,0,0,0,0,0,1,0,0,0,0,0,0,0,0,0,0,0,0,0,0,0,0,0,0,0,0,0,1,0,0,0,0,0,0,0,0,0,0,0,0,0,0,0,0,0,1,0,0,0,0,0,0,0,1,0,0,0,0,0,0,0,0,0,0,0,0,0,0,0,0,0,0,0,0,0,0,0,0,0,0,0,0,0,0,0,1,0,0,0,0,0,0,0,0,0,0,0,0,1,0,0,0,0,0,0,0,0,0,0,0,0,0,0,0,0,0,0,0,0,0,0,0,0,0,0,1,0,0,0,0,0,0,0,0,0,0,1,0,0,0,0,0,0,0,0,0,0,0,0,0,0,0,0,0,0,0,0,0,0,0,0,0,0,0,0,1,0,0,0,0,0,0,0,1,0,0,0,0,0,0,0,0,0,0,0,0,0,0,0,0,0,0,0,0,0,0,0,0,0,0,0,0,0,0,0,1,0,0,0,0,0,0,0,0,0,0,0,0,0,0,0,1,0,0,0,0,0,0,0,0,0,0,0,0,0,0,0,0,0,0,0,0,0,0,0,1,0,0,0,0,0,0,0,0,0,0,0,0,1,0,0,0,0,0,0,0,0,0,0,0,0,0,0,0,0,0,0,0,0,0,0,0,0,0,0,1,0,0,0,0,0,0,0,0,0,0,0,0,0,1,0,0,0,0,0,0,0,0,0,0,0,0,0,0,0,0,0,0,0,0,0,0,0,0,0,1,0,0,0,0,0,0,0,1,0,0,0,0,0,0,0,0,0,0,0,0,0,0,0,0,0,0,0,0,0,0,0,0,0,0,0,1,0,0,0,0,0,0,0,0,0,0,0,0,0,0,0,0,0,0,0,0,0,0,0,0,1,0,0,0,0,0,0,0,0,0,0,0,0,0,0,0,0,0,0,0,0,0,0,1,0,0,0,0,0,1,0,0,0,0,0,0,0,0,0,0,0,0,0,0,0,0,0,0,0,0,0,0,0,0,0,0,0,0,0,1,0,0,0,0,0,0,0,0,0,0,0,0,0,0,0,0,0,0,0,0,1,0,0,0,0,0,0,0,0,0,0,0,0,0,0,0,0,0,0,1,0,0,0,0,0,0,0,0,0,1,0,0,0,0,0,0,0,0,0,0,0,0,0,0,0,0,0,0,0,0,0,0,0,0,0,0,0,0,0,1,0,0,0,0,1,0,0,0,0,0,0,0,0,0,0,0,0,0,0,0,0,0,0,0,0,0,0,0,0,0,0,0,0,0,0,1,0,0,0,0,0,0,0,0,0,0,0,0,0,0,0,0,1,0,0,0,0,0,0,0,0,0,0,0,0,0,0,0,0,0,0,0,0,0,0,0,0,0,0,0,0,0,0,1,1,0,0,0,0,0,0,0,0,0,0,0,0,0,0,0,0,0,0,0,0,0,0,0,0,0,0,0,0,0,0,1,0,0,0,0,0,0,0,0,1,0,0,0,0,0,0,0,0,0,0,0,0,0,0,0,0,0,0,0,0,0,0,0,0,0,0,0,0,0,0,0,0,0,0,0,0,0,0,1,0,0,0,0,0,0,0,0,0,0,0,1,0,0,0,0,0,0,0,0,0,0,0,0,0,0,0,0,0,0,0,0,0,0,0,1,0,0,0,0,0,0,0,0,0,0,0,0,0,0,0,0,0,0,0,0,0,1,0,0,0,0,0,0,0,0,0,0,0,0,0,0,0,0,0,1,0,0,0,0,0,0,0,0,0,0,1,0,0,0,0,0,0,0,0,0,0,0,0,0,0,0,0,0,0,0,0,0,0,0,0,0,0,0,0,1,0,0,0,0,0,0,0,0,0,0,0,0,1,0,0,0,0,0,0,0,0,0,0,0,0,0,0,0,0,0,0,0,0,0,0,0,0,0,0,0,0,0,0,1,0,0,0,0,0,0,0,0,0,0,0,0,0,0,0,0,1,0,0,0
7.83,21,1.0,-2.7969380587813853e-18,2.1542039156273885e-18,1.05345326075106,0.7935242325373733,0.6065165359965283,-5.792712080898991e-18,0.556866345899851,-0.8018986303523722,0.072191607365815,0.5724595091050505,0.5448147026846459,0.8389227329038784,-0.536216889004699,-0.0601492610137757,0.5268481201453772,-0.1852971920024028,0.9316732428221564,-0.2822782783505316,0.4992704496166079,-0.4597790330958639,-0.3154349594773648,-0.8141603421664702,0.4741317323937878,0.2954766111311367,0.9508642385268404,0.0262209305980802,0.4574809387448775,0.0974910634290658,-0.959535281746578,-0.2543463744423995,0.4478510050852468,0.3892206991057837,-0.9170025572922488,0.0488073495283048,0.4455591701751634,0.3220267812511087,-0.0873368409037419,-0.9340129016070768,0.4395974991446482,-0.7867812591879739,-0.1478935186504323,-0.5790948348033391,0.4185178345316757,0.155237401343655,-0.8311874794551875,0.5269666967307146,0.41438827228245,-0.1747191892167421,0.7064627101962709,-0.6720242301700717,0.3942831522821918,0.9036469605104268,-0.3657572812425291,0.1735490764991919,0.3897233552746991,-0.438374292427682,0.8867223590291617,-0.0838437969223342,0.3874014452985111,0.0738557930631085,-0.6707833187524246,0.6866929734240289,0.3786509091627174,0.7791210034232507,-0.4008785756041902,-0.473520410882034,0.371819830469488,0.141001203624968,0.8684346095903799,0.4674176452092705,0.3695509162444711,0.8882848304544458,0.4504990075641446,-0.0588379915807558,0.3666304292112828,-0.7503774893079967,-0.6379670314560563,-0.1193275550067585,0.3662832522738126,-0.9021934420554348,-0.0228858153880394,0.4065746058095572,0.3657532107942302,0.5440243856750334,-0.2556532917427838,-0.7936083610382149,0.3631563388055071,-0.7724870702835711,0.2536744851412853,-0.5623364256734755,0.3568396062315029,-0.8870727547185966,-0.3786997319906701,-0.2250733352618984,0.3435957601950373,0.1354502878324281,0.6236489926070014,-0.7609197699487567,0.3351006299178579,0,0,0,0,0,0,0,0,0,0,0,0,0,0,0,0,0,0,0,1,0,0,0,0,0,0,0,0,0,0,0,1,0,0,0,0,0,0,0,0,0,0,0,0,0,0,0,0,0,0,0,0,0,0,0,1,0,0,0,0,1,0,0,0,0,0,0,0,0,0,0,0,0,0,0,0,0,0,0,0,0,0,0,0,0,0,0,0,0,0,0,1,0,0,0,0,0,0,0,0,0,0,0,0,0,0,0,0,0,0,0,0,0,0,0,0,1,0,0,0,0,0,0,0,0,0,0,0,0,0,0,0,0,0,0,0,0,0,0,1,0,0,0,1,0,0,0,0,0,0,0,0,0,0,0,0,0,0,0,0,0,0,0,0,0,0,0,0,0,0,0,0,0,0,0,1,0,0,0,0,0,0,0,0,0,0,0,0,0,0,0,1,0,0,0,0,0,0,0,0,0,0,0,0,0,0,0,0,0,0,0,0,0,0,0,0,0,0,0,1,0,0,0,0,0,0,0,0,0,0,0,0,0,0,0,0,1,0,0,0,0,0,0,0,0,0,0,0,0,0,0,0,0,0,0,1,0,0,0,0,0,0,0,1,0,0,0,0,0,0,0,0,0,0,0,0,0,0,0,0,0,0,0,0,0,0,0,0,0,0,0,0,0,0,0,0,0,0,0,1,0,0,0,0,0,0,0,0,1,0,0,0,0,0,0,0,0,0,0,0,0,0,0,0,0,0,0,0,0,0,0,0,0,0,0,0,0,0,0,1,0,0,0,1,0,0,0,0,0,0,0,0,0,0,0,0,0,0,0,0,0,1,0,0,0,0,0,0,0,0,0,0,0,0,0,0,0,0,0,0,0,0,0,0,0,1,0,0,0,0,0,0,0,0,0,0,0,0,0,0,0,0,0,0,0,0,0,0,0,0,0,0,0,0,0,0,0,0,0,1,1,0,0,0,0,0,0,0,0,0,0,0,0,0,0,0,0,0,0,0,0,0,0,0,0,0,0,0,0,0,0,0,0,0,0,0,0,0,0,1,0,0,0,1,0,0,0,0,0,0,0,0,0,0,0,0,0,0,0,0,0,0,0,0,0,0,0,0,0,0,0,0,0,0,0,1,0,0,0,0,1,0,0,0,0,0,0,0,0,0,0,0,0,0,0,0,0,0,0,0,0,0,0,0,0,0,0,0,0,0,0,0,0,0,0,0,0,0,0,1,0,0,0,0,0,0,1,0,0,0,0,0,0,0,0,0,0,0,0,0,0,0,0,0,0,0,0,0,0,0,0,0,0,0,0,1,0,0,0,0,0,0,0,0,0,1,0,0,0,0,0,0,0,0,0,0,0,0,0,0,0,0,0,0,0,0,0,0,0,0,0,0,0,0,0,0,0,0,0,1,0,0,0,0,0,0,0,0,1,0,0,0,0,0,0,0,0,0,0,0,0,0,0,0,0,0,0,0,0,0,0,0,0,0,0,0,0,0,0,1,1,0,0,0,0,0,0,0,0,0,0,0,0,0,0,0,0,0,0,0,0,0,0,0,0,0,0,0,0,0,0,0,0,0,0,1,0,0,0,0,0,0,0,1,0,0,0,0,0,0,0,0,0,0,0,0,0,0,0,0,0,0,0,0,0,0,0,0,0,0,0,0,0,0,0,1,0,0,0,0,0,0,0,0,0,0,0,0,0,0,0,0,0,0,0,0,1,0,0,0,0,0,0,0,0,0,0,0,0,0,0,0,0,0,0,0,0,0,0,1,0,0,0,0,0,0,1,0,0,0,0,0,0,0,0,0,0,0,0,0,0,0,0,0,0,0,0,0,0,0,0,1,0,0,0,0,0,0,0,0,1,0,0,0,0,0,0,0,0,0,0,0,0,0,0,0,0,0,0,0,0,1,0,0,0,0,0,0,0,0,0,0,0,0,0,0,0,0,0,0,0,0,0,0,0,0,0,0,0,0,0,1,0,0,0,0,0,0,0,0,0,0,0,0,0,0,0,0,0,0,0,0,0,0,0,1,0,0,0,0,0,0,0,0,0,0,0,0,0,0,0,1,0,0,0,0,0,0,0,0,0,0,0,0,0,0,0,0,0,0,0,0,0,0,0,0,0,0,0,1,0,0,0,1,0,0,0,0,0,0,0,0,0,0,0,0,0,0,0,0,0,0,0,0,0,0,0,0,0,0,0,0,0,0,0,1,0,0,0,0,0,0,0,0,0,0,0,0,0,0,0,0,0,0,0,0,1,0,0,0
8.37,22,1.0,1.1244597084375452e-18,2.1316526233923268e-17,1.0539544343101723,0.7600299285130963,-0.6212315953058016,-0.1378652995300722,0.5647231246694213,-0.6248765542905698,0.1547219467744649,0.7134385267850367,0.5496299499299792,0.8533862869473936,0.5148241465620755,-1.6839749983608174e-19,0.53730705181091,0.2427202061725024,-0.9595109236046632,0.0343050901831466,0.4853368016595021,-0.641220255910046,-0.1096798272824731,-0.70525557705875,0.4751015054513366,-0.0073684619271585,0.970277892319477,-0.1021341017742576,0.4624665493231462,0.0487810836860853,-0.2535759811388629,-0.9383733392116584,0.453387715179204,-0.3435137736620917,0.8928243767406461,0.1244578187655154,0.4395974991446482,0.4537850516111927,0.87552837289008,0.1067726565128011,0.4239608035670072,-0.8569740127136345,0.1095596050581296,-0.4066445695748757,0.4225685814776387,0.0675499703393796,-0.9522715140178752,-0.1569589387996233,0.4067290040454844,0.3910469877478376,-0.2316448919250438,-0.8688119903115039,0.4052813616329725,0.0537027041818455,-0.9493957032378028,-0.160209706231983,0.4022368941494066,0.8446372275989498,-0.4847095313031971,0.0786660737088036,0.398720621238429,0.1311565893266943,-0.8343603329389406,0.5100574630385444,0.3971203408970328,0.6459615904265926,-0.4753217329909255,-0.572743326659995,0.3946037092755314,0.2248167405470301,0.6076513158414877,0.7451578407727515,0.3898844813532377,-0.089931462046268,0.814147794125828,-0.5219394175968055,0.3868961612058121,-0.0656149880411269,-0.7614412515055744,0.5796455395079796,0.3723753362153272,0.9255714758143516,0.3359742010892239,-0.129133632723424,0.3663091190589079,-0.7509848282792297,0.1954737412798508,0.567019368396418,0.3650404683736173,-0.8774286980441619,-0.4249328850498947,0.0042804279520795,0.3584775380651747,-0.7335399856071092,0.4894227934996481,-0.3631150189596105,0.3537639766383895,-0.9544523641312302,-0.118446687599175,-0.0499562415129131,0.3486970275530042,0,1,0,0,0,0,0,0,0,0,0,0,0,0,0,0,0,0,0,0,0,0,0,0,0,0,0,0,0,0,0,1,0,0,0,0,0,0,0,0,0,1,0,0,0,0,0,0,0,0,0,0,0,0,0,0,0,0,0,0,0,0,0,1,0,0,0,0,0,0,0,0,0,0,0,0,0,0,0,0,0,0,0,0,0,0,0,0,0,0,0,0,0,0,0,0,0,0,0,1,0,0,0,0,0,0,0,0,0,0,0,0,0,0,0,0,1,0,0,0,0,0,0,0,0,0,0,0,0,0,0,0,0,0,0,0,0,0,0,1,1,0,0,0,0,0,0,0,0,0,0,0,0,0,0,0,0,0,0,0,0,1,0,0,0,0,0,0,0,0,0,0,0,0,0,0,0,0,0,0,0,0,0,1,0,0,0,0,0,0,0,0,0,0,0,0,0,0,0,0,0,0,0,0,0,0,0,0,0,0,0,0,0,0,0,1,0,0,0,0,0,0,0,0,0,0,0,0,0,0,0,0,0,0,0,0,1,0,0,0,0,0,0,0,0,0,0,0,0,0,0,0,0,0,0,0,0,0,0,1,0,0,0,0,0,0,0,0,0,0,0,1,0,0,0,0,0,0,0,0,1,0,0,0,0,0,0,0,0,0,0,0,0,0,0,0,0,0,0,0,0,0,0,0,0,1,0,0,0,0,0,0,0,0,0,0,0,0,0,0,0,0,0,0,0,0,0,0,0,0,0,0,0,0,0,0,0,0,0,1,0,0,0,0,0,1,0,0,0,0,0,0,0,0,0,0,0,0,0,0,0,0,0,0,0,0,0,0,0,0,0,0,0,0,0,0,0,0,0,1,0,0,0,1,0,0,0,0,0,0,0,0,0,0,0,0,0,0,0,0,0,0,0,0,0,0,0,0,0,0,0,0,0,0,0,1,0,0,0,0,1,0,0,0,0,0,0,0,0,0,0,0,0,0,0,0,0,0,0,0,0,1,0,0,0,0,0,0,0,0,0,0,0,0,0,0,0,0,0,0,0,0,0,0,0,0,0,0,1,0,0,0,0,0,0,0,0,0,0,0,1,0,0,0,0,0,0,0,0,0,0,0,0,0,0,0,0,0,0,0,0,0,0,0,0,0,0,0,0,0,0,1,0,0,0,0,0,0,0,0,0,1,0,0,0,0,0,0,0,0,0,0,0,0,0,0,0,0,0,0,0,0,0,0,0,0,0,0,1,0,0,0,0,0,0,0,0,0,0,0,0,1,0,0,0,0,0,0,0,0,0,0,0,0,0,0,0,0,0,0,0,0,0,0,0,0,1,0,0,0,0,0,0,0,0,0,0,0,0,0,0,1,0,0,0,0,0,0,0,0,0,0,0,0,0,0,0,0,0,0,0,0,0,1,0,0,0,0,0,0,0,0,0,0,0,0,0,0,0,0,0,1,0,0,0,0,0,0,0,0,0,0,0,0,0,0,0,0,0,0,1,0,0,0,0,0,0,0,0,0,0,0,0,0,0,0,0,0,0,0,0,0,0,0,0,0,0,0,0,0,0,0,0,0,0,0,0,0,0,1,0,0,0,0,0,0,0,0,1,0,0,0,0,0,0,0,0,0,0,0,0,0,0,0,0,0,0,0,0,0,0,0,0,0,0,1,0,0,0,0,1,0,0,0,0,0,0,0,0,0,0,0,0,0,0,0,0,0,0,0,0,1,0,0,0,0,0,0,0,0,0,0,0,0,0,0,0,0,0,0,0,0,0,0,0,0,0,0,1,0,0,0,0,0,0,0,0,0,0,0,0,0,0,0,0,0,0,0,0,0,0,0,0,0,0,0,0,0,0,1,0,0,0,0,0,0,0,0,0,0,0,0,0,0,0,0,1,0,0,0,0,0,0,0,0,0,0,0,0,0,0,0,0,0,0,0,0,0,0,1,1,0,0,0,0,0,0,0,0,0,0,0,0,0,0,0,0,0,0,0,0,0,0,0,0,0,0,0,0,0,0,0,0,0,0,1,0,0,0,0,0,0,0,0,0,0,1,0,0,0,0,0,0,0,0,0,0,0,0,0,0,0,0,0,0,0,0,0,0,0,0,0,0,0,0,1,0,0,0,0,0,0,0,0,0,0,0,0,0,0,0,1,0,0,0,0,0,0,0,0,0,0,0,0,0,0,0,0,0,0,0,0,0,0,0,1,0,0,0,0,0,0,0,1,0,0,0,0,0,0,0,0,0,0,0,0,0,0,0,0
7.74,23,1.0,9.8782095109831e-18,4.5449921758304376e-18,1.051711299784275,-0.7719898463168768,0.0035283964997162,-0.2701503451300694,0.5897477419060096,0.73021648192468,-0.5134534767310567,0.3817181515200963,0.5807189883185357,0.8274502058573869,0.5497304742213485,1.597228642830907e-17,0.5457001274838127,0.2070168584960822,-0.8932180275024105,0.3520472536381723,0.4962387729980409,0.5858402822921593,-0.2869078341532593,0.6886047920597335,0.4604795294835641,-0.0638952057820726,0.5687124896294131,-0.695077779184223,0.4533877151792039,0.4927936202193662,0.7875144299587705,-0.3158185919175456,0.4269679629295516,0.3030368420956874,0.5832212307770686,-0.683186530520787,0.423164612694366,-0.0115559337076925,-0.9215375407512,0.2528517080166725,0.42076335812492,0.0314376202510344,-0.8420733346082219,0.3933349664260537,0.4025543331536753,0.0836581813668309,-0.8447470455740429,0.3995068155794596,0.3878252189975371,0.0298114996181273,0.9032642073192406,0.1461907265593091,0.3871604097293518,0.6657140424761977,-0.449903902510757,-0.4650027940292595,0.3844985735457198,0.1291325399246228,-0.5231610694736749,-0.7351769306060071,0.3792100395388259,0.126151740368767,0.926771870696366,-0.0953081009884503,0.3766570748622984,-0.7531856280734937,0.0177249036060545,-0.3993346936941088,0.3758755876113833,0.8537474693527877,0.4415368544028712,0.1699425087583823,0.3699603962674023,0.8188095729976977,-0.4628664503855927,0.0904335898141878,0.362408878208707,-0.1441929870654544,-0.3543523007231571,-0.8109749770589214,0.3536823038516773,-0.5136112448558018,-0.6565165276541401,-0.4215437993604101,0.3392411526231882,-0.0916165422445195,0.8916646169464235,-0.0067814338271885,0.3358284260584906,0.4237186287262096,0.3120616201763427,-0.7828525998320411,0.3322064775986754,0.7991647147757449,-0.4107905743669746,-0.2688741886952514,0.3276289483400654,0.5874597962345669,0.7418944806043489,-0.2988946247126847,0.3123558556156016,1,0,0,0,0,0,0,0,0,0,0,0,0,0,0,0,0,0,0,0,0,0,0,0,0,0,0,0,0,0,0,1,0,0,0,0,0,0,0,0,0,0,0,0,0,0,0,0,0,0,0,0,0,0,0,1,0,0,0,0,0,0,0,0,0,0,0,0,0,0,0,0,0,0,0,0,1,0,0,0,1,0,0,0,0,0,0,0,0,0,0,0,0,0,0,0,0,0,0,0,0,0,0,1,0,0,0,0,0,0,0,0,0,0,0,0,0,0,0,0,0,1,0,0,0,0,0,0,0,0,0,0,0,0,0,0,0,0,0,0,1,0,0,0,0,0,0,0,0,0,0,0,0,0,0,0,0,0,0,0,1,0,0,0,0,0,0,0,0,0,0,0,0,0,0,0,0,0,0,0,0,0,0,1,0,0,0,0,0,0,0,0,0,0,0,0,0,0,0,0,1,0,0,0,0,0,0,0,0,0,0,0,0,0,0,0,0,0,0,0,0,0,0,0,0,0,1,0,0,0,0,0,0,0,0,0,0,0,0,0,0,1,0,0,0,0,0,0,0,0,0,0,0,0,0,0,0,0,0,0,0,0,0,0,0,1,0,0,0,0,0,0,0,0,0,0,0,0,0,0,0,1,0,0,0,0,0,0,0,0,0,0,0,0,0,0,0,0,0,0,0,0,0,1,0,0,0,0,0,0,0,0,0,0,0,0,0,0,0,0,0,1,0,0,0,0,0,0,0,0,0,0,0,0,0,0,0,0,0,0,0,0,0,0,0,0,0,0,0,0,0,1,0,0,0,0,0,0,0,0,1,0,0,0,0,0,0,0,0,0,0,0,0,0,0,0,0,0,0,0,0,0,0,0,0,0,0,0,1,0,0,0,0,0,0,0,0,0,0,0,1,0,0,0,0,0,0,0,0,0,0,0,0,0,0,0,0,0,0,0,0,0,0,0,0,0,0,0,1,0,0,0,0,0,0,0,0,0,0,0,1,0,0,0,0,0,0,0,0,0,0,0,0,0,0,0,0,0,0,0,0,0,0,0,0,0,0,0,1,0,0,0,0,0,0,0,0,0,0,0,0,1,0,0,0,0,0,0,0,0,0,0,0,0,0,0,0,0,0,0,0,0,0,0,0,0,0,0,1,0,0,0,0,0,0,0,0,0,0,0,0,1,0,0,0,0,0,0,0,0,0,0,0,0,0,0,0,0,0,0,0,0,0,0,0,1,0,0,0,0,0,0,0,0,0,0,0,0,0,0,0,0,0,0,0,0,0,0,0,0,0,0,0,0,0,1,0,0,0,0,0,0,0,0,0,0,0,0,0,0,0,0,0,0,0,0,1,0,0,0,0,1,0,0,0,0,0,0,0,0,0,0,0,0,0,0,0,0,0,0,0,0,0,1,0,0,0,0,0,0,0,0,0,0,0,0,0,0,0,0,0,0,0,0,0,0,0,0,0,0,0,0,0,0,0,1,0,0,0,0,1,0,0,0,0,0,0,0,0,0,0,0,0,0,0,0,0,0,0,0,0,1,0,0,0,0,0,0,0,0,0,0,0,0,0,0,0,0,0,0,0,0,0,0,0,0,0,0,0,0,0,0,0,0,0,0,1,0,0,0,1,0,0,0,0,0,0,0,0,0,0,0,0,0,0,0,0,0,0,0,1,0,0,0,0,0,0,0,0,0,0,0,0,0,0,0,0,0,0,0,0,0,0,0,0,0,0,0,0,0,0,0,0,0,0,1,0,0,0,0,1,0,0,0,0,0,0,0,0,0,0,0,0,0,0,0,0,0,0,0,0,0,0,0,0,0,0,0,0,0,0,0,0,0,0,1,0,0,0,0,0,0,0,0,0,0,1,0,0,0,0,0,0,0,0,0,0,0,0,0,0,1,0,0,0,0,0,0,0,0,0,0,0,0,0,0,0,0,0,0,0,0,0,0,0,0,0,0,1,0,0,0,0,0,0,0,0,0,0,0,0,0,0,0,0,0,0,0,0,0,0,0,0,0,0,0,0,0,0,1,1,0,0,0,0,0,0,0,0,0,0,0,0,0,0,0,0,0,0,0,0,1,0,0,0,0,0,0,0,0,0,0,0,0,0,0,0,0,0,0,0,0,0,0,0,0,0,0,0,0,0,1,0,0,0,0,0,0,0,0,0,1,0,0,0,0,0,0,0,0,0,0,0,0,0,0,0,0,0,0,0,0,0,0,0,0,1,0,0,0,0,0,0,0,0,0,0,0,0,0
7.98,24,1.0,-1.4537720762891982e-17,6.020263479054322e-18,1.0543052795768175,0.7628050006265352,0.6374504441638226,1.3201339661833402e-20,0.5869393554008463,-0.8098946927761437,-0.0645580760190535,0.1808236854696695,0.5833404129875523,0.8386744175820289,-0.4906185253711294,0.1108180091091873,0.5281672587191585,-0.0660724384180228,0.7702794662555534,-0.5136045238643245,0.4756588653544461,0.2686371211544154,0.9239996180689518,-0.1468997106779186,0.4670754701644978,0.4096184344344352,-0.8755455541044315,0.2019194510379036,0.4472943595413179,0.5280390553351787,-0.182138596529185,-0.7634935419213933,0.4307194231718325,-0.1340604009602632,-0.417273613977159,-0.8033677190523969,0.4288159175667085,0.8534106200337532,-0.2629038239765484,0.3485559554111849,0.4041889739079972,-0.018894830393305,0.9153679306189336,0.224493061263441,0.3918026421105339,0.3239496461973598,-0.9020517398636628,0.0251573583124827,0.3916522430167616,-0.3134342292203344,0.7670107945532598,-0.3590574365392932,0.3844985735457198,-0.4521657935036348,-0.256956869615588,-0.7265990687432391,0.3837527322198592,0.8489608087973248,0.494445092402404,0.0379665013471992,0.3808449826537826,-0.8557368099773356,-0.0292092512843529,0.0157393663592749,0.3782237289103414,0.2166008288194152,-0.910016907921994,0.0555217944011369,0.3682825567979769,0.0832384292564519,0.5414007912455885,-0.764549769288682,0.367885947822279,0.103072480497982,-0.7927934836343344,0.5699601093060751,0.3647426779405683,0.8288120269582979,-0.4016089082390605,-0.2609167605413965,0.3616321640908787,-0.5853874097213028,-0.6734855199946259,-0.2943115576813219,0.3575508635612717,0.6783368001904776,-0.327280793713608,-0.5758621867493903,0.3507829633052993,0.3406343035156864,0.9091341683807772,-0.181901352908654,0.3289049609102589,-0.1491681084875977,-0.73165861244468,0.60738166813296,0.3242895982219401,-0.5898111782288087,0.1621262753772897,-0.7004946590968029,0.2750835299857325,0,1,0,0,0,0,0,0,0,0,0,0,0,0,0,0,0,0,0,0,0,0,0,0,0,0,0,0,0,0,0,1,0,0,0,0,0,0,0,0,1,0,0,0,0,0,0,0,0,0,0,0,0,0,0,0,0,0,0,0,1,0,0,0,0,0,0,0,0,0,0,0,0,0,0,0,0,0,0,0,0,0,0,0,0,0,0,0,0,0,0,0,0,0,0,1,0,0,0,0,0,0,0,0,0,0,0,0,0,0,0,0,0,0,0,0,1,0,0,0,0,1,0,0,0,0,0,0,0,0,0,0,0,0,0,0,0,0,0,0,0,0,0,1,0,0,0,0,0,0,0,0,0,0,0,0,0,0,0,0,1,0,0,0,0,0,0,0,0,0,0,0,0,0,0,0,0,0,0,0,0,0,0,0,0,0,0,0,0,0,0,1,0,0,0,0,0,0,0,0,1,0,0,0,0,0,0,0,0,0,0,0,0,0,0,0,0,0,0,0,0,0,0,1,0,0,0,0,0,0,0,0,0,0,0,0,0,0,0,0,0,1,0,0,0,0,0,0,0,0,0,0,0,0,0,0,0,0,0,0,0,0,0,1,0,0,0,0,0,0,0,0,0,0,0,0,0,0,0,0,0,0,0,0,0,0,1,0,0,0,0,0,0,0,0,0,0,0,0,0,0,0,0,0,0,1,0,0,0,0,0,0,0,0,0,0,0,0,0,0,0,0,0,0,0,0,0,0,0,0,0,0,0,0,0,0,0,0,0,1,0,0,0,0,0,0,0,0,0,0,0,0,0,0,0,0,1,0,0,0,0,1,0,0,0,0,0,0,0,0,0,0,0,0,0,0,0,0,0,0,0,0,0,0,0,0,1,0,0,0,0,0,0,0,0,0,0,0,0,0,1,0,0,0,0,0,0,0,0,0,0,0,0,0,0,0,0,0,0,0,0,0,0,1,0,0,0,0,0,0,0,0,0,0,0,0,0,0,0,0,0,1,0,0,0,0,0,0,0,0,0,0,0,0,0,0,0,0,0,0,0,0,0,0,0,0,0,0,1,0,0,0,0,0,0,0,0,0,0,0,1,0,0,0,0,0,0,0,0,0,0,0,0,0,0,0,0,0,0,0,0,0,0,0,0,1,0,0,0,0,0,0,0,0,0,0,0,0,0,0,0,0,0,0,0,0,0,0,0,0,0,0,0,0,0,0,0,0,0,1,1,0,0,0,0,0,0,0,0,0,0,0,0,0,0,0,0,0,0,0,1,0,0,0,0,0,0,0,0,0,0,0,0,0,0,0,0,0,0,0,0,0,0,0,0,0,0,0,0,0,0,0,0,0,0,0,1,0,0,0,0,0,0,0,0,0,0,0,0,0,0,0,0,0,0,1,0,0,0,0,1,0,0,0,0,0,0,0,0,0,0,0,0,0,0,0,0,0,0,0,0,1,0,0,0,0,0,0,0,0,0,0,0,0,0,0,0,0,0,0,0,0,0,0,0,0,0,0,1,0,0,0,0,0,0,0,0,0,0,0,0,1,0,0,0,0,0,0,0,0,0,0,0,0,0,0,0,0,0,0,1,0,0,0,0,0,0,0,0,0,0,0,0,0,0,0,0,0,0,0,0,1,0,0,0,0,0,0,0,0,0,0,0,0,0,0,0,0,0,0,0,0,0,1,0,0,0,0,0,0,0,0,0,0,0,0,0,0,0,0,0,1,0,0,0,0,0,0,0,0,0,0,0,0,0,0,0,0,0,0,1,0,0,0,0,0,0,0,0,0,0,0,0,0,0,0,0,0,0,0,0,0,0,0,0,0,0,0,0,0,0,0,0,0,0,0,0,0,0,1,0,0,0,0,0,0,1,0,0,0,0,0,0,0,0,0,0,0,0,0,0,0,0,0,0,0,1,0,0,0,0,0,0,0,0,0,0,0,0,0,0,0,0,0,0,0,0,0,0,0,0,1,0,0,0,0,0,0,0,0,1,0,0,0,0,0,0,0,0,0,0,0,0,0,0,0,0,0,0,0,0,0,0,0,0,0,1,0,0,0,0,0,0,0,0,0,0,0,0,0,0,1,0,0,0,0,0,0,0,0,0,0,0,0,0,0,0,0,0,0,0,0,0,0,0,0,0,0,1,0,0,0,0,0,0,0,0,0,0,0,0,1,0,0,0,0,0,0,0,0,0,0,0,0,0,0,0,0,0,0,0,0,0,0,0,0,0,0,0,0,0,1,0,0,0,0,0,0,0,0
8.73,25,1.0,-1.3522826109784986e-17,-7.408715206365332e-18,1.053515481269684,0.8404051579851444,0.5279069051449387,-1.0909777863346441e-18,0.578437413842953,-0.5620215875356861,-0.0696568225784196,0.761299484093327,0.5763680208681,0.7806242465861791,-0.5887897736744652,-0.1585062736771448,0.5555502651063629,-0.1283522691243694,0.9520360729914064,-0.0319187367746517,0.4998124810665635,-0.0281855698896525,-0.9390771088353372,-0.0926445699393044,0.4839400800190795,-0.6032087873891656,-0.1582093509169978,-0.7415690103977363,0.4797646970452748,0.2813032785573693,-0.9486823156156212,-0.0082706438403672,0.4779836034453911,0.1604700725973427,-0.0165483910054367,-0.9680343834937112,0.4648556539100562,0.0535334670146085,-0.9272416864278388,0.2002657623066167,0.4592462792092261,0.3895705791348229,0.8867547647507497,0.149272180895427,0.4579778955135129,-0.8648644171155911,-0.0088720146145209,-0.4194999943602578,0.4367160132872937,-0.4051631741821865,0.8380038500018525,0.1878518080766877,0.4307194231718325,-0.2230815056566453,0.8247735621745249,-0.4564942547934135,0.4019360742271498,0.847803445855352,-0.4725097062416171,0.090485221991631,0.3991865749724,-0.7702406254058229,-0.5886112775051131,-0.0258513987119385,0.3931813469061774,0.6693464925495077,-0.4261856704436231,-0.5824793210677528,0.3902147887254145,0.4126063659881286,-0.2302728473007108,-0.8617722472731076,0.3884713828215119,-0.7339561793146313,-0.0227835006867006,0.607759034088354,0.3809171600274103,0.9082818359419828,0.3696081799272225,-0.1348126867226264,0.3793741928700185,-0.8238546659672975,0.3892245536824845,-0.2934975999726987,0.3636607342779528,-0.9166997167628246,-0.2939684768171715,-0.0698166231156177,0.359875978382329,0.3168159374777834,0.739171864410519,0.5587684536521527,0.3565417737414951,0.0511222223629757,0.7373659192264749,-0.6406640339717111,0.3484749659267467,0.4340772052510301,0.8782972039337743,-0.0604997983078507,0.338657881587415,0,0,0,0,0,0,1,0,0,0,0,0,0,0,0,0,0,0,0,0,0,0,0,0,0,0,0,0,0,0,0,1,0,0,0,0,0,0,0,0,0,1,0,0,0,0,0,0,0,0,0,0,0,0,0,0,0,0,0,0,1,0,0,0,0,0,0,0,0,0,0,0,0,0,0,0,0,0,0,0,0,0,0,0,0,0,0,0,0,0,0,0,0,0,0,0,0,0,0,1,0,0,0,0,0,0,0,0,0,0,0,0,0,0,0,0,1,0,0,0,0,0,0,0,0,0,1,0,0,0,0,0,0,0,0,0,0,0,0,0,0,0,0,1,0,0,0,0,0,0,0,0,0,0,0,0,0,0,0,0,0,1,0,0,0,0,0,0,0,0,0,0,0,0,0,0,0,0,0,0,0,0,0,0,0,0,0,0,0,0,0,1,0,0,0,0,0,0,0,0,0,0,0,0,0,0,1,0,0,0,0,0,0,0,0,0,0,0,0,0,0,0,0,0,0,0,0,0,1,0,0,0,0,0,0,0,0,0,0,0,0,1,0,0,0,0,0,0,0,0,0,0,0,0,0,0,0,0,0,0,0,0,0,0,0,0,0,0,0,0,0,0,0,0,0,0,1,0,0,0,0,0,0,0,0,0,1,0,0,0,0,0,0,0,0,0,0,0,0,0,0,0,0,1,0,0,0,0,0,0,0,0,0,0,0,0,0,0,0,0,0,0,0,0,0,0,0,0,0,0,0,1,0,0,0,0,0,0,0,0,0,0,0,0,0,1,0,0,0,0,0,0,0,0,0,0,0,0,0,0,0,0,0,0,0,0,1,0,0,0,0,0,0,0,0,0,0,0,0,0,0,0,0,0,0,0,0,0,1,0,0,0,0,0,0,0,0,0,0,0,0,1,0,0,0,0,0,0,0,0,0,0,0,0,0,0,0,0,0,0,0,0,0,1,0,0,0,0,0,0,0,0,0,0,0,0,0,0,0,0,0,1,0,0,0,0,0,0,0,0,0,0,0,0,0,0,0,0,0,0,1,0,0,0,0,0,0,0,0,0,0,0,0,0,0,0,0,0,0,0,0,1,0,0,0,0,0,0,0,0,0,0,0,0,0,0,0,0,0,0,0,0,0,0,0,1,0,0,0,0,0,0,0,0,0,0,0,0,0,0,1,0,0,0,0,0,0,0,0,0,0,0,0,0,0,0,0,0,0,0,1,0,0,0,0,0,0,0,0,0,0,0,0,0,0,0,0,0,0,0,0,0,0,0,0,0,1,0,0,0,0,0,0,0,0,0,0,0,0,0,0,0,0,0,0,0,1,0,0,0,0,0,0,0,0,0,0,0,0,0,0,1,0,0,0,0,0,0,0,0,0,0,0,0,0,0,0,0,0,0,0,0,0,0,0,0,1,0,0,0,0,0,0,0,0,0,0,0,0,0,0,0,0,0,0,0,1,0,0,0,0,0,0,0,0,0,0,0,0,0,1,0,0,0,0,0,0,0,0,0,0,0,0,0,0,0,0,0,0,0,0,0,0,0,0,0,0,0,0,0,0,1,0,0,0,0,0,0,0,0,0,0,0,0,0,0,0,0,0,0,0,1,0,0,0,0,0,0,0,0,0,0,0,0,0,0,0,0,0,0,0,0,0,0,0,0,0,0,0,1,1,0,0,0,0,0,0,0,0,0,0,0,0,0,0,0,0,0,0,0,0,1,0,0,0,0,0,0,0,0,0,0,0,0,0,0,0,0,0,0,0,0,0,0,0,0,0,0,0,0,0,0,0,0,0,0,1,0,0,0,1,0,0,0,0,0,0,0,0,0,0,0,0,0,0,0,0,0,0,0,0,0,0,0,0,0,0,0,0,0,0,1,0,0,0,0,0,0,0,0,0,1,0,0,0,0,0,0,0,0,0,0,0,0,0,0,0,0,0,0,0,0,0,1,0,0,0,0,0,0,0,0,0,0,0,0,0,0,0,0,0,1,0,0,0,0,0,0,0,0,0,0,0,0,0,0,0,0,0,0,0,0,0,1,0,0,0,0,0,0,0,0,0,0,0,0,0,0,0,0,1,0,0,0,0,0,0,0,0,0,0,0,0,0,0,0,0,0,0,0,0,0,0,0,0,0,0,0,0,0,0,0,0,0,0,0,1,0,0,0,0,1,0,0,0,0,0,0,0,0,0,0,0,0,0,0,0,0,0,0,0,0,0,0,0,0,1,0,0,0,0,0,0,0,0,0,0,0,0,0
7.8,26,1.0,-7.323297641359066e-18,1.7034976686038428e-17,1.0535476413604534,0.730505305525264,-0.6552397836955965,-0.1368403836929534,0.579813797036803,-0.6600857032761829,0.1831470641508952,0.6901930959158131,0.5713916181217245,0.8882097686063728,0.4554068032865364,-1.1988882960569333e-17,0.5346345302781843,0.1690906737174076,-0.970218501586296,0.0361697615262932,0.5035414001630916,0.0788351233820931,-0.3094721295979342,-0.9305725844786504,0.4657499197831412,-0.2655342475826616,0.9358684905632084,0.0861718606721048,0.4648556539100563,0.0672490932684971,0.9695006340079,-0.1747819609358334,0.453564395743932,-0.667319853549843,0.0180439056351872,-0.7137861002857278,0.4482568165581773,-0.0756595148807059,-0.952956736995154,-0.1655668728206755,0.4261379175536182,0.5093225599371431,0.850683781579116,0.0732129981788027,0.4238376951543082,0.0725633038241411,-0.835973129598625,0.5223182157980686,0.4006426772402625,0.8095503930335172,-0.5515833300288674,0.0909745891800926,0.4003427716318233,0.6265884165730066,-0.5031969040916543,-0.5759176075001322,0.3980965289584448,0.419458648374992,-0.2746437658046481,-0.8531931499520127,0.3964566435937966,0.0208584517906504,-0.9555275658679092,-0.1022751108341906,0.3956789343617483,-0.8364590486313579,0.2532464460312371,-0.4353180310797634,0.3941716717260115,0.0045482959653111,0.8219851239996536,-0.5476096785999773,0.3853357619239357,-0.1142347681949249,-0.7078135057823778,0.650321876270956,0.380574788252159,-0.76085677745048,0.2977231380985214,0.5350011118027267,0.3766884795320237,0.9557517723258984,0.2622661544314414,-0.1005330934483064,0.3636790295346536,0.2665281437250453,0.650545620884597,-0.7006412690575295,0.342827925235228,-0.9453586485526984,-0.2459283369813019,-0.0325585335227895,0.3421994556879124,-0.6648293468217982,0.5982882884159848,-0.3947139298591002,0.3383595329560508,-0.140716738755438,-0.7306593817304797,0.6142747955219697,0.3275709518775729,0,0,0,0,0,0,0,0,0,0,0,1,0,0,0,0,0,0,0,0,0,0,0,0,0,0,0,0,0,0,0,1,0,0,0,0,0,0,0,0,0,0,0,0,0,0,0,0,0,0,0,1,0,0,0,0,0,0,0,0,0,0,0,1,0,0,0,0,0,0,0,0,0,0,0,0,0,0,0,0,0,1,0,0,0,0,0,0,0,0,0,0,0,0,0,0,0,0,0,0,0,0,0,0,0,0,0,0,0,0,0,0,0,0,0,0,1,0,0,0,0,0,0,0,0,0,1,0,0,0,0,0,0,0,0,0,0,0,0,0,1,0,0,0,0,0,0,0,0,0,0,0,0,0,0,0,0,0,0,0,0,0,0,0,0,0,0,0,0,0,0,1,0,0,0,0,0,0,0,0,0,0,0,1,0,0,0,0,0,0,0,0,0,0,0,0,0,0,0,0,1,0,0,0,0,0,0,0,0,0,0,0,0,0,0,0,0,0,0,0,0,0,0,0,0,1,0,0,0,0,0,0,0,0,0,0,0,0,0,0,0,0,0,0,0,0,1,0,0,0,0,0,0,0,0,0,0,0,0,0,0,0,0,0,0,1,0,0,0,0,0,0,0,0,0,0,0,0,0,0,0,0,0,0,0,0,1,0,0,0,0,0,0,0,0,0,0,0,0,0,0,0,0,0,0,0,0,0,0,0,0,1,0,0,0,0,0,0,0,0,1,0,0,0,0,0,0,0,0,0,0,0,0,0,0,0,0,0,0,0,0,0,0,0,0,0,0,0,0,0,0,0,0,0,0,0,1,0,0,0,0,0,0,0,0,0,0,0,0,0,0,1,0,0,0,0,0,0,0,0,0,0,0,0,0,0,0,0,1,0,0,0,0,0,0,0,0,0,0,0,0,0,0,0,0,0,1,0,0,0,0,0,0,0,0,0,0,0,0,0,0,0,0,1,0,0,0,0,0,0,0,0,0,0,0,0,0,0,0,0,0,0,0,0,0,0,0,0,0,0,0,1,0,0,0,0,0,0,0,0,0,0,0,1,0,0,0,0,0,0,0,0,0,0,0,0,0,0,0,0,0,0,0,0,0,0,0,0,0,0,0,1,0,0,0,0,0,0,0,0,0,0,0,0,0,0,1,0,0,0,0,0,0,0,0,0,0,0,0,0,0,0,0,0,0,0,0,0,0,0,0,1,0,0,0,0,0,0,0,0,1,0,0,0,0,0,0,0,0,0,0,0,0,0,0,0,0,0,0,0,1,0,0,0,0,0,0,0,0,0,0,0,0,0,0,0,0,0,0,0,0,0,0,0,0,0,0,0,0,0,0,1,0,0,0,0,0,0,0,0,0,0,0,0,0,0,0,0,0,0,0,1,0,0,0,0,0,0,0,0,0,0,0,0,0,0,0,0,1,0,0,0,0,0,0,0,0,0,0,0,1,0,0,0,0,0,0,0,0,0,0,0,0,0,0,0,0,0,0,0,1,0,0,0,0,0,0,0,0,0,0,0,0,0,0,0,0,0,0,0,0,1,0,0,0,0,0,0,0,0,0,0,0,0,0,0,0,0,0,0,1,0,0,0,0,0,0,0,0,0,0,0,0,0,0,0,0,0,0,0,0,0,0,0,0,0,0,0,0,0,0,1,0,0,0,0,0,0,0,0,0,0,0,0,0,0,0,0,1,0,0,0,0,0,0,0,0,0,0,0,0,1,0,0,0,0,0,0,0,0,0,0,0,0,0,0,0,0,0,0,1,0,0,0,0,0,0,0,0,0,0,0,0,0,0,0,0,0,0,0,0,0,0,0,0,0,1,0,0,0,0,0,0,0,0,0,0,0,0,0,0,0,0,0,0,0,0,0,0,0,0,0,0,0,0,0,1,0,0,0,0,1,0,0,0,0,0,0,0,0,0,0,0,0,0,0,0,0,0,0,0,0,0,0,0,0,0,0,0,0,0,0,0,0,0,0,1,0,0,0,1,0,0,0,0,0,0,0,0,0,0,0,0,0,0,0,0,0,0,0,0,0,0,0,0,0,1,0,0,0,0,0,0,0,0,0,0,0,0,0,0,1,0,0,0,0,0,0,0,0,0,0,0,0,0,0,0,0,0,0,0,0,0,0,0,0,0,0,0,0,0,1,0,0,0,0,0,0,0,0,0,0,0,0,0,0,0,0,0,0,0,1,0,0,0,0,0,0,0,0,0,0,0,0,0,0,0,0,1,0,0,0,0,0,0,0,0,0,0,0
7.61,27,1.0,-7.771489383382397e-18,-2.966034229747702e-17,1.049438713429424,0.8116483938566258,0.5796340678267746,-4.386530556060345e-17,0.5965423503000842,0.7565199164578528,-0.5035215311394984,0.3957822738126319,0.5671523147876845,-0.8625485271226749,-0.1745902655856673,-0.3098105539419948,0.5287313736436258,0.2414915586458698,-0.8932448633777261,0.3686194610126038,0.4882708220202675,-0.1989633128268545,0.5665518584677102,-0.7356444953124245,0.4657499197831412,0.3949522052544194,0.842812227290105,-0.3385667185861096,0.4597871714976259,0.6534187759171826,-0.2213420438525966,0.7010657863365256,0.4562735368515291,0.1983084833712368,0.5915749180393214,-0.7495829637138852,0.4375247922062023,0.0556648967910463,-0.8515919648886403,0.4017105478586423,0.4253871668838814,-0.1861844191277128,0.8903971659138452,0.1303127955952773,0.4159950959153665,0.0849918367316343,-0.8879109948394059,0.3285662925204309,0.411849757311827,0.0691487097677467,-0.8743451680267326,0.3495623060079957,0.40982059885084,-0.0234687374767559,0.9709961386516608,-0.0673036911461478,0.4062309627236067,-0.0885762800789155,0.9197993024845926,0.2009037930019566,0.3916714696830547,0.8547806618488248,0.4639771380052133,0.1942721525728358,0.3895536447225152,0.7948753258074458,-0.3113982934409287,-0.478017137255777,0.3840291834753598,0.1912348004143894,-0.5194823087978812,-0.7935892173293566,0.3751254964661507,0.8585199832011403,-0.4657101148592947,0.1036645807952193,0.3555518414153747,-0.8243668412097153,-0.1284073858048631,-0.4420328786822435,0.3507151708221336,-0.1146453168076905,-0.3849097127105683,-0.8718797201830585,0.3434778082737409,-0.4122425323951537,-0.7263390315593986,-0.5012626949755099,0.3411659706683898,0.3686230600537407,0.3328752192977346,-0.8409605219445051,0.3374416661351185,0.5085433060577242,0.8034310798925443,-0.2852664215854642,0.3270873639724791,0.8361049432234248,-0.435766896095493,-0.2617814677355056,0.3218070361212096,1,0,0,0,0,0,0,0,0,0,0,0,0,0,0,0,0,0,0,0,0,0,0,0,0,0,0,0,0,0,0,1,0,0,0,0,0,0,0,0,0,0,0,0,0,0,0,0,0,0,0,1,0,0,0,0,0,0,0,0,1,0,0,0,0,0,0,0,0,0,0,0,0,0,0,0,0,0,0,0,1,0,0,0,0,0,0,0,0,0,0,0,0,0,0,0,0,0,0,0,0,0,0,1,0,0,0,0,0,0,0,0,0,0,0,0,0,0,0,0,1,0,0,0,0,0,0,0,0,0,0,0,0,0,0,0,0,0,0,0,0,0,0,0,0,0,0,0,0,0,0,0,0,0,0,0,1,0,0,0,1,0,0,0,0,0,0,0,0,0,0,0,0,0,0,0,0,0,0,0,0,0,0,1,0,0,0,0,0,0,0,0,0,0,0,0,0,0,0,0,0,0,0,0,0,0,0,0,0,0,0,1,0,0,0,0,0,0,0,0,0,0,0,0,0,1,0,0,0,0,0,0,0,0,0,0,0,0,0,0,0,0,0,0,0,0,0,0,0,0,0,1,0,0,0,0,0,0,0,0,0,0,0,1,0,0,0,0,0,0,0,0,0,0,0,0,0,0,0,0,1,0,0,0,0,0,0,0,0,0,0,0,0,0,0,0,0,0,0,0,0,0,0,0,0,0,1,0,0,0,0,0,0,0,0,0,0,0,0,0,0,0,0,0,0,0,0,0,0,0,0,1,0,0,0,0,0,0,0,0,0,0,0,0,0,0,0,0,0,0,0,1,0,0,0,0,0,0,0,0,1,0,0,0,0,0,0,0,0,0,0,0,0,0,0,0,0,0,0,0,0,0,0,0,0,0,0,0,1,0,0,0,0,0,0,0,0,0,0,0,0,0,0,0,0,0,0,0,0,0,0,1,0,0,0,0,0,0,0,0,0,0,0,0,0,0,0,0,1,0,0,0,0,0,0,0,0,0,0,0,1,0,0,0,0,0,0,0,0,0,0,0,0,0,0,0,0,0,0,0,0,0,0,0,0,0,0,0,1,0,0,0,0,0,0,0,0,0,0,0,1,0,0,0,0,0,0,0,0,0,0,0,0,0,0,0,0,0,0,0,0,0,0,0,0,0,0,0,1,0,0,0,0,0,0,0,0,0,0,0,0,0,0,0,0,0,0,0,0,0,0,1,0,0,0,0,0,0,0,0,0,0,0,1,0,0,0,0,0,0,0,0,0,0,0,0,0,0,0,0,0,0,0,0,0,0,0,0,0,0,0,1,0,0,0,0,0,0,0,0,0,0,0,0,0,0,0,0,1,0,0,0,0,0,0,0,0,0,0,0,0,0,0,0,0,0,0,0,0,0,0,1,0,0,0,0,0,0,0,0,0,0,0,0,0,0,0,0,0,0,0,0,0,0,0,0,1,0,0,0,0,0,0,0,0,0,0,0,0,1,0,0,0,0,0,0,0,0,0,0,0,0,0,0,0,1,0,0,0,0,0,0,0,0,0,0,0,0,0,0,0,1,0,0,0,0,0,0,0,0,0,0,0,0,0,0,0,0,0,0,0,0,0,0,0,0,0,0,0,0,0,0,0,0,0,0,1,0,0,0,1,0,0,0,0,0,0,0,0,0,0,0,0,0,0,0,0,0,0,0,1,0,0,0,0,0,0,0,0,0,0,0,0,0,0,0,0,0,0,0,1,0,0,0,0,0,0,0,0,0,0,0,0,0,0,0,0,0,0,0,1,0,0,0,0,0,0,0,0,0,0,0,0,0,0,0,0,0,0,0,0,1,0,0,0,0,0,0,0,0,0,0,0,0,0,0,0,0,0,0,1,0,0,0,0,0,0,0,0,0,0,0,0,0,0,0,0,0,0,0,0,1,0,0,0,0,0,0,0,0,0,0,0,0,0,0,0,0,0,0,0,0,0,0,0,0,1,0,0,0,0,0,0,0,0,0,0,0,0,0,0,0,0,0,0,0,1,0,0,0,0,0,0,0,0,0,0,0,0,0,1,0,0,0,0,0,0,0,0,0,0,0,0,0,0,0,0,0,0,0,0,0,0,0,0,0,0,0,0,0,0,1,0,0,0,0,0,0,0,0,0,0,0,0,0,0,1,0,0,0,0,0,0,0,0,0,0,0,0,0,0,0,0,0,0,0,0,0,0,1,0,0,0,0,0,0,0,0,0,0,0,0,0,0,0,0,0,0,0,0,0,1,0,0,0,0,0,0,0,0
8.18,28,1.0,8.295731640374585e-19,-4.3660877658886975e-18,1.0537948595566031,0.7694072372251495,0.6273133300265082,-8.602436516479746e-18,0.5854934302835313,0.8462817148717316,-0.4792868969256087,-0.1743368453283137,0.5249618509333246,-0.4915971058839403,-0.2105031307485529,0.7628155538992638,0.523048777678075,-0.2600127448795841,0.8963810001404926,0.0358701259309237,0.5154252727410478,-0.7121898405580029,-0.2359665708326875,-0.500394784937469,0.4705570810541911,0.2700286828512191,0.9183548218631716,0.1751095066405584,0.4683780042603215,0.3764335317742902,0.2030712110784604,-0.8801071995430091,0.4288765445858371,-0.3497179264021707,0.7947020759231976,-0.3574347311055398,0.423708379231167,0.5201795218785471,-0.8375330246246453,0.069382685116048,0.4186146875800965,-0.0490975160079751,-0.8391321283442088,0.1473554970661821,0.4185979927887624,0.1206941007990045,-0.93279309757887,0.1923470262610351,0.4181650013205809,-0.8757381128968273,-0.1014698652295789,-0.1778456791508653,0.4069540130853165,-0.0430853817038408,-0.8407547110554734,0.1864798622765289,0.4045178357095344,0.6377800507522753,-0.404736368545343,-0.6197489079895927,0.4012954457420264,0.3879542063518914,-0.1280315431901218,-0.8874829284131991,0.3937472892372072,-0.3957269342190262,0.7928940174525793,0.250205814200295,0.3840291834753598,0.9347751443050688,-0.259960622499841,-0.0644350019945518,0.3840234310275921,0.8482658651140917,0.4944803972361306,-0.1283991026184807,0.3801859586513977,-0.0819695243450977,0.7609589117332346,-0.5867912978000582,0.3684164404282881,0.2281678783416318,0.7453054342796432,0.5664167404391851,0.3599733367380294,-0.848258322033111,0.2791570300515403,-0.1242872315954416,0.3536539456055377,-0.6369453026980412,-0.1408562924745222,0.6633769550403902,0.3531530247091411,0.2761232812485933,0.9418879754247956,-0.0180071114561777,0.3399729387739604,-0.7048834134882177,-0.6328793054936849,0.0835329112942875,0.3093812784203048,0,0,0,0,0,0,0,0,0,1,0,0,0,0,0,0,0,0,0,0,0,0,0,0,0,0,0,0,0,0,0,1,0,0,0,0,0,0,0,0,1,0,0,0,0,0,0,0,0,0,0,0,0,0,0,0,0,0,0,0,1,0,0,0,0,0,0,0,0,0,0,0,0,0,0,0,0,0,0,0,0,0,0,0,0,0,0,0,0,1,0,0,0,0,0,0,0,0,0,0,0,0,0,1,0,0,0,0,0,0,0,0,0,0,0,0,0,0,0,0,0,1,0,0,0,0,0,0,0,0,0,0,0,0,0,0,0,0,0,0,0,0,0,0,0,0,0,0,0,0,0,0,0,0,0,0,1,0,0,0,1,0,0,0,0,0,0,0,0,0,0,0,0,0,0,0,0,0,0,0,0,0,0,0,0,0,0,0,0,0,0,1,0,0,0,0,0,0,0,0,0,0,0,0,0,0,1,0,0,0,0,0,0,0,0,0,0,0,0,0,0,0,0,0,0,0,0,0,0,0,0,0,0,0,0,0,1,0,0,0,1,0,0,0,0,0,0,0,0,0,0,0,0,0,0,0,0,0,0,0,0,0,0,1,0,0,0,0,0,0,0,0,0,0,0,0,0,0,0,0,0,0,0,0,0,1,0,0,0,0,0,0,0,0,0,0,0,0,0,0,0,0,0,0,0,1,0,0,0,0,0,0,0,0,0,0,0,0,0,0,0,0,0,0,0,0,0,0,0,0,0,1,0,0,0,0,0,0,0,0,1,0,0,0,0,0,0,0,0,0,0,0,0,0,0,0,0,0,0,0,0,0,0,0,0,0,0,0,0,1,0,0,0,0,0,0,0,0,0,0,0,0,0,1,0,0,0,0,0,0,0,0,0,0,0,0,0,0,0,0,0,0,0,0,0,0,0,0,0,1,0,0,0,0,0,0,0,0,0,0,0,0,0,0,0,0,0,0,1,0,0,0,0,0,0,0,0,0,0,0,0,0,0,0,0,0,0,0,0,1,0,0,0,0,0,0,0,0,0,0,0,0,0,1,0,0,0,0,0,0,0,0,0,0,0,0,0,0,0,0,0,0,0,0,0,0,1,0,0,0,0,0,0,0,0,0,0,0,0,0,1,0,0,0,0,0,0,0,0,0,0,0,0,0,0,0,0,0,0,0,0,0,0,0,0,0,0,0,0,1,0,0,0,0,0,0,0,0,0,0,0,0,0,0,0,0,0,0,1,0,0,0,0,0,0,0,0,0,0,0,0,0,0,0,0,0,0,0,0,1,0,0,0,0,0,0,0,0,0,0,1,0,0,0,0,0,0,0,0,0,0,0,0,0,0,0,0,0,0,0,0,0,0,0,0,1,0,0,0,0,0,0,0,0,0,0,0,0,0,0,0,0,0,0,0,0,0,0,0,0,0,1,0,0,0,0,0,0,0,0,1,0,0,0,0,0,0,0,0,0,0,0,0,0,0,0,0,0,0,0,0,0,0,0,0,1,0,0,0,0,0,0,0,0,0,0,0,0,0,0,0,0,0,0,0,0,0,0,0,1,0,0,0,0,0,0,0,0,0,0,0,0,0,0,0,0,1,0,0,0,0,0,0,0,0,0,0,0,0,0,1,0,0,0,0,0,0,0,0,0,0,0,0,0,0,0,0,0,0,0,0,0,0,0,0,0,0,0,0,0,0,0,0,0,0,0,1,0,0,0,0,0,0,0,0,0,0,0,0,0,0,1,0,0,0,0,0,0,0,0,0,0,0,0,0,0,0,0,0,0,0,0,0,0,0,0,1,0,0,0,1,0,0,0,0,0,0,0,0,0,0,0,0,0,0,0,0,0,0,0,0,0,0,1,0,0,0,0,0,0,0,0,0,0,0,0,0,0,0,0,0,0,0,0,0,0,0,0,0,0,0,1,0,0,0,0,0,0,0,0,0,0,0,0,0,0,0,0,0,0,0,1,0,0,0,0,0,0,0,0,0,1,0,0,0,0,0,0,0,0,0,0,0,0,0,0,0,0,0,0,1,0,0,0,0,0,0,0,0,0,0,0,0,0,0,0,0,0,0,0,1,0,0,0,0,0,0,0,0,0,0,0,0,0,0,0,0,0,0,0,0,0,0,0,0,0,1,0,0,0,0,0,0,0,0,0,0,0,0,0,0,0,0,0,0,0,1,0,0,0,0,0,0,0,0,0,0,0,0,0,0,0,0,0,0,0,1,0,0,0,0,0,0,0,0,0,0,0,0,0
7.7,29,1.0,1.029577139907431e-17,2.5596204110536637e-18,1.0514326920359391,0.7752726925238251,-0.5870765260472676,-0.2028667992476085,0.5569237894134772,0.8126498680219967,0.5789531467095451,7.151747260799488e-18,0.5474250833147539,-0.7349976201251153,-0.2988955473211997,0.2721685646172808,0.4816345917580918,0.2955054175700087,-0.949132016637407,-0.0236608450747601,0.4729170748405756,-0.0587446968864981,-0.2449480709264188,-0.9468459684407752,0.4714906708783773,0.0066537791864491,0.8374212980848302,0.4288177860430564,0.4616497115705248,-0.3897998633885042,0.7911764148928541,0.1744048235399721,0.4453654734284729,0.0209250855706716,-0.9454448962732702,-0.0575830305724425,0.4365507993273894,-0.0495855945153195,0.586265903738159,0.6806910049301074,0.4288765445858371,-0.3620956688447332,0.80512544712399,-0.2107742965062239,0.4208184384117147,0.4240706856955542,0.8694069246610618,0.2209867693308132,0.4187118444568214,0.0905000611492677,-0.9319364413178493,-0.0412322378074828,0.4180464777150082,0.6266000701383312,-0.4227884970300226,-0.6385413700618582,0.3987949048898516,0.3011309965062258,-0.2229736587915407,-0.9112614188796536,0.397821723539794,0.8721661407787831,-0.4653024643583061,0.01844071662968,0.3925255573966349,-0.6612955377849172,-0.0948420110552162,0.5307431960364288,0.383779117708965,0.877809894734205,0.4222884659078778,-0.1855135917635026,0.3749763007832133,0.0917187917350404,-0.1073953266369227,0.906337699750509,0.3708233875808697,-0.6198789655470962,0.2589546967439596,0.5419722734135755,0.3392327112451644,-0.641937447641945,0.5205608297512612,0.2920828964449814,0.3368233909806234,0.267131155917358,-0.9023687909900712,0.1548723356056235,0.3362102495672504,0.2948825769245748,0.9452563830263602,-0.0492343372200295,0.3274272134833713,-0.8180219628067996,0.3534197979440221,0.1898379256589029,0.28921207746464,-0.4687307287018281,-0.5320801865978207,0.5525477571440006,0.2270365298970513,0,0,0,0,0,1,0,0,0,0,0,0,0,0,0,0,0,0,0,0,0,0,0,0,0,0,0,0,0,0,0,1,0,0,0,0,0,0,0,0,0,0,0,0,0,1,0,0,0,0,0,0,0,0,0,0,0,0,0,0,0,0,0,1,0,0,0,0,0,0,0,0,0,0,0,0,0,0,0,0,0,0,0,0,0,0,0,0,0,1,0,0,0,0,0,0,0,0,0,0,1,0,0,0,0,0,0,0,0,0,0,0,0,0,0,0,0,0,0,0,0,0,0,0,0,0,0,0,0,0,0,1,0,0,0,0,0,0,0,0,0,0,0,0,0,0,0,0,0,0,0,0,0,0,0,0,1,0,0,0,0,0,0,0,0,1,0,0,0,0,0,0,0,0,0,0,0,0,0,0,0,0,0,1,0,0,0,0,0,0,0,0,0,0,0,0,0,0,0,0,0,0,0,0,0,0,0,0,1,0,0,0,0,0,0,0,0,0,0,0,0,0,0,0,0,1,0,0,0,0,0,0,0,0,0,0,0,0,0,0,0,0,0,0,0,0,0,0,0,1,0,0,0,0,0,0,0,0,0,0,0,0,0,0,0,0,0,0,0,0,0,1,0,0,0,0,0,0,0,0,1,0,0,0,0,0,0,0,0,0,0,0,0,0,0,0,0,0,0,0,1,0,0,0,0,0,0,0,0,0,0,0,0,0,0,0,0,0,0,0,0,0,0,0,0,1,0,0,0,0,0,0,0,0,0,0,0,0,0,0,0,0,0,0,0,0,0,0,1,0,0,0,0,0,0,0,0,0,0,0,0,0,0,0,0,0,0,0,0,1,0,0,0,0,0,0,0,0,0,0,0,0,0,0,0,1,0,0,0,0,0,0,0,0,0,0,0,0,0,0,1,0,0,0,0,0,0,0,0,0,0,0,0,0,0,0,0,0,0,0,0,0,0,0,0,0,0,0,0,0,0,0,0,0,0,0,1,0,0,0,0,0,0,0,0,0,0,0,0,1,0,0,0,0,0,0,0,0,0,0,0,0,0,1,0,0,0,0,0,0,0,0,0,0,0,0,0,0,0,0,0,0,0,0,0,1,0,0,0,0,0,0,0,0,0,0,0,0,0,0,0,0,0,0,0,0,0,0,1,0,0,0,0,0,0,0,0,0,0,0,0,0,0,0,0,1,0,0,0,0,0,0,0,0,0,0,0,0,0,0,1,0,0,0,0,0,0,0,0,0,0,0,0,0,0,0,0,0,0,0,0,0,0,0,0,0,0,0,1,0,0,0,0,0,0,0,0,0,0,0,0,0,0,0,0,0,0,0,0,0,0,1,0,0,0,0,0,0,0,0,0,0,0,0,0,1,0,0,0,0,0,0,0,0,0,0,0,0,0,0,0,0,0,0,0,0,1,0,0,0,0,0,0,0,0,0,0,0,0,0,0,0,0,0,0,0,0,0,0,0,0,1,0,0,0,0,0,0,0,0,1,0,0,0,0,0,0,0,0,0,0,0,0,0,0,0,0,0,0,0,0,0,0,0,0,0,0,0,0,1,0,0,0,0,0,0,0,0,0,0,0,0,0,0,0,0,0,0,0,0,0,0,0,0,0,0,1,0,0,0,0,0,0,0,0,0,1,0,0,0,0,0,0,0,0,0,0,0,0,0,0,0,0,0,0,0,0,0,0,0,0,0,0,0,0,0,1,0,0,0,1,0,0,0,0,0,0,0,0,0,0,0,0,0,0,0,0,0,0,0,0,0,0,0,0,0,0,0,0,0,0,1,0,0,0,0,0,0,0,0,1,0,0,0,0,0,0,0,0,0,0,0,0,0,0,0,0,0,0,0,0,0,0,1,0,0,0,0,0,0,0,0,0,0,0,0,0,0,0,0,0,0,0,0,0,1,0,0,0,0,0,0,0,0,0,0,0,0,0,0,0,0,0,1,0,0,0,0,0,0,0,0,0,0,0,0,0,0,0,0,0,0,0,0,0,0,0,0,0,1,0,0,0,0,0,0,0,0,0,0,0,0,0,0,0,0,1,0,0,0,0,0,0,0,0,0,0,0,0,0,1,0,0,0,0,0,0,0,0,0,0,0,0,0,0,0,0,0,0,0,0,0,0,0,0,0,1,0,0,0,0,0,0,0,0,0,0,0,0,0,0,0,0,0,0,0,0,0,0,0,0,1,0,0,0,0,0,0,0,0,0,0,0,0,0,0,1,0,0,0,0,0,0,0,0,0,0,0,0,0
7.07,30,1.0,2.260035501065643e-18,1.6336785931444098e-18,1.0500100644620962,0.7795879541178714,-0.5697883789515503,0.2332510264242891,0.5539634732503257,0.8329322408066732,0.5503088652664746,1.4984711349126904e-17,0.5342967381959809,0.2490313606873458,-0.9237260293956698,0.2623270132825864,0.4834094609616601,-0.2150497422718451,0.7326676936350113,-0.6174571683862128,0.4714906708783773,-0.1269535625385544,-0.7525133599139857,0.6369932339359231,0.4440562636472053,0.7227158026074932,-0.3767829615635795,0.5556341283517536,0.4285129224629164,0.4332916505035569,0.8723403660480245,-0.2092461582161568,0.4250724804585364,0.1767038833348081,0.7528089065015399,-0.6221905694990367,0.4200235551278091,0.5700419226784139,-0.4612460709248013,-0.6642451091847563,0.4175433973933813,-0.5481518328229716,-0.6019763499791082,0.5572992322084938,0.400604628701226,0.1262461577641985,-0.9516161791960696,0.06678459582458,0.3950888942471409,0.0940948204947262,0.9733757795964184,0.1306187168597259,0.3798035468329658,-0.7535609252642377,-0.5514715891229554,0.292421432527442,0.3727347928888996,0.1805720772532816,-0.9319390242584576,0.1393974872305839,0.3713760969203777,0.911153420767,0.38414140292382,0.1095290635564433,0.3616221897808517,0.8345031493931729,-0.5155450416909125,-0.1166643952587096,0.3593366839274887,-0.1262081691886027,0.9028120526585284,0.2609212343451848,0.3585170287074677,0.7627091574349227,-0.4097746121817597,-0.4720521531968455,0.343364559628554,0.0052630048277635,0.9044813508051736,0.3233293867310612,0.33365402864666,-0.4244588456862607,-0.0281529381963516,-0.8469369795382621,0.3328074601149605,-0.0021255230245072,-0.5460070115625508,0.8313517702588197,0.3293945353035474,0.2786272829100632,0.4782884554125985,-0.823854255796783,0.3291138183904094,0.5232817890242664,0.8189309446012857,-0.2155006360709062,0.3075345711150749,-0.7275442526318224,0.5807250260887804,-0.192116857642519,0.2767829927398321,0,0,0,0,0,0,0,0,1,0,0,0,0,0,0,0,0,0,0,0,0,0,0,0,0,0,0,0,0,0,0,1,0,0,0,0,0,0,0,0,0,0,0,0,0,0,0,0,1,0,0,0,0,0,0,0,0,0,0,0,0,0,0,1,0,0,0,0,0,0,0,0,0,0,0,0,0,0,0,0,0,0,0,0,0,1,0,0,0,0,0,0,0,0,0,0,0,0,0,0,1,0,0,0,0,0,0,0,0,0,0,0,0,0,0,0,0,0,0,0,0,0,0,0,0,0,0,0,1,0,0,0,0,0,0,0,0,0,0,0,0,0,0,1,0,0,0,0,0,0,0,0,0,0,0,0,0,0,0,0,0,0,0,0,0,1,0,0,0,0,0,0,0,0,0,0,0,0,0,0,0,0,0,0,0,1,0,0,0,0,0,0,0,0,0,0,0,0,0,0,0,0,0,0,0,0,0,0,1,0,0,0,0,0,0,0,0,0,0,0,0,0,0,0,1,0,0,0,0,0,0,0,0,0,0,0,0,0,0,0,0,0,0,0,0,0,0,0,1,0,0,0,0,0,0,0,0,0,0,0,0,0,0,0,0,0,1,0,0,0,0,0,0,0,0,0,0,0,0,0,0,0,0,0,0,1,0,0,0,0,0,0,0,0,0,0,0,0,0,0,0,0,0,1,0,0,0,0,0,0,0,0,0,0,0,0,0,0,0,0,0,0,0,0,0,1,0,0,0,0,0,0,0,0,0,0,0,0,0,0,0,0,0,0,0,0,0,0,0,0,0,1,0,0,0,0,0,0,0,0,1,0,0,0,0,0,0,0,0,0,0,0,0,0,0,0,0,0,0,0,0,0,0,0,0,1,0,0,0,0,0,0,0,0,0,0,0,0,0,0,0,0,0,0,0,0,0,0,1,0,0,0,0,0,0,0,0,0,0,0,0,0,0,0,1,0,0,0,0,0,0,0,0,0,0,0,0,0,0,0,0,0,0,0,0,0,0,0,1,0,0,0,0,0,0,0,0,0,0,0,0,0,0,0,0,0,0,0,1,0,0,0,0,0,0,0,0,0,0,0,0,0,0,0,0,1,0,0,0,0,0,0,0,0,0,0,0,0,0,0,0,0,0,1,0,0,0,0,0,0,0,0,0,0,0,0,0,0,0,0,0,0,0,0,0,0,0,0,1,0,0,0,0,0,0,0,0,0,0,0,0,0,0,0,0,1,0,0,0,0,0,0,0,0,0,0,0,0,0,0,0,0,0,0,0,0,0,0,1,0,0,0,0,0,0,0,0,0,0,0,0,0,0,0,0,0,0,0,1,0,0,0,0,0,0,0,0,0,0,0,0,0,0,0,0,1,0,0,0,0,0,0,0,0,0,0,0,0,0,0,0,0,0,0,0,0,0,0,0,0,0,0,0,0,0,0,1,0,0,0,0,0,0,0,0,0,0,0,1,0,0,0,0,0,0,0,0,0,0,0,1,0,0,0,0,0,0,0,0,0,0,0,0,0,0,0,0,0,0,0,0,0,0,0,0,1,0,0,0,0,0,0,0,0,0,0,0,0,0,0,0,0,0,0,0,0,0,0,1,0,0,0,0,0,0,0,0,0,0,0,1,0,0,0,0,0,0,0,0,0,0,0,0,0,0,0,0,0,0,0,0,0,0,0,0,0,0,0,0,0,0,1,0,0,0,0,0,0,0,0,0,0,0,0,0,1,0,0,0,0,0,0,0,0,0,0,0,0,0,0,0,0,0,0,0,0,0,0,1,0,0,0,0,0,0,0,0,0,0,0,1,0,0,0,0,0,0,0,0,0,0,0,0,0,0,0,0,0,0,0,0,0,0,0,0,0,0,0,0,0,0,0,0,0,0,0,1,0,0,0,0,0,0,0,0,0,0,0,1,0,0,0,0,0,0,0,0,0,0,0,0,0,0,0,0,0,0,0,0,0,0,0,0,0,0,0,0,0,0,0,0,0,0,0,0,0,0,0,0,1,0,0,0,0,0,0,0,0,0,0,1,0,0,0,0,0,0,0,0,0,0,0,0,0,0,0,0,0,0,0,0,0,0,0,0,1,0,0,0,0,0,0,0,0,0,0,0,0,0,0,0,0,0,0,0,0,1,0,0,0,0,0,0,0,0,0,0,0,0,0,0,0,0,0,0,0,0,0,0,0,0,1,0,0,0,0,0,0,0,0,0,0,0,0,0,0,0,0,0,0,0,0,0,0,0,0,1,0,0,0
8.17,31,1.0,-7.591364094670535e-18,1.6070477607780206e-17,1.049548841137245,0.7793786407277129,0.6061577982863176,1.323513522892423e-18,0.6054232438904823,0.837495622641379,-0.4643516031444374,0.230292735358777,0.529285612332907,-0.0484232023380944,0.6439949724276222,-0.676296241729791,0.4958074034361519,0.2644448211995517,0.8851598789223143,-0.2400366135972881,0.4914425311053153,0.3905722712607725,-0.8516525247246509,0.2840792773916513,0.4553445233806288,0.1502054917553989,-0.857784798219629,0.3614025257195005,0.4277935900005354,-0.3871007041272201,0.6354599849673426,-0.5466568479783904,0.4175433973933813,0.781230865502491,-0.2501513931575419,0.5330710988253035,0.416119723243962,-0.0521356555454766,0.9416399491110856,0.1499407150087994,0.4049497046279308,0.6319951066619183,-0.3181964379660412,-0.6859981014014327,0.4042733897275018,-0.1259242167333182,0.8502366053133583,0.3472369333346692,0.3980374929422507,0.007820403460515,-0.5822882173748058,-0.798815097689047,0.393720914738481,0.244446959555532,-0.8654660293246561,0.2652073597913464,0.3864150723439321,0.8490586294123947,0.4852832428868967,0.1079062574143231,0.3833989862853225,0.0015826950185602,0.0455396972480205,0.9554029361060972,0.3824350959740567,0.2808211149608864,-0.8600671125309342,0.2692959397670089,0.3733423165598837,0.1335561160693837,0.3482714400272842,-0.8824954892979224,0.3682738764930501,-0.3275626213043076,-0.4549735958614,-0.8013428115761693,0.3578890472809102,0.878703922077898,-0.4110970596678654,-0.1186938600852319,0.3522286997342843,0.3479036808562936,0.8484150668317012,-0.2774732963495821,0.3386288779543355,-0.0739721006790971,0.8614219532174505,0.3757843781976155,0.338215861062312,0.7771102327301393,-0.3656767247391719,-0.4699553102610084,0.3286987708886539,-0.3578960198770741,-0.093798820961573,-0.89131415770214,0.3217289295104175,-0.6231150370404613,-0.6655170236230546,-0.3595212359105543,0.3163662312833281,1,0,0,0,0,0,0,0,0,0,0,0,0,0,0,0,0,0,0,0,0,0,0,0,0,0,0,0,0,0,0,1,0,0,0,0,0,0,0,0,0,0,0,0,0,0,0,0,1,0,0,0,0,0,0,0,0,0,0,0,1,0,0,0,0,0,0,0,0,0,0,0,0,0,0,0,0,0,0,0,1,0,0,0,0,0,0,0,0,0,0,0,0,0,0,0,0,0,0,0,0,0,0,1,0,0,0,0,0,0,0,0,0,0,0,0,0,0,0,0,0,0,0,0,0,0,0,0,1,0,0,0,0,0,0,0,0,0,0,0,0,0,0,0,0,0,0,0,0,0,0,1,0,0,0,0,0,0,0,0,0,0,0,0,0,0,0,0,1,0,0,0,0,0,0,0,0,0,0,0,0,0,0,1,0,0,0,0,0,0,0,0,0,0,0,0,0,0,0,0,1,0,0,0,0,0,0,0,0,0,0,0,0,0,0,0,0,0,0,0,0,0,0,1,0,0,0,0,0,0,0,0,0,0,0,0,0,0,0,0,1,0,0,0,0,0,0,0,0,0,0,0,0,0,0,0,0,0,0,0,0,0,0,0,0,0,0,0,1,0,0,0,0,0,0,0,0,0,0,0,0,0,0,0,0,0,0,0,1,0,0,0,0,0,0,0,0,0,0,0,0,0,0,0,0,1,0,0,0,0,0,0,0,0,0,0,0,0,0,0,1,0,0,0,0,0,0,0,0,0,0,0,0,0,0,0,0,0,0,0,0,0,0,0,0,0,1,0,0,0,0,0,0,0,0,0,0,0,0,0,0,0,0,0,0,0,0,0,1,0,0,0,0,0,0,0,0,0,0,0,0,0,0,1,0,0,0,0,0,0,0,0,0,0,0,0,0,0,0,0,0,0,0,0,0,0,0,0,0,1,0,0,0,0,0,0,0,0,0,0,0,0,0,0,0,1,0,0,0,0,0,0,0,0,0,0,0,0,0,0,0,0,0,0,0,0,0,0,1,0,0,0,0,0,0,0,0,0,0,0,0,0,0,0,0,0,0,0,1,0,0,0,0,0,0,0,0,0,0,0,0,0,0,0,0,0,0,0,0,1,0,0,0,0,0,0,0,0,0,0,0,0,0,0,0,0,0,0,0,0,0,0,0,0,0,0,1,0,0,0,1,0,0,0,0,0,0,0,0,0,0,0,0,0,0,0,0,0,0,0,0,0,0,0,0,0,0,0,1,0,0,0,0,0,0,0,0,0,0,0,0,0,0,0,0,0,0,0,1,0,0,0,0,0,0,0,0,0,0,0,0,0,0,0,0,0,0,0,0,0,0,0,0,0,0,0,1,0,0,0,0,0,0,0,0,0,0,0,0,0,0,0,0,1,0,0,0,0,0,0,0,0,0,0,0,0,0,1,0,0,0,0,0,0,0,0,0,0,0,0,1,0,0,0,0,0,0,0,0,0,0,0,0,0,0,0,0,0,0,0,0,0,0,0,0,0,0,0,1,0,0,0,0,0,0,0,0,0,0,0,0,0,0,0,0,1,0,0,0,0,0,0,0,0,0,0,0,0,0,0,1,0,0,0,0,0,0,0,0,0,0,0,0,0,0,0,0,0,0,0,0,0,0,0,0,0,0,0,0,1,0,0,0,0,0,0,0,0,0,0,1,0,0,0,0,0,0,0,0,0,0,0,0,0,0,0,0,0,0,0,1,0,0,0,0,0,0,0,0,0,0,0,0,0,0,0,0,0,0,0,1,0,0,0,0,0,0,0,0,0,0,0,0,0,0,0,0,0,0,0,0,0,0,0,0,0,0,0,1,0,0,0,0,0,0,0,0,0,0,0,0,0,0,0,0,0,1,0,0,0,0,0,0,0,0,0,0,0,0,0,0,0,0,0,0,0,0,0,1,0,0,0,0,0,0,0,0,0,0,0,0,0,0,0,0,0,0,0,1,0,0,0,0,0,0,0,0,0,0,0,0,0,0,0,0,0,0,0,0,1,0,0,0,0,0,0,0,0,0,0,0,0,0,0,0,0,0,0,0,0,0,1,0,0,0,0,0,0,0,0,0,0,0,0,0,1,0,0,0,0,0,0,0,0,0,0,0,0,0,0,0,0,0,0,0,0,0,0,0,0,0,1,0,0,0,0,0,0,0,0,0,0,0,0,0,0,0,0,0,1,0,0,0,0,0,0,0,0,0,0,0,0,0,0,0,0,1,0,0,0,0,0,0,0,0,0,0,0,0,0
8.34,32,1.0,-2.491313677621628e-18,-1.4863847668311985e-17,1.0538957922515515,0.8000593798909081,0.5940154751016191,-5.67397444429225e-18,0.5766786503454617,-0.7123849206688189,0.0329295456928936,0.6632043229306573,0.559268618754415,0.8235557047202281,-0.5586076439028591,-0.0559600235001681,0.5347503384146057,-0.1853781838871847,0.9242250059068932,-0.2617379028156276,0.4969520513602963,0.0048249395215163,-0.9808637848729777,-0.1591866319426594,0.4847254239438983,-0.5071413584357585,-0.3224526362784956,-0.7772439714454145,0.4794628344925297,0.3032556576689368,0.9426767639559877,0.0274721422720086,0.460227208059991,0.3591806715078361,-0.9235029141632802,0.094921578483003,0.4537976465984479,0.2160191599721391,-0.1834241608778783,-0.9494900753768972,0.446858125242913,-0.8115526977439412,-0.1154766262007395,-0.5294141167941084,0.427444611527391,-0.4739310805854437,0.8450842838674513,-0.0790041464867821,0.4042733897275018,-0.1601330088770119,0.7245043605661873,-0.6389084079140387,0.3990336807370074,0.9069407760301216,-0.3685601317326815,0.1305640188288419,0.3891864811067904,0.2182834710396007,-0.7873362521360626,0.5620796419719628,0.3877916142321183,0.5006861722998044,-0.2980665245438533,-0.8062402822448652,0.3786890630804818,0.7442403443537718,-0.4459952571058389,-0.4869170009511069,0.3786186540541914,0.8972951165335898,0.4226260812131902,-0.08232794807293,0.3772713324326118,-0.8379005782562483,0.0492978173662346,0.4971113670731631,0.3709067558047624,0.1605257129938107,0.8656497907142338,0.4586634662578494,0.3656852742198589,-0.7784675740790485,-0.6015287976203918,-0.0694972067518109,0.3625959101368406,-0.7716731636674362,0.3075500389751561,-0.5063228592035943,0.3568821876092974,0.1427247328499062,-0.5341556950806774,0.7859385677684303,0.3487730719998372,-0.909322009937871,-0.3213415197616578,-0.1629597072026118,0.3465545880874941,0.1228125360248122,0.6434358398629915,-0.7378204353001236,0.3078330571818657,0,0,0,0,0,0,0,0,0,1,0,0,0,0,0,0,0,0,0,0,0,0,0,0,0,0,0,0,0,0,0,1,0,0,0,0,0,0,0,0,1,0,0,0,0,0,0,0,0,0,0,0,0,0,0,0,0,0,0,0,1,0,0,0,0,0,0,0,0,0,0,0,0,0,0,0,0,0,0,0,0,0,0,0,0,0,0,0,0,1,0,0,0,0,0,0,0,0,0,0,0,0,0,0,0,0,0,0,0,0,0,0,0,0,0,0,1,0,0,0,0,0,0,0,0,0,0,0,0,1,0,0,0,0,0,0,0,0,0,0,0,0,0,1,0,0,0,0,0,0,0,0,0,0,0,0,0,0,0,0,1,0,0,0,0,0,0,0,0,0,0,0,0,0,0,0,0,0,0,0,0,0,0,0,0,0,0,0,0,0,0,1,0,0,0,0,0,0,0,0,0,0,0,0,0,0,0,0,0,1,0,0,0,0,0,0,0,0,0,0,0,0,0,0,0,0,0,0,1,0,0,0,0,0,0,0,0,0,0,0,0,0,0,0,0,1,0,0,0,0,0,0,0,0,0,0,0,0,0,0,0,0,0,0,0,0,0,0,0,0,0,0,0,0,0,0,1,0,0,0,1,0,0,0,0,0,0,0,0,0,0,0,0,0,0,0,0,0,0,0,0,0,0,1,0,0,0,0,0,0,0,0,0,0,0,0,0,0,0,0,0,0,0,0,0,0,0,0,0,1,0,0,0,0,0,0,0,0,0,0,0,0,0,1,0,0,0,0,0,0,0,0,0,0,0,0,0,0,0,0,0,0,0,0,0,0,1,0,0,0,0,0,0,0,0,0,0,0,0,0,0,0,0,0,0,1,0,0,0,0,0,0,0,0,0,0,0,0,0,0,0,0,0,0,0,1,0,0,0,0,0,0,0,0,0,0,0,0,0,0,1,0,0,0,0,0,0,0,0,0,0,0,0,0,0,0,0,0,0,0,1,0,0,0,0,0,0,0,0,0,0,0,0,0,0,0,0,0,0,0,0,0,0,0,0,1,0,0,0,0,0,0,0,0,0,0,0,0,0,0,0,0,0,0,0,0,0,0,1,0,0,0,0,0,0,0,0,0,0,0,1,0,0,0,0,0,0,0,0,0,0,0,0,0,0,0,0,0,0,0,0,0,0,0,0,0,0,0,0,1,0,0,0,0,0,0,0,0,0,0,0,0,0,0,0,0,1,0,0,0,0,0,0,0,0,0,0,0,0,0,0,0,0,0,0,0,0,0,0,1,0,0,0,0,0,0,0,0,0,0,0,0,0,1,0,0,0,0,0,0,0,0,0,0,0,0,0,0,0,0,0,0,0,0,0,0,1,0,0,0,0,0,0,0,0,0,0,0,0,0,0,0,0,0,0,0,0,0,0,0,0,1,0,0,0,0,0,0,0,0,0,0,0,0,0,0,0,0,0,1,0,0,0,0,0,0,0,0,0,0,1,0,0,0,0,0,0,0,0,0,0,0,0,0,0,0,0,0,0,0,1,0,0,0,0,0,0,0,0,0,0,0,0,0,0,0,0,0,0,0,0,0,0,0,0,0,0,0,0,0,0,0,0,0,0,0,1,0,0,0,0,0,0,0,0,0,0,0,0,1,0,0,0,0,0,0,0,0,0,0,1,0,0,0,0,0,0,0,0,0,0,0,0,0,0,0,0,0,0,0,1,0,0,0,0,0,0,0,0,0,0,0,0,0,0,0,0,0,0,0,0,0,0,1,0,0,0,0,0,0,0,0,0,0,0,0,0,0,0,0,0,0,0,0,0,1,0,0,0,0,0,0,0,0,0,0,0,0,0,0,0,0,0,0,0,0,1,0,0,0,0,0,0,0,0,0,0,0,0,0,0,0,0,0,0,0,0,0,1,0,0,0,0,0,0,0,0,0,0,0,0,0,0,0,0,0,0,0,0,0,0,1,0,0,0,0,0,0,0,0,0,0,0,0,0,0,0,0,0,1,0,0,0,0,0,0,0,0,0,0,0,0,0,0,0,0,0,0,1,0,0,0,0,0,0,0,0,0,0,0,0,0,0,0,0,1,0,0,0,0,0,0,0,0,0,0,0,0,0,0,0,0,0,1,0,0,0,0,0,0,0,0,0,0,0,0,0,0,0,0,0,0,0,0,0,0,0,0,1,0,0,0,0,0,0,0,0,0,0,0,0,0,0,0,0,0,0,0,0,0,0,0,0,0,0,0,1,0,0,0
8.22,33,1.0,9.8765863291567e-18,4.862522990334167e-18,1.0552244732687253,-0.7509812006036144,0.2870368503975945,0.4522977457490599,0.5995222909452925,0.7463430270735641,-0.6383672832018593,-0.0050736981822494,0.5713382311714292,0.8874335543917159,0.4602518134059259,7.649992332497785e-18,0.5275803039735782,0.1759286513724298,-0.9619651247174827,0.1145123881960908,0.5018801371579674,0.2710343296487335,-0.3108498905025445,-0.8633981349975363,0.4564632780526022,0.1271490938310505,0.8948256768685597,-0.3342971249234653,0.4488123206382486,-0.2470518442754833,0.893758394743208,-0.170775828130131,0.446858125242913,-0.4049881688488662,-0.1507176261646948,-0.8350419371208597,0.4329059865002828,0.517783909800068,0.842798116740725,-0.0302752244604487,0.4188549080421081,0.0008234940647825,-0.9399663202427389,0.0070708734738633,0.4139655732135608,0.7673376879539336,-0.5278968263063809,0.2593331449320026,0.4057309883069068,0.099381293928561,0.7774288119174806,0.5589401345232462,0.4030518515153908,-0.6640523355529111,0.0812002141528712,-0.6525345767658418,0.4020794194895442,0.0082291741291821,-0.8081224985897055,0.5122013496260817,0.4019546862236858,0.0234324140206009,-0.960735526761984,-0.0803915062022132,0.3986678214613061,0.5294690764206248,-0.3396458368118438,-0.7325440218649972,0.3878966234693845,-0.8352720153571539,0.3067145617518438,0.2732327179130692,0.3856752787745726,0.7015057769266736,-0.5305822747161903,-0.4158300638654525,0.3836846433336431,-0.8579383741025527,-0.3955528823816392,-0.1906500085929252,0.3744917977159729,0.0936085214130328,0.6911391919490941,-0.6584884945081655,0.3659930297243708,0.9589117383941506,0.2667444116230125,-0.0237286655894844,0.3593628843406914,-0.8851813194871939,-0.1016195620622894,-0.3240969033161742,0.3487318834623532,0.3315865479934582,0.8469932386800805,0.359441634932988,0.3471611544322195,-0.1597240302654111,-0.533616953234381,0.7745535974576228,0.3447157162633866,0,0,0,0,0,0,1,0,0,0,0,0,0,0,0,0,0,0,0,0,0,0,0,0,0,0,0,0,0,0,0,1,0,0,0,0,0,0,0,0,0,0,0,0,0,1,0,0,0,0,0,0,0,0,0,0,0,0,0,0,0,0,0,0,0,0,0,0,0,0,0,0,0,0,0,0,1,0,0,0,0,0,0,0,0,0,1,0,0,0,0,0,0,0,0,0,0,0,0,0,0,0,0,1,0,0,0,0,0,0,0,0,0,0,0,0,0,0,0,0,0,0,0,0,0,0,0,0,0,1,0,0,0,0,0,0,0,0,0,0,1,0,0,0,0,0,0,0,0,0,0,0,0,0,0,0,0,0,0,0,0,0,0,0,0,0,1,0,0,0,0,0,0,0,0,0,0,0,0,0,0,0,0,1,0,0,0,0,0,0,0,0,0,0,0,0,0,0,0,0,0,1,0,0,0,0,0,0,0,0,0,0,0,0,0,0,0,0,0,0,0,0,0,0,0,1,0,0,0,0,0,0,0,0,0,0,0,0,0,0,0,0,0,0,0,0,0,0,0,1,0,0,0,0,0,0,0,0,0,0,0,0,0,0,0,0,0,0,0,0,0,1,0,0,0,0,0,0,0,0,0,0,0,0,0,0,0,0,0,1,0,0,0,0,0,0,0,0,0,0,0,0,0,0,0,1,0,0,0,0,0,0,0,0,0,0,0,0,0,0,0,0,0,0,0,0,0,0,1,0,0,0,0,0,0,0,0,0,0,0,0,0,0,0,0,0,0,0,0,0,0,0,0,0,0,0,1,0,0,0,0,0,0,0,0,0,0,0,0,1,0,0,0,0,0,0,0,0,0,0,0,0,0,1,0,0,0,0,0,0,0,0,0,0,0,0,0,0,0,0,0,0,0,0,0,0,1,0,0,0,0,0,0,0,0,0,0,0,0,0,0,0,0,0,0,0,0,0,1,0,0,0,0,0,0,0,0,0,0,0,0,0,0,0,0,0,1,0,0,0,0,0,0,0,0,0,0,0,0,0,0,0,0,0,0,0,1,0,0,0,0,0,0,0,0,0,0,0,0,0,0,0,0,0,0,0,0,0,0,1,0,0,0,0,0,0,0,0,0,0,0,0,0,0,0,0,0,0,1,0,0,0,0,0,0,0,0,0,0,0,0,0,0,0,0,0,0,0,1,0,0,0,0,0,0,0,0,0,0,0,1,0,0,0,0,0,0,0,0,0,0,0,0,0,0,0,0,0,0,0,0,0,0,0,0,0,1,0,0,0,0,0,0,0,0,0,0,0,0,0,0,0,0,1,0,0,0,0,0,0,0,0,0,0,0,0,0,0,0,0,0,0,0,0,0,0,1,0,0,0,0,0,0,0,0,0,0,0,0,0,0,0,0,0,0,0,0,0,1,0,0,0,0,0,0,0,0,0,0,0,0,1,0,0,0,0,0,0,0,0,0,0,0,0,0,0,0,0,0,0,0,0,0,0,0,0,0,0,0,0,0,1,0,0,0,0,0,0,0,0,0,0,0,0,0,1,0,0,0,0,0,0,0,0,0,0,0,0,0,0,1,0,0,0,0,0,0,0,0,0,0,0,0,0,0,0,0,0,0,0,0,0,0,0,0,0,1,0,0,0,0,0,0,0,0,0,0,0,0,0,1,0,0,0,0,0,0,0,0,0,0,0,0,0,0,0,0,0,0,0,0,0,0,0,0,0,0,0,1,0,0,0,0,0,0,0,0,0,0,0,0,0,0,0,0,0,1,0,0,0,0,0,0,0,0,0,0,0,0,0,1,0,0,0,0,0,0,0,0,0,0,0,0,0,0,0,0,0,0,0,1,0,0,0,0,0,0,0,0,0,0,0,0,0,0,0,0,0,0,0,0,0,0,0,0,0,0,0,0,1,0,0,0,0,0,0,0,0,0,0,0,0,0,0,0,0,0,0,0,0,0,0,0,0,0,0,1,0,0,0,0,0,0,0,0,0,0,0,1,0,0,0,0,0,0,0,0,0,0,0,0,0,0,1,0,0,0,0,0,0,0,0,0,0,0,0,0,0,0,0,0,0,0,0,0,0,0,0,0,1,0,0,0,0,0,0,0,0,0,0,0,0,0,1,0,0,0,0,0,0,0,0,0,0,0,0,0,0,0,0,0,0,0,0,0,0,1,0,0,0,0,0,0,0,0,0,0,0,0,0,0,0,0,0,0,0,0,0,1,0,0,0,0,0,0,0,0,0,0,0
7.17,34,1.0,2.902298914937062e-18,-2.0915170256226157e-18,1.053201053562194,-0.7237919050364072,-0.2386386432020117,0.0548471375506522,0.6005971547057287,0.8196310990456798,0.5601753102147209,-9.337423596698096e-18,0.5807412401567166,0.7643345979345116,-0.5037479004742289,0.2759225816528008,0.5635618127558629,-0.104545704849635,-0.8456792673338549,0.291369832403374,0.4914702996677983,0.2704761021620913,-0.8753698089306512,0.3155882124519019,0.478392877391109,0.1175253666173384,0.6782773177163213,-0.5725884673370835,0.4734940161906168,0.3998769694528332,0.8449608206068925,-0.2256572254132657,0.4670891688850599,-0.2345744573614296,0.6295066511918355,-0.4537232260817579,0.4564632780526022,0.0941099315064505,-0.8535412218683047,0.3458100397410834,0.4462349491056218,0.7196287363617695,-0.2447982604819055,0.5401951628434649,0.4406455666021227,-0.0250637094794445,-0.4796780610024177,-0.7300987022371019,0.4076375358608611,0.0680956051724401,0.886554585985764,0.0786083204320678,0.3986759295973579,0.5515448140762925,-0.3762742925843831,-0.5825977702007361,0.3960353457268167,-0.7741311510374199,-0.1432520978584463,-0.1099802874064765,0.3888402341293971,0.8520270603061011,0.4536601677209756,0.0957481503934346,0.3796823098356515,-0.3238377863722448,-0.338788870458048,-0.7111778058506844,0.37725164360309,0.2326342083275907,0.4419868221169324,-0.7494411956115439,0.3670282669916088,0.8048016954156919,-0.4495991498197021,-0.0557849051267743,0.365583504546371,-0.041613920162475,0.7920783061126013,0.3112448708347131,0.3572028706928469,-0.5048887734905259,-0.7175199877938324,-0.2975114112297667,0.3397453124525307,0.6960350679227213,-0.4389574657897918,-0.3879475407224778,0.3386936491153,0.461548085583597,0.8356763041581822,-0.2238154814249563,0.3301307662505849,-0.1317506718410444,0.8278995857897329,0.171222430199641,0.3260373097257017,-0.3882381296748913,0.0462671639150402,-0.7688205473231022,0.3073440696315512,0,1,0,0,0,0,0,0,0,0,0,0,0,0,0,0,0,0,0,0,0,0,0,0,0,0,0,0,0,0,0,1,0,0,0,0,0,0,0,0,0,0,0,0,0,0,0,0,1,0,0,0,0,0,0,0,0,0,0,0,0,0,0,0,0,0,0,0,0,0,0,0,0,0,0,0,1,0,0,0,0,0,0,0,0,0,1,0,0,0,0,0,0,0,0,0,0,0,0,0,1,0,0,0,0,0,0,0,0,0,0,0,0,0,0,0,0,0,0,0,0,1,0,0,0,0,0,0,0,0,0,0,0,0,0,0,0,0,0,0,0,0,0,1,0,0,0,0,0,0,0,0,0,0,0,0,0,0,0,0,0,1,0,0,0,0,0,0,0,0,0,0,0,0,0,0,0,0,0,0,0,0,0,0,0,0,0,0,1,0,0,0,0,0,0,0,0,0,0,0,0,1,0,0,0,0,0,0,0,0,0,0,0,0,0,0,0,0,0,0,0,0,0,1,0,0,0,0,0,0,0,0,0,0,0,0,0,0,0,0,0,0,0,0,0,0,1,0,0,0,0,0,0,0,0,0,0,0,0,0,0,0,0,0,0,0,0,0,0,0,0,1,0,0,0,0,0,0,0,0,0,0,0,0,0,0,1,0,0,0,0,0,0,0,0,0,0,0,0,0,0,0,0,1,0,0,0,0,0,0,0,0,0,0,0,0,0,0,0,0,0,0,0,0,0,0,1,0,0,0,0,0,0,0,0,0,0,0,0,0,0,0,0,0,0,1,0,0,0,0,0,0,0,0,0,0,0,0,0,0,0,1,0,0,0,0,0,0,0,0,0,0,0,0,0,0,0,0,0,0,0,0,0,0,0,0,0,0,1,0,0,0,0,0,0,0,0,0,0,0,0,1,0,0,0,0,0,0,0,0,0,0,0,0,0,0,0,0,0,0,0,0,0,0,0,0,1,0,0,0,0,0,0,0,0,0,0,0,0,0,1,0,0,0,0,0,0,0,0,0,0,0,0,0,0,0,0,0,0,0,0,0,0,0,0,0,0,0,0,0,0,0,0,0,0,0,1,0,0,0,0,0,0,0,0,0,1,0,0,0,0,0,0,0,0,0,0,0,0,0,0,0,0,1,0,0,0,0,0,0,0,0,0,0,0,0,0,0,0,0,0,0,0,0,0,0,0,0,0,0,0,0,0,1,0,0,0,0,0,0,0,0,0,0,0,1,0,0,0,0,0,0,0,0,0,0,0,0,0,0,0,0,0,0,0,0,0,0,1,0,0,0,0,0,0,0,0,0,0,0,1,0,0,0,0,0,0,0,0,0,0,0,0,0,0,0,0,0,0,0,0,0,0,0,0,0,1,0,0,0,0,0,0,0,0,0,0,0,0,0,0,0,0,0,0,0,0,0,0,0,0,0,0,0,0,0,1,0,0,0,1,0,0,0,0,0,0,0,0,0,0,0,0,0,0,0,0,0,0,0,1,0,0,0,0,0,0,0,0,0,0,0,0,0,0,0,0,0,0,0,0,0,0,0,0,0,0,0,0,1,0,0,0,0,0,0,0,0,0,0,1,0,0,0,0,0,0,0,0,0,0,0,0,0,0,0,0,0,0,0,0,1,0,0,0,0,0,0,0,0,0,0,0,0,0,0,0,0,0,0,1,0,0,0,0,0,0,0,0,0,0,0,0,0,0,0,0,0,0,0,0,0,0,0,0,0,1,0,0,0,0,0,0,0,0,0,0,0,0,0,0,0,0,0,0,0,0,0,1,0,0,0,0,0,0,0,0,0,0,0,1,0,0,0,0,0,0,0,0,0,0,0,0,0,0,0,0,0,0,0,0,0,0,0,0,0,1,0,0,0,0,0,0,0,0,0,0,0,0,0,0,0,0,0,0,0,0,0,0,0,0,0,0,1,0,0,0,0,0,0,0,0,0,0,0,0,0,0,0,0,0,1,0,0,0,0,0,0,0,0,0,0,0,0,0,0,1,0,0,0,0,0,0,0,0,0,0,0,0,0,0,0,0,0,0,0,1,0,0,0,0,0,0,0,0,0,0,0,0,0,0,0,0,0,0,0,1,0,0,0,0,0,0,0,0,0,0,0,0,0,0,0,0,0,0,0,0,0,1,0,0,0,0,0,0,0,0,0,0,0,0,0,0,0,0,0,0,0,0,1,0,0,0,0,0,0,0,0,0,0,0,0,0,0,0,0,0,0,0,0,0,1,0,0,0,0,0,0,0,0
8.12,35,1.0,-1.5117970656086833e-18,1.4065577995932468e-17,1.0537353090578865,-0.647987807518043,-0.0361509392276413,0.5207115373125595,0.5869887824144182,0.8219909426433741,0.5429283091059736,-1.4870470749010676e-17,0.5688415475044972,0.7986673910860149,-0.5589439437111949,-0.0476191426816669,0.5493348541762544,-0.0471790259364388,0.906016989996952,-0.142098583237007,0.4616406518055752,0.4601990618874957,-0.1042533861027025,-0.8096874592194778,0.4548021815371875,0.3791743122342387,0.8685933964265218,0.1083562113021772,0.4481512412058859,0.3228258568732005,-0.4210301489801216,-0.7888982171486686,0.4356731045513999,0.475863719972439,-0.7671998944901042,0.3598056934747805,0.4330374952520827,0.5063663681093284,-0.6528242335038752,-0.4931739109917291,0.4285270115910228,-0.4630746515750371,0.0565700492186872,-0.7545402661685217,0.4193089227100497,-0.2849685964211222,0.8505761959353958,0.0465560593250847,0.3960353457268167,0.904706948917043,-0.3150098057697009,-0.061624255261384,0.394376162304665,-0.7736522376991324,-0.3729224354259371,-0.236492039935105,0.3867895050516995,-0.6844854262509672,0.1838725208534913,-0.4980352635208249,0.3847397569127795,-0.7577139869732706,0.0633567495016067,0.4064766253179675,0.379894136630928,0.8980260699537576,0.3803120168345523,-0.0783886140526924,0.3746869864243034,0.2348103499399501,0.7362064280424745,0.5264123159026753,0.3704821067151514,0.474475167007518,-0.4781217621350729,0.6884171434261569,0.360393561328391,0.2401378541836926,-0.8543967816901495,0.3558396957226005,0.3500336217263388,-0.0674667184426031,0.8082662726975971,-0.4819501486683919,0.3381777201850477,-0.6947998824301638,0.493065602191029,-0.3069671577681923,0.2706312749266379,0.1452725735972597,0.7519936574513137,-0.6090079203597067,0.2666350816175593,0.1475908770696211,-0.8977036291196893,0.3297699287263811,0.2621777415331407,-0.8668843440755329,0.1778595732755466,0.1712457080384992,0.2605371036611444,0,0,0,0,0,0,0,0,0,0,0,0,0,1,0,0,0,0,0,0,0,0,0,0,0,0,0,0,0,0,0,1,0,0,0,0,0,0,0,0,1,0,0,0,0,0,0,0,0,0,0,0,0,0,0,0,0,0,0,0,0,0,0,0,0,0,0,0,0,0,0,0,0,0,0,0,1,0,0,0,0,1,0,0,0,0,0,0,0,0,0,0,0,0,0,0,0,0,0,0,1,0,0,0,0,0,0,0,0,0,0,0,0,0,0,0,0,0,0,0,0,0,0,0,0,0,0,0,0,0,0,0,0,1,0,0,0,0,0,0,0,0,0,1,0,0,0,0,0,0,0,0,0,0,0,0,0,0,0,0,0,1,0,0,0,0,0,0,0,0,0,0,0,0,0,0,0,0,0,0,0,0,0,0,0,0,0,0,0,0,0,1,0,0,0,0,0,0,0,0,0,0,1,0,0,0,0,0,0,0,0,0,0,0,0,0,0,0,0,0,0,0,0,0,0,1,0,0,0,0,0,0,0,0,0,0,0,0,0,0,0,1,0,0,0,0,0,0,0,0,0,0,0,0,0,0,0,0,0,0,0,0,0,1,0,0,0,0,0,0,0,0,0,0,0,0,0,0,0,0,0,0,1,0,0,0,0,0,0,0,0,0,0,0,0,0,0,0,0,0,0,0,0,0,0,0,0,0,0,0,0,1,0,0,0,0,0,0,0,0,0,0,0,0,0,0,0,0,0,0,0,0,0,1,0,0,0,0,0,0,0,0,0,1,0,0,0,0,0,0,0,0,0,0,0,0,0,0,0,0,0,0,0,0,0,0,0,0,0,0,0,0,0,1,0,0,0,0,0,0,1,0,0,0,0,0,0,0,0,0,0,0,0,0,0,0,0,0,0,0,0,0,0,0,0,0,0,0,0,1,0,0,0,0,0,0,0,0,0,0,0,0,0,0,0,0,0,0,0,0,0,0,0,0,0,0,1,0,0,0,0,1,0,0,0,0,0,0,0,0,0,0,0,0,0,0,0,0,0,0,0,0,0,0,0,1,0,0,0,0,0,0,0,0,0,0,0,0,0,0,0,0,0,0,0,0,0,0,0,0,0,0,0,1,0,0,0,0,0,0,0,0,0,0,0,0,1,0,0,0,0,0,0,0,0,0,0,0,0,0,0,0,0,0,0,0,0,0,0,1,0,0,0,0,0,0,0,0,0,0,0,0,0,0,0,0,1,0,0,0,0,0,0,0,0,0,0,0,0,0,0,0,0,0,0,0,0,0,0,1,0,0,0,0,0,0,0,0,0,0,1,0,0,0,0,0,0,0,0,0,0,0,0,0,0,0,0,0,0,0,1,0,0,0,0,0,0,0,0,0,0,0,0,0,0,0,0,0,0,0,1,0,0,0,0,0,0,0,0,0,0,0,0,0,0,0,0,0,0,0,0,1,0,0,0,0,0,0,0,0,0,0,0,0,0,0,0,0,0,0,0,0,0,0,0,0,0,0,0,0,0,0,0,0,0,0,1,0,0,0,0,1,0,0,0,0,0,0,0,0,0,0,0,0,0,0,0,0,0,0,0,0,0,1,0,0,0,0,0,0,0,0,0,0,0,0,0,0,0,0,0,0,0,0,0,0,0,0,0,0,0,0,0,1,0,0,0,0,0,0,0,1,0,0,0,0,0,0,0,0,0,0,0,0,0,0,0,0,0,0,0,0,0,0,0,0,0,0,0,0,0,0,0,1,0,0,0,0,0,0,0,0,0,0,0,0,0,0,1,0,0,0,0,0,0,0,0,0,0,0,0,0,0,0,0,0,1,0,0,0,0,0,0,0,0,0,0,0,0,0,1,0,0,0,0,0,0,0,0,0,0,0,0,0,0,0,0,0,0,0,0,0,0,0,0,0,1,0,0,0,0,0,0,0,0,0,0,0,0,0,0,0,0,0,0,0,0,0,0,0,0,1,0,0,0,0,0,0,0,0,0,0,0,0,0,0,1,0,0,0,0,0,0,0,0,0,0,0,0,0,0,0,0,0,0,0,0,0,0,0,0,0,0,0,0,0,1,0,0,0,0,0,0,0,0,0,0,0,0,0,0,0,0,1,0,0,0,0,0,0,0,0,0,0,0,0,0,0,1,0,0,0,0,0,0,0,0,0,0,0,0,0,0,0,0,0,0,0,0,1,0,0,0,0,0,0,0,0,0,0,0,0,0,0,0,0,0,0,0,0,0,1,0,0,0,0,0,0,0,0
8.05,36,1.0,1.4824392224311378e-17,2.4916924102878688e-18,1.047090444369744,0.8121006268952226,0.573160289719104,-3.375079792483237e-18,0.6099801253283895,0.7738883475330827,-0.5468787264107915,-0.2733424492185831,0.560519793475864,-0.0132736007938786,0.6432945133794826,0.5891638862544895,0.5082272086099021,0.3527051811694905,0.8531675011926788,0.280543142856459,0.479768602988722,0.3529053205986963,-0.7326768345180692,-0.3922932754089495,0.4630895919347428,0.093040497813007,0.3204143544244584,0.7449494380517132,0.4548021815371876,0.0921126467821836,-0.652407592449254,-0.469430298465987,0.4515339340712035,0.7187143198201069,-0.6100332162111434,-0.0368474919583598,0.43908672965911,0.1163810414863954,0.9551219216274348,0.0002546165912017,0.4302143136316842,0.1953945570944471,-0.6475295888317548,0.6447266863427085,0.4212452523458304,-0.4021468844263012,0.5952123085488357,0.4562792370480243,0.4212257401749966,0.2169879934786528,-0.6754269075433973,-0.3066965023809798,0.4058609851468662,0.8490499189642463,0.4685672448333472,-0.1728759504968368,0.3938955559171924,-0.4885021246857898,0.7120381402039317,0.1445103642976677,0.3867705096978261,0.752182114154736,-0.3355831035837121,-0.4512928587429041,0.3753501770047844,-0.6740175401843738,-0.3312600335308973,0.27500540927818,0.355016892677957,-0.4590643125847588,-0.0189007058996862,0.6887572376539818,0.3189122820539371,-0.5367166086458265,-0.3081578479234894,0.5286806354970736,0.3148516717254667,0.4449570191443491,0.7619227122639174,0.3839340615852746,0.3130101319997991,0.1215626901319346,-0.8041727641022373,-0.435228137054584,0.3125900747806779,-0.5213228557113511,0.316601980463043,0.572187297720665,0.3102256109617708,0.0631007423928568,-0.54032781353601,0.7381035881857639,0.2852404503483072,0.0445561465792062,-0.1466068224697801,-0.9618555419996024,0.2669138199886,0.7656623262874496,-0.3230658034251338,-0.3239576849394584,0.2348685066848903,0,0,1,0,0,0,0,0,0,0,0,0,0,0,0,0,0,0,0,0,0,0,0,0,0,0,0,0,0,0,0,1,0,0,0,0,0,0,0,0,0,0,0,0,0,0,0,0,0,0,0,0,0,1,0,0,0,0,0,0,1,0,0,0,0,0,0,0,0,0,0,0,0,0,0,0,0,0,0,0,0,0,1,0,0,0,0,0,0,0,0,0,0,0,0,0,0,0,0,0,0,0,0,1,0,0,0,0,0,0,0,0,0,0,0,0,0,0,0,0,0,0,0,0,0,0,0,0,0,0,0,0,0,1,0,0,0,0,0,0,0,0,0,0,0,0,0,0,0,0,0,1,0,0,0,0,0,0,0,0,0,0,0,0,0,0,0,0,0,0,0,0,0,1,0,0,0,0,0,0,0,0,0,1,0,0,0,0,0,0,0,0,0,0,0,0,0,0,0,0,0,0,1,0,0,0,0,0,0,0,0,0,0,0,0,0,0,0,0,0,0,0,0,1,0,0,0,0,0,0,0,0,0,0,0,0,0,0,0,0,0,0,0,0,0,0,0,0,0,0,0,0,0,1,0,0,0,0,0,0,0,0,0,0,0,1,0,0,0,0,0,0,0,0,0,0,0,0,0,0,0,0,1,0,0,0,0,0,0,0,0,0,0,0,0,0,0,0,0,0,0,0,0,0,0,0,0,0,1,0,0,0,0,0,0,0,0,0,0,0,0,0,1,0,0,0,0,0,0,0,0,0,0,0,0,0,0,0,0,0,0,0,0,0,0,0,1,0,0,0,0,0,0,0,0,0,0,0,0,0,0,0,0,0,0,0,0,0,0,0,0,0,0,1,0,0,0,0,0,0,0,0,0,0,0,0,1,0,0,0,0,0,0,0,0,0,0,0,0,0,0,0,0,0,0,0,0,0,0,1,0,0,0,0,0,0,0,0,0,0,0,0,0,0,0,0,0,0,0,0,0,0,0,0,0,0,1,0,0,0,0,1,0,0,0,0,0,0,0,0,0,0,0,0,0,0,0,0,0,0,1,0,0,0,0,0,0,0,0,0,0,0,0,0,0,0,0,0,0,0,0,0,1,0,0,0,0,0,0,0,0,0,0,0,0,0,0,0,0,0,0,0,0,0,0,0,0,0,1,0,0,0,0,0,0,0,0,0,0,0,0,0,0,0,0,0,0,0,0,0,0,0,0,1,0,0,0,0,0,0,0,0,0,0,0,0,0,0,0,0,0,0,0,0,0,0,1,0,0,0,0,1,0,0,0,0,0,0,0,0,0,0,0,0,0,0,0,0,0,0,0,0,0,0,0,0,0,0,0,0,0,0,0,0,0,0,1,0,0,0,0,0,1,0,0,0,0,0,0,0,0,0,0,0,0,0,0,0,0,0,1,0,0,0,0,0,0,0,0,0,0,0,0,0,0,0,0,0,0,0,0,0,0,0,0,0,1,0,0,0,0,0,0,0,0,0,0,0,0,0,0,0,0,0,0,0,0,0,0,0,0,0,0,0,0,0,1,0,0,0,0,1,0,0,0,0,0,0,0,0,0,0,0,0,0,0,0,0,0,0,0,0,0,0,0,0,0,0,0,0,0,1,0,0,0,0,0,0,0,0,0,0,0,0,0,0,1,0,0,0,0,0,0,0,0,0,0,0,0,0,1,0,0,0,0,0,0,0,0,0,0,0,0,0,0,0,0,0,0,0,0,0,0,0,0,0,0,0,0,0,0,0,0,1,0,0,0,0,0,0,0,0,0,1,0,0,0,0,0,0,0,0,0,0,0,0,0,0,0,0,0,0,1,0,0,0,0,0,0,0,0,0,0,0,0,0,0,0,0,0,1,0,0,0,0,0,0,0,0,0,0,0,0,0,0,0,0,0,0,0,0,1,0,0,0,0,0,0,0,0,0,0,0,0,0,0,0,0,0,0,0,0,0,1,0,0,0,0,0,0,0,0,0,0,0,0,0,0,0,0,0,0,0,0,0,0,0,0,0,1,0,0,0,0,0,0,0,0,0,0,1,0,0,0,0,0,0,0,0,0,0,0,0,0,0,0,0,0,0,0,0,0,0,0,0,0,0,0,0,0,0,0,0,0,0,0,1,0,0,0,0,0,0,0,0,1,0,0,0,0,0,0,0,0,0,0,0,0,0,0,0,0,1,0,0,0,0,0,0,0,0,0,0,0,0,0,0,0,0,0,0,0,0,0,0,0,0,0,0,0,0,0,0,0,0,0,1,0,0,0
8.88,37,1.0,1.161502595227951e-17,-1.3713490101977321e-17,1.0476633871378251,0.8106409659920472,0.5791159325686015,-6.3449953241339194e-18,0.5697194922012805,0.7944640971066222,-0.5874279408400112,0.0581124655817046,0.5482873004859301,-0.1707193655148443,-0.9335720624915635,0.2957387680725165,0.5126796154515144,0.3954340982708507,-0.2126046852725937,-0.8657163307800049,0.4840749154908817,0.3577155006820284,-0.8312842882143817,0.4039480806911222,0.4556367957580319,0.3744742141065647,0.9107417266603604,-0.0378758745606383,0.4323366005343235,-0.3040008670197045,0.8635253602796057,0.2972244251068843,0.4305945362144363,-0.02335405506091,0.9439250486798094,0.2863032696853035,0.4183494007669353,-0.2858072491898448,-0.8690951942597058,0.2532864514465656,0.4054197827557211,0.616537437697726,-0.6496680397697757,-0.4029174216840238,0.4022488541480721,0.8846603628354913,-0.3688836197786053,0.1981552161217103,0.3969474991814004,0.5147247503360275,-0.411279614730634,-0.7290714698139373,0.3908784932229485,0.9175548769468892,0.3779649549198666,0.0073196204383133,0.3799284063185186,0.164997877679537,0.8577483204166445,-0.4262460333089565,0.3797623730408341,0.3234708321666618,-0.5296509699234432,0.7622273036782166,0.3711391132841377,-0.2774867439104103,0.8780812321893806,0.2861250542821643,0.3597223411361265,0.3763927864631626,0.4767812481774672,-0.7689243412405558,0.3489265023417182,0.1895277038984226,0.6649269267441917,-0.6888502795274623,0.3393595144806332,0.222675332436787,-0.3919518279588251,0.836012018739237,0.338491180391061,0.2928008008307285,-0.8986503910243877,0.2902771133903996,0.327453639873846,0.0637487688367511,0.7947694245325694,0.5636852982419991,0.3270469519158691,-0.2164850932956962,0.8298871577845814,-0.4604386531579714,0.3224024445883953,0.1629346814530759,-0.4563146457832934,0.820841467092734,0.3219554914658981,0.4391326383317231,0.8458554437342871,0.0254685910622009,0.3201969218873561,0,0,0,0,0,0,0,0,0,0,0,0,0,0,0,0,1,0,0,0,0,0,0,0,0,0,0,0,0,0,0,1,0,0,0,0,0,0,0,0,0,0,1,0,0,0,0,0,0,0,0,0,0,0,0,0,0,0,0,0,1,0,0,0,0,0,0,0,0,0,0,0,0,0,0,0,0,0,0,0,0,0,0,0,0,0,0,0,0,0,0,0,0,0,0,0,1,0,0,0,0,0,0,1,0,0,0,0,0,0,0,0,0,0,0,0,0,0,0,0,0,0,0,0,0,0,0,0,0,0,0,0,0,0,0,0,1,0,0,0,0,0,0,0,0,0,0,0,0,0,0,0,0,0,0,0,0,1,0,0,0,0,0,0,0,0,0,0,0,0,0,1,0,0,0,0,0,0,0,0,0,0,0,0,0,1,0,0,0,0,0,0,0,0,0,0,0,0,0,0,0,0,0,0,0,0,0,0,0,0,0,0,0,0,0,0,1,0,0,0,0,0,0,1,0,0,0,0,0,0,0,0,0,0,0,0,0,0,0,0,0,0,1,0,0,0,0,0,0,0,0,0,0,0,0,0,0,0,0,0,0,0,0,1,0,0,0,0,0,0,0,0,0,0,0,0,0,0,0,0,0,0,1,0,0,0,0,0,0,0,0,0,0,0,0,0,0,0,0,0,0,0,0,0,0,0,0,0,1,0,0,0,0,0,0,0,0,0,0,0,0,0,1,0,0,0,0,0,0,0,0,0,0,0,0,0,0,0,0,0,0,0,0,1,0,0,0,0,0,0,0,0,0,0,0,0,0,0,0,0,0,0,0,0,0,0,0,0,0,0,0,0,0,0,0,0,1,0,0,0,0,0,0,0,0,0,0,0,0,1,0,0,0,0,0,0,0,0,0,0,0,0,0,0,0,0,0,0,0,0,0,0,0,0,0,0,1,0,0,0,1,0,0,0,0,0,0,0,0,0,0,0,0,0,0,0,0,0,0,0,0,0,0,0,0,0,0,0,0,0,0,0,0,0,0,0,1,0,0,0,0,0,0,0,0,0,1,0,0,0,0,0,0,0,0,0,0,0,0,0,0,0,0,0,0,0,0,0,0,0,0,1,0,0,0,0,0,0,0,0,0,0,0,0,0,0,0,0,0,0,0,1,0,0,0,0,0,0,0,0,0,0,1,0,0,0,0,0,0,0,0,0,0,0,0,0,0,0,0,0,0,0,0,0,0,0,0,0,0,0,0,0,0,0,0,0,1,0,0,0,0,0,1,0,0,0,0,0,0,0,0,0,0,0,0,0,0,0,0,0,0,0,0,0,0,0,0,0,0,0,0,1,0,0,0,0,0,0,0,0,0,0,0,0,0,0,0,0,0,0,0,0,0,0,0,0,1,0,0,0,0,0,0,1,0,0,0,0,0,0,0,0,0,0,0,0,0,0,0,0,0,0,1,0,0,0,0,0,0,0,0,0,0,0,0,0,0,0,0,0,0,0,0,0,0,0,0,0,1,0,0,0,0,0,0,0,0,0,0,0,0,0,0,0,0,0,0,0,0,0,0,0,0,1,0,0,0,0,0,0,0,0,0,0,0,0,0,0,0,0,0,0,0,0,0,0,1,0,0,0,0,0,0,0,0,0,0,0,0,0,0,0,0,1,0,0,0,0,0,0,1,0,0,0,0,0,0,0,0,0,0,0,0,0,0,0,0,0,0,0,0,0,0,0,0,0,0,0,0,0,0,0,0,0,0,0,1,0,0,0,0,0,0,0,0,0,0,0,1,0,0,0,0,0,0,0,0,0,0,0,0,0,0,0,0,0,0,0,0,0,0,0,0,0,0,0,1,0,0,0,0,0,0,0,0,0,0,0,1,0,0,0,0,0,0,0,0,0,0,0,0,0,1,0,0,0,0,0,0,0,0,0,0,0,0,0,0,0,0,0,1,0,0,0,0,0,0,0,0,0,0,0,0,0,0,0,0,0,0,0,0,0,1,0,0,0,0,0,0,0,0,0,0,0,0,0,0,0,0,0,0,0,0,0,0,1,0,0,0,0,0,0,0,0,0,0,0,0,0,0,0,0,0,0,0,0,0,0,0,0,0,0,0,0,0,0,1,0,0,0,0,0,0,0,0,0,0,0,1,0,0,0,0,0,0,0,0,0,0,0,0,0,1,0,0,0,0,0,0,0,0,0,0,0,0,0,0,0,0,0,0,0,0,0,0,0,1,0,0,0,0,0,0,0,0,0,0,0,0,0
8.82,38,1.0,1.0078555163379184e-17,4.075474141309337e-18,1.0519710780327076,0.8213347122093971,0.5686061185759655,1.0258233810595574e-17,0.5842559654050123,0.7959945836070476,-0.5230263827264477,0.1862790106901902,0.5469055060591126,-0.1086988442767163,0.8080653800039993,-0.3034986802890146,0.5241773174129659,-0.432086375103042,-0.4771031126711952,-0.516156934796686,0.5173170951597419,-0.3573569650337301,0.7602836570152802,0.0018216995880238,0.4840749154908816,0.3203515758811553,-0.8961499556566949,0.2478497656809291,0.4665572270006911,0.3783186172462868,0.879122912305754,-0.1682068487248507,0.4602308014082795,0.755926782401452,-0.2940733170441638,0.502183276158626,0.4394817163247134,-0.0366358868291553,-0.756748121869668,0.5476197375736036,0.4211969812039754,-0.2676530894888501,0.5302078524084937,-0.5630509026090894,0.4128676601257868,0.1634782036401115,-0.9343264510729788,0.0847453898735478,0.402401927697653,-0.3308030743402489,-0.5672027845593377,0.6758989507725089,0.4008899286471775,-0.6845045900626564,-0.3442916625878824,-0.4016013100007017,0.4000965428813858,0.8704193356887686,0.4434397604882973,0.1198551476102425,0.3843651645169752,0.3091487675942592,-0.9085108084543482,0.1232086665331866,0.3716303080994099,0.8100779213421193,-0.4575742835017672,-0.1646937958640214,0.365501796616406,-0.2330920177521332,-0.6266950003379326,0.6832477889769412,0.3569141215943866,0.3830486273582607,0.805574665765944,-0.361375332128423,0.3563684688719866,-0.7314904985362833,-0.01427002230526,-0.4231117358198767,0.3451641399543202,-0.077895008764588,0.4769137432265267,-0.6732126866092459,0.3268589627277394,0.2859735904004294,0.9289914679215324,0.1166055168334498,0.3247847875767659,-0.5545045537832338,0.2991988057415796,-0.4984594323195236,0.3209894582959422,0.6467280304412344,-0.454742521247859,-0.4889488809259193,0.3135092172656945,0.0083074163426486,0.8958263856705363,0.3815607728192425,0.3066926403457325,0,0,0,0,0,0,0,0,0,0,0,1,0,0,0,0,0,0,0,0,0,0,0,0,0,0,0,0,0,0,0,1,0,0,0,0,0,0,0,0,0,0,0,0,0,0,0,0,0,0,0,0,0,0,0,0,1,0,0,0,1,0,0,0,0,0,0,0,0,0,0,0,0,0,0,0,0,0,0,0,0,0,0,0,0,0,0,0,0,0,0,1,0,0,0,0,0,0,0,0,0,0,0,1,0,0,0,0,0,0,0,0,0,0,0,0,0,0,0,0,0,0,0,0,0,0,0,0,0,0,0,0,0,0,0,0,1,0,0,0,0,0,0,0,0,0,0,0,0,0,0,1,0,0,0,0,0,0,0,0,0,0,0,0,0,0,0,0,0,0,0,0,0,1,0,0,0,0,0,0,0,0,0,0,0,0,0,0,0,0,0,0,0,0,0,0,1,0,0,0,0,0,0,0,0,0,0,0,0,0,0,0,0,0,0,0,1,0,0,0,0,0,0,0,0,1,0,0,0,0,0,0,0,0,0,0,0,0,0,0,0,0,0,0,0,0,0,0,0,0,0,1,0,0,0,0,0,0,0,0,0,0,0,1,0,0,0,0,0,0,0,0,0,0,0,0,0,0,0,0,0,0,0,0,0,0,0,0,0,0,0,0,0,0,0,0,1,0,0,0,0,0,0,1,0,0,0,0,0,0,0,0,0,0,0,0,0,0,0,0,0,0,0,0,0,0,0,0,0,0,0,1,0,0,0,0,0,0,0,0,0,0,0,0,0,0,1,0,0,0,0,0,0,0,0,0,0,0,0,0,0,0,0,0,0,0,0,0,0,0,0,1,0,0,0,0,0,0,0,0,0,0,0,1,0,0,0,0,0,0,0,0,0,0,0,0,0,0,0,0,0,0,1,0,0,0,0,0,0,0,0,0,0,0,0,0,0,0,0,0,1,0,0,0,0,0,0,0,0,0,0,0,0,0,0,0,0,0,0,0,0,0,0,0,0,0,0,0,0,0,0,1,0,0,0,0,0,0,0,0,0,0,0,0,0,0,0,0,1,0,0,0,0,0,0,0,0,0,0,0,0,0,0,0,0,0,0,0,0,0,0,1,0,0,0,0,0,0,0,0,0,0,0,0,0,0,0,0,1,0,0,0,0,0,0,0,0,0,0,0,0,0,0,0,0,0,0,0,0,0,0,0,0,1,0,0,0,0,0,0,1,0,0,0,0,0,0,0,0,0,0,0,0,0,0,0,0,0,0,0,0,0,0,0,0,0,0,0,0,0,0,0,0,0,0,0,1,0,0,0,0,0,0,0,0,0,0,0,0,0,0,0,0,0,0,0,1,0,0,0,0,0,0,0,0,0,0,0,0,0,0,1,0,0,0,0,0,0,0,0,0,0,0,0,0,0,0,0,1,0,0,0,0,0,0,0,0,0,0,0,0,0,0,0,0,0,0,0,0,0,0,1,0,0,0,0,0,0,0,0,1,0,0,0,0,0,0,0,0,0,0,0,0,0,0,0,0,0,0,0,0,0,0,0,0,0,0,0,0,0,0,1,0,0,0,0,0,0,0,0,0,0,0,0,0,0,0,0,1,0,0,0,0,0,0,0,0,0,0,0,0,0,0,0,0,0,0,0,0,0,0,0,0,0,0,0,1,0,0,0,0,0,0,0,0,0,1,0,0,0,0,0,0,0,0,0,0,0,0,0,0,0,1,0,0,0,0,0,0,0,0,0,0,0,0,0,0,0,0,0,0,0,0,0,0,0,0,0,0,0,0,1,0,0,0,0,0,0,0,0,0,0,1,0,0,0,0,0,0,0,0,0,0,0,0,0,0,0,0,0,0,0,0,0,0,0,0,0,0,0,0,0,0,0,0,0,1,0,0,0,0,0,0,0,0,0,0,0,0,0,0,0,0,0,0,0,1,0,0,0,0,0,0,1,0,0,0,0,0,0,0,0,0,0,0,0,0,0,0,0,0,0,1,0,0,0,0,0,0,0,0,0,0,0,0,0,0,0,0,0,0,0,0,1,0,0,0,0,0,0,0,0,0,0,0,0,0,0,0,0,0,0,0,0,0,0,0,0,0,0,0,1,0,0,0,0,0,0,0,0,0,0,0,0,0,0,0,0,0,0,0,0,0,0,0,0,1,0,0,0,0,0,0,0,0,0,0,0,0,0,0,0,0,0,0,0,1,0,0,0,0,0,0,0,0,0,0,0,0,0,0,0,0,0,0,0,0,1,0,0
9.59,40,1.0,1.7640732046594758e-17,-2.817501217669567e-17,1.04775988122631,0.7986121369440091,0.587013371892924,-2.4263700781904118e-17,0.6105576764648252,-0.132523101002389,0.9038108594435222,0.3508020073219124,0.5449159316996965,0.8451581465329241,-0.5239759847512978,-0.000126593521099,0.5245897997146691,0.2597151958790641,0.9324760986930112,0.1423015010447024,0.4975507365122972,0.1709691369956044,-0.8567980914229386,0.4524627579453445,0.4756905729770125,0.3946700062825589,-0.9055113805524078,0.0843014515039786,0.4468801064209671,0.0425140791934484,-0.9327189573427146,-0.3319708949580374,0.4227069329556521,-0.126117463607039,-0.8298567638556028,-0.4642957634182824,0.4157473887325539,0.8880856905712526,-0.3351041963880434,0.2884979475878519,0.4025210163707767,0.1771608103492644,-0.0183754774719092,-0.9587972520176676,0.3870949992391916,0.875705587685997,0.4493788740725583,-0.0898791525059129,0.3853668405487741,0.5588520033029667,-0.0909841759298867,-0.7787348811839034,0.3840573992244639,0.0728308805220927,0.9274148187643094,-0.2790348953045322,0.3728356715820863,-0.1239250137450219,-0.8489997093507577,-0.4267871144068071,0.3713752215132316,0.8149499018734611,-0.3994968711544792,-0.3999905541644554,0.3654838916612485,-0.1687344330917747,-0.8680413023622763,-0.3858331224637641,0.364279964030516,-0.3204312419453035,0.4857390890070286,0.782218013564047,0.3607535611718081,0.0324372792452831,0.8314772308045111,-0.4904424405634981,0.3454826149093948,0.6363653332304239,-0.2586773561012455,-0.716820600237299,0.3402535158003215,-0.0152839634738696,0.8266466706789036,-0.4801839673958997,0.3235675742192151,0.3929182620824514,0.51186245997444,0.753975661097764,0.3224620538680508,0.3303395304370526,0.8714083019828323,0.3130131622809295,0.3199159716667867,0.0255342629718099,-0.0591724900185995,0.9839003244979052,0.274045997609401,0.0154103525160163,0.1087629505119432,-0.9831397294096432,0.2485672919175554,0,0,0,0,0,0,0,0,0,1,0,0,0,0,0,0,0,0,0,0,0,0,0,0,0,0,0,0,0,0,0,1,0,0,0,0,0,0,0,0,0,0,0,0,0,0,0,0,0,0,0,0,0,0,1,0,0,0,0,0,1,0,0,0,0,0,0,0,0,0,0,0,0,0,0,0,0,0,0,0,0,0,0,0,0,0,0,0,0,0,0,0,0,0,1,0,0,0,0,0,0,0,0,0,0,0,1,0,0,0,0,0,0,0,0,0,0,0,0,0,0,0,0,0,0,0,0,0,0,1,0,0,0,0,0,0,0,0,0,0,0,0,0,1,0,0,0,0,0,0,0,0,0,0,0,0,0,0,0,0,0,0,0,0,0,0,0,0,0,0,0,0,0,0,1,0,0,0,0,0,0,0,0,1,0,0,0,0,0,0,0,0,0,0,0,0,0,0,0,0,0,0,0,0,0,0,0,0,0,1,0,0,0,0,0,0,0,0,0,0,0,0,0,0,0,0,0,0,1,0,0,0,0,0,0,0,0,0,0,0,0,0,0,0,0,0,0,0,0,1,0,0,0,0,0,0,0,0,0,0,0,0,0,1,0,0,0,0,0,0,0,0,0,0,0,0,0,0,0,0,0,0,0,0,0,0,0,0,0,1,0,0,0,0,0,0,0,0,0,0,0,0,0,1,0,0,0,0,0,0,0,0,0,0,0,0,0,0,0,0,0,0,0,0,0,0,0,0,0,1,0,0,0,0,0,0,0,0,0,0,0,0,0,0,0,0,0,0,1,0,0,0,0,0,0,0,0,0,0,0,0,0,0,0,0,0,0,0,0,1,0,0,0,0,0,0,0,0,0,0,0,0,0,0,0,0,1,0,0,0,0,0,0,0,0,0,0,0,0,0,0,0,0,0,0,1,0,0,0,0,0,0,0,0,0,0,0,0,0,0,0,0,0,0,0,0,0,0,0,0,0,0,0,0,0,0,1,0,0,0,0,0,0,0,0,0,0,0,0,0,0,0,0,0,1,0,0,0,0,0,0,0,0,0,0,0,0,0,0,0,0,0,0,0,0,0,1,0,0,0,0,0,0,0,0,1,0,0,0,0,0,0,0,0,0,0,0,0,0,0,0,0,0,0,0,1,0,0,0,0,0,0,0,0,0,0,0,0,0,0,0,0,0,0,0,0,0,0,0,0,0,0,0,0,1,0,0,0,0,0,0,0,0,1,0,0,0,0,0,0,0,0,0,0,0,0,0,0,0,0,0,0,0,0,0,0,0,0,0,1,0,0,0,0,0,0,0,0,0,0,0,0,0,0,0,0,0,0,1,0,0,0,0,0,0,0,0,0,0,0,0,0,0,0,0,0,0,0,0,1,0,0,0,0,0,0,0,0,0,0,1,0,0,0,0,0,0,0,0,0,0,0,0,0,0,0,0,0,0,0,0,0,0,0,0,0,0,0,0,1,0,0,0,0,0,0,0,0,0,0,0,0,0,0,0,0,0,0,1,0,0,0,0,0,0,0,0,0,0,0,0,0,0,0,0,0,0,0,0,0,0,0,0,0,0,0,1,0,0,0,0,0,0,0,0,0,1,0,0,0,0,0,0,0,0,0,0,0,0,0,0,0,0,0,0,0,0,0,0,0,0,0,0,0,1,0,0,0,0,0,0,0,0,0,0,0,0,0,1,0,0,0,0,0,0,0,0,0,0,0,0,0,0,0,0,1,0,0,0,0,0,0,0,0,0,0,0,0,0,0,0,0,0,0,0,0,0,0,0,0,0,1,0,0,0,0,0,0,0,0,0,0,0,0,0,0,0,0,0,0,0,0,0,0,1,0,0,0,0,0,0,0,0,0,0,0,0,0,1,0,0,0,0,0,0,0,0,0,0,0,0,0,0,0,0,0,0,0,0,0,0,1,0,0,0,0,0,0,0,0,0,0,0,0,0,0,0,0,0,0,0,0,0,0,0,0,1,0,0,0,0,0,0,0,0,0,0,0,0,0,0,0,0,0,1,0,0,0,0,0,0,0,0,0,0,0,0,0,0,0,0,1,0,0,0,0,0,0,0,0,0,0,0,0,0,0,0,0,0,0,0,0,0,1,0,0,0,0,0,0,0,0,0,0,0,0,0,0,0,0,0,1,0,0,0,0,0,0,0,0,0,0,0,0,0,1,0,0,0,0,0,0,0,0,0,0,0,0,0,0,1,0,0,0,0,0,0,0,0,0,0,0,0,0,0,0,0,0,0,0
9.46,41,1.0,1.931271243669276e-18,-6.235947259761111e-18,1.0490550054711785,-0.0125868491295652,-0.4363595625657049,0.4246911469883929,0.6273637334216979,0.7381767601788655,0.6645450268597581,-1.575344667815939e-17,0.6105193237592463,0.7482012328323717,-0.5222971517342627,-0.14257398381166,0.5731245020163663,0.0221033430974181,0.0273043142707848,-0.7317063180310224,0.5119757986870994,0.2049421176752739,-0.2150172869681691,-0.7377070936106588,0.4580854569778069,-0.0517331605443949,0.7545433995535575,0.1509652500372426,0.4553365224010589,0.4083684258990831,-0.8628041986793568,0.0895339872656049,0.4493054876772143,0.3458566398569854,0.8627992857246225,0.1529380504727594,0.4371071251762232,0.4849252201455395,-0.469041674072068,-0.5346460947848071,0.4320589147249026,-0.0516528498232057,-0.7591117560395287,0.2673374215383639,0.4216403771477835,0.7591507005119215,0.5484392227813049,-0.1484286135173727,0.4143775940936925,0.1267857969362701,-0.9239148181124086,0.1303136432652507,0.4061910196714155,0.7703749239287146,-0.3281846591606146,-0.1026871283379923,0.3965488609537738,-0.1924185066802874,0.5756480241177059,0.2859069056444054,0.3840573992244639,-0.3870098387190601,0.7146619397789598,-0.3562761702123452,0.3639406361389398,-0.4705489628604237,0.7389746554787773,0.0468337277960169,0.3618886499623864,0.1790444256687482,-0.8384646592344792,0.1895320254045546,0.3403550945499226,0.1948849936527003,0.4941969792921341,0.517046012020689,0.3378267128436084,0.0256055492276844,0.3552560163232933,0.4874524097618545,0.3049665874255017,0.2404193918266156,0.9377500784911468,0.0796105615065953,0.2753164799900734,0.2694785757371277,0.7927861785961364,0.3282368344501354,0.2726532660166355,-0.0277996376802406,0.2550521656783311,0.4971828696282568,0.2597558435490591,-0.1160291215312847,-0.8712892233254049,-0.0136303623512713,0.2529354347288437,0.3195867021545323,-0.8689010291344715,0.1791510955139998,0.2358287410366571,0,0,0,0,0,1,0,0,0,0,0,0,0,0,0,0,0,0,0,0,0,0,0,0,0,0,0,0,0,0,0,1,0,0,0,0,0,0,0,0,0,0,0,0,0,1,0,0,0,0,0,0,0,0,0,0,0,0,0,0,0,0,0,0,0,0,0,0,0,0,0,0,0,0,0,0,1,0,0,0,0,0,0,0,0,0,0,0,0,1,0,0,0,0,0,0,0,0,0,0,1,0,0,0,0,0,0,0,0,0,0,0,0,0,0,0,0,0,0,0,0,0,0,0,0,1,0,0,0,0,0,0,0,0,0,0,0,0,0,0,0,0,0,1,0,0,0,0,0,0,0,0,0,0,0,0,0,0,0,0,0,0,0,0,0,0,0,0,0,0,0,0,0,0,0,0,1,0,0,0,0,0,0,0,0,1,0,0,0,0,0,0,0,0,0,0,0,0,0,0,0,0,0,0,0,0,0,0,0,0,0,0,0,0,0,0,1,0,0,0,0,0,0,0,0,0,0,0,0,0,0,1,0,0,0,0,0,0,0,0,0,0,0,0,0,0,0,0,0,1,0,0,0,0,0,0,0,0,0,0,0,0,0,0,0,0,0,0,0,0,0,1,0,0,0,0,0,0,0,0,0,0,0,0,0,1,0,0,0,0,0,0,0,0,0,0,0,0,0,0,0,0,0,1,0,0,0,0,0,0,0,0,0,0,0,0,0,0,0,0,0,0,0,0,0,0,0,0,0,1,0,0,0,0,0,0,0,0,0,0,0,0,0,1,0,0,0,0,0,0,0,0,0,0,0,0,0,0,0,0,0,0,0,0,0,1,0,0,0,0,0,0,0,0,0,0,0,0,0,0,1,0,0,0,0,0,0,0,0,0,0,0,0,0,0,0,0,0,0,0,0,0,0,0,0,1,0,0,0,0,0,0,0,0,0,0,0,0,0,0,1,0,0,0,0,0,0,0,0,0,0,0,0,0,0,0,0,0,0,0,0,0,0,0,0,0,0,0,0,1,0,0,0,0,0,0,0,0,0,0,0,0,0,0,0,0,0,0,0,0,0,0,0,0,0,0,1,0,0,0,0,0,0,0,0,1,0,0,0,0,0,0,0,0,0,0,0,0,0,0,0,0,0,1,0,0,0,0,0,0,0,0,0,0,0,0,0,0,0,0,0,0,0,0,0,1,0,0,0,0,0,0,0,0,0,0,0,0,0,0,0,0,0,0,0,0,1,0,0,0,0,0,0,0,0,0,0,0,0,0,0,0,0,0,0,0,0,0,0,1,0,0,0,0,0,0,0,0,0,0,0,0,0,0,0,1,0,0,0,0,0,0,0,0,0,0,0,0,0,0,0,0,0,0,0,0,0,0,0,0,0,0,0,0,1,0,0,0,0,0,0,0,0,0,0,0,0,0,0,0,0,0,0,0,0,0,1,0,0,0,0,0,0,0,0,0,0,0,0,0,0,0,0,0,1,0,0,0,0,0,1,0,0,0,0,0,0,0,0,0,0,0,0,0,0,0,0,0,0,0,0,0,0,0,0,1,0,0,0,0,0,0,0,0,0,0,0,0,0,0,0,0,0,0,0,0,0,0,1,0,0,0,0,0,0,0,0,0,0,0,0,0,0,0,0,0,0,0,0,1,0,0,0,0,0,0,0,0,0,0,0,0,0,1,0,0,0,0,0,0,0,0,0,0,0,0,0,0,0,0,0,0,0,0,0,0,0,0,0,1,0,0,0,0,0,0,0,0,0,0,0,0,0,0,0,0,0,0,1,0,0,0,0,0,0,0,0,0,0,0,0,0,0,0,0,0,0,0,0,1,0,0,0,0,0,0,0,0,0,0,0,0,0,0,0,0,1,0,0,0,0,0,0,0,0,0,0,0,0,0,0,0,0,0,0,0,0,0,0,1,0,0,0,0,0,0,0,0,0,0,0,0,0,1,0,0,0,0,0,0,0,0,0,0,0,0,0,0,0,0,0,0,0,0,0,0,0,0,0,1,0,0,0,0,0,0,0,0,0,0,0,0,0,0,0,0,0,0,1,0,0,0,0,0,0,0,0,0,0,0,0,0,0,0,0,1,0,0,0,0,0,0,0,0,0,0,0,0,0,0,0,0,0,0,0,0,0,0,1,0,0,0,0,0,0,0,0,0,0,0,0,0,0,0,0,1,0,0,0,0,0,0,0,0,0,0,0,0,0,0,0,0,0,0,0,0,0,0,1,0,0,0,0,0,0,0,0,0,0,0
8.02,42,1.0,-9.64777494926859e-18,5.365712847709773e-18,1.053025557823817,0.7264263845800744,-0.6032922835408462,0.0376924975593403,0.5833810387381588,-0.7267173939109994,-0.1552883240560779,-0.1892316508553103,0.557904177896374,-0.2668243271854956,-0.9308097751553652,0.2084093782903987,0.5240451904580237,0.8862485128443953,0.4560360522522769,-2.1058005456685165e-18,0.5223812677028828,-0.0243038521179436,0.7464979283161913,0.1184357475396671,0.5119757986870994,0.4707707944294537,-0.0708849618913135,-0.7772069369613939,0.4868720232567823,0.2337443008678309,-0.8611071111689318,0.3585080337939378,0.4849914494120991,0.1391255927225055,0.8449697325943184,-0.1068414002900286,0.4596857366127728,0.4136008309582351,-0.3692561274898527,-0.696521388496177,0.4198362171631439,0.5395679915901852,-0.6073672675106334,-0.4079335066363055,0.4186182376061559,0.5530899939004146,0.794185778343432,-0.0271345858605333,0.4096511529090086,-0.0781772621280484,0.7113167578902178,-0.3882201218305267,0.4035055237568244,-0.7515190928543904,0.0775114705800097,-0.0295191544902084,0.4029322367021824,0.1767015310629114,-0.562410214887907,0.7126178608120497,0.4007200874472728,0.8018894427868781,-0.420210131590619,0.1405603782802298,0.3965256373432256,-0.3358060494905286,-0.9056612978425724,0.039941026335637,0.3760863961473631,0.9377494868556908,0.2877881401725492,0.0064823748847595,0.3599041208918311,0.0509320306134217,0.6859569043803467,-0.5807391749375959,0.3349885131176367,-0.6744619201782964,0.4428365685260666,-0.0036704471649442,0.3084447245753207,0.216330963555173,-0.8862600099840741,0.2191513791726368,0.307162056367469,-0.163065067160887,0.6375056019701584,0.3957514761433773,0.3001637866859965,0.619728086113522,0.7539213208787747,-0.1865200338299146,0.2971166175255058,-0.5002349631881857,-0.1761619583435649,0.6081465294252218,0.2411101826369626,-0.5500710819908944,0.7184156461258908,-0.0759020971051225,0.2307488733504673,0,0,0,0,0,0,0,0,0,0,0,0,0,0,0,0,1,0,0,0,0,0,0,0,0,0,0,0,0,0,0,1,0,0,0,0,0,0,0,0,0,0,0,0,0,0,0,0,0,0,0,0,0,0,0,0,1,0,0,0,0,0,0,1,0,0,0,0,0,0,0,0,0,0,0,0,0,0,0,0,0,0,0,0,0,0,0,0,0,0,0,0,0,0,1,0,0,0,0,0,0,0,0,0,0,0,0,0,0,0,0,0,0,0,0,0,1,0,0,0,0,0,0,0,0,0,0,0,0,0,0,0,0,0,0,0,1,0,0,0,0,0,0,0,0,0,0,0,0,0,0,0,0,0,0,0,0,1,0,0,0,0,0,0,0,1,0,0,0,0,0,0,0,0,0,0,0,0,0,0,1,0,0,0,0,0,0,0,0,0,0,0,0,0,0,0,0,0,0,0,0,0,0,0,0,1,0,0,0,0,0,0,0,0,0,0,0,0,0,0,0,0,0,0,0,1,0,0,0,0,0,0,0,0,0,0,0,0,0,0,0,0,0,0,0,0,0,0,0,1,0,0,0,0,0,0,0,0,0,0,0,0,0,0,0,1,0,0,0,0,0,0,0,0,0,0,0,0,0,0,0,0,0,0,0,0,0,0,0,0,0,0,0,0,0,0,1,0,0,0,0,0,0,1,0,0,0,0,0,0,0,0,0,0,0,0,0,0,0,0,0,0,0,0,0,1,0,0,0,0,0,0,0,0,0,0,0,0,0,0,0,0,0,0,0,0,0,0,0,0,0,1,0,0,0,0,0,0,0,0,0,0,0,0,0,0,0,0,0,1,0,0,0,0,0,0,0,0,0,0,0,0,0,0,0,0,0,0,0,0,0,1,0,0,0,0,0,0,0,0,0,0,0,0,0,0,0,0,0,0,0,0,0,0,0,0,1,0,0,0,1,0,0,0,0,0,0,0,0,0,0,0,0,0,0,0,0,0,0,0,0,0,0,0,0,1,0,0,0,0,0,0,0,0,0,0,0,0,0,0,0,0,0,1,0,0,0,0,0,0,0,0,0,0,0,0,0,0,0,0,0,0,0,0,0,0,0,0,0,1,0,0,0,0,0,0,0,0,0,0,1,0,0,0,0,0,0,0,0,0,0,0,0,0,0,0,0,0,0,0,0,0,0,0,0,0,0,0,0,0,0,0,0,0,1,0,0,0,0,0,1,0,0,0,0,0,0,0,0,0,0,0,0,0,0,0,0,0,0,0,0,0,0,0,0,0,0,0,0,0,0,0,0,0,0,0,1,0,0,0,0,0,0,1,0,0,0,0,0,0,0,0,0,0,0,0,0,0,0,0,0,0,0,0,0,0,0,0,0,0,0,0,0,0,0,0,1,0,0,0,0,0,0,0,0,0,1,0,0,0,0,0,0,0,0,0,0,0,0,0,0,0,0,0,0,0,0,0,0,0,0,0,0,0,0,0,1,0,0,0,0,0,0,0,0,0,0,0,0,1,0,0,0,0,0,0,0,0,0,0,0,0,0,0,0,1,0,0,0,0,0,0,0,0,0,0,0,0,0,0,0,0,0,0,0,0,0,0,0,0,0,0,0,0,0,0,1,0,0,0,0,0,0,0,0,0,0,0,0,1,0,0,0,0,0,0,0,0,0,0,0,0,0,0,0,0,0,0,0,0,0,0,0,0,0,0,1,0,0,0,0,0,0,0,0,0,0,0,0,1,0,0,0,0,0,0,0,0,0,0,0,0,0,0,0,0,0,0,0,0,0,1,0,0,0,0,0,0,0,0,0,0,0,0,0,0,0,0,0,0,0,0,0,0,0,0,1,0,0,0,0,0,0,0,0,0,0,0,1,0,0,0,0,0,0,0,0,0,0,0,0,0,0,0,0,1,0,0,0,0,0,0,0,0,0,0,0,0,0,0,0,0,0,0,0,0,0,0,0,0,0,0,0,0,0,0,1,0,0,0,0,0,0,0,0,1,0,0,0,0,0,0,0,0,0,0,0,0,0,0,0,0,0,0,0,0,1,0,0,0,0,0,0,0,0,0,0,0,0,0,0,0,0,0,0,0,0,0,0,0,0,0,0,0,1,0,0,0,0,0,0,0,0,0,0,0,0,0,1,0,0,0,0,0,0,0,0,0,0,0,0,0,0,0,0,0,0,0,0,1,0,0,0,0,0,0,0,0,0,0,0,0,0,1,0,0,0,0,0,0,0,0,0,0,0,0,0,0,0,0
6.91,43,1.0,-1.9515867930496978e-17,-1.0155619781627029e-17,1.0492806371529315,0.8263199672751028,0.5547427091468459,-1.8451067981124668e-17,0.5974054169272478,0.7856847887290037,-0.5110092964027247,-0.2230031565267403,0.5546248947763182,-0.1352735576089119,0.7814252291239532,0.2729209634061406,0.5398988550280178,-0.1423704691761555,0.5536150861657079,0.55706530168764,0.4868720232567823,0.0283400894710848,-0.9532762865409784,-0.1989194569672412,0.4737184993545799,0.3656428056946257,0.871037558939568,0.1548501484470763,0.4727039869154738,0.3741756607600329,-0.9030063502275372,-0.0334264134645078,0.4506035405769162,-0.7321159034717322,-0.4082478209071155,0.2236164264042803,0.4505525429291732,-0.4099529165439013,0.7049939343537239,-0.050496225540209,0.441002737357724,0.2536230880978279,-0.271784777329913,-0.8364877728344512,0.4143625666557581,0.5899510286827955,-0.3323638362329447,-0.6440892877105958,0.4138741643900531,0.8873706705912454,-0.3469493507869484,-0.0124758392265539,0.397202139512304,0.2924995352959475,-0.8183547483307448,0.4214538400736287,0.3898367890722138,0.8809966376975072,0.4271245489376279,-0.0945713132090484,0.3860332122011773,-0.2761092031399431,0.7511100803089323,-0.3335244623607891,0.3738048312295363,0.3351445061159053,0.9087890857512756,-0.1057807535764802,0.3693687638183586,-0.7105933418272149,-0.1641242717809269,0.4229795204185212,0.3637526443384015,0.3462442577922007,-0.6138622507440087,0.6541643803786277,0.360695584484811,0.3429795634338396,-0.6581968543463288,0.5222729751700284,0.3602876816607511,-0.1435538424067019,0.0582849597249685,0.8351896481371816,0.3507800619308217,-0.6799639567234511,0.4123339625435068,0.0443485089485767,0.3404220601029679,-0.7050208497972659,0.1996194501285067,0.3303461439677259,0.3378565588243739,0.3396381221778942,0.5298568521576328,0.6607360543490919,0.3243802079578469,0.397401088791766,0.7666637958109594,0.4003469033895017,0.3234649434620061,0,0,0,0,0,0,0,0,0,1,0,0,0,0,0,0,0,0,0,0,0,0,0,0,0,0,0,0,0,0,0,1,0,0,0,0,0,0,0,0,0,0,0,0,0,0,0,0,0,0,0,0,0,0,0,0,1,0,0,0,1,0,0,0,0,0,0,0,0,0,0,0,0,0,0,0,0,0,0,0,0,0,0,0,0,0,0,0,0,1,0,0,0,0,0,0,0,0,0,0,0,0,0,1,0,0,0,0,0,0,0,0,0,0,0,0,0,0,0,0,0,0,0,0,0,0,0,0,0,0,0,0,0,0,0,0,1,0,0,0,0,0,0,0,0,0,0,0,0,0,0,1,0,0,0,0,0,0,0,0,0,0,0,0,0,0,0,0,0,0,0,0,0,0,0,0,1,0,0,0,0,0,0,0,0,1,0,0,0,0,0,0,0,0,0,0,0,0,0,0,0,0,0,0,0,0,0,0,0,1,0,0,0,0,0,0,0,0,0,0,0,0,0,0,0,0,0,0,1,0,0,0,0,0,0,0,0,0,0,0,0,0,0,0,0,0,0,0,0,0,0,0,0,0,0,0,1,0,0,0,0,0,0,1,0,0,0,0,0,0,0,0,0,0,0,0,0,0,0,0,0,0,0,0,0,0,0,0,0,1,0,0,0,0,0,0,0,0,0,0,0,0,0,1,0,0,0,0,0,0,0,0,0,0,0,0,0,0,0,0,0,0,0,0,0,0,0,0,0,1,0,0,0,0,0,0,0,0,0,0,0,0,0,0,0,0,0,0,0,0,0,0,0,0,0,0,1,0,0,0,0,0,0,0,0,1,0,0,0,0,0,0,0,0,0,0,0,0,0,0,1,0,0,0,0,0,0,0,0,0,0,0,0,0,0,0,0,0,0,0,0,0,0,0,0,0,0,0,0,1,0,0,0,0,0,0,0,0,0,0,0,0,0,0,0,0,0,0,0,0,0,0,0,0,0,0,1,0,0,0,0,0,0,0,0,0,0,0,0,1,0,0,0,0,0,0,0,0,0,0,1,0,0,0,0,0,0,0,0,0,0,0,0,0,0,0,0,0,0,0,0,0,0,0,0,0,0,0,0,1,0,0,0,0,0,0,0,0,0,0,0,0,0,0,0,0,1,0,0,0,0,0,0,0,0,0,0,0,0,0,0,0,0,0,0,0,0,0,0,1,0,0,0,0,0,0,0,0,0,0,0,0,0,1,0,0,0,0,0,0,0,0,0,0,0,0,0,0,0,0,0,0,0,0,0,0,0,0,0,0,0,0,0,0,0,0,1,0,0,0,0,0,0,0,0,0,0,0,0,0,0,0,0,0,0,0,1,0,0,0,0,0,0,0,0,1,0,0,0,0,0,0,0,0,0,0,0,0,0,0,0,0,0,0,0,0,0,0,0,0,0,0,0,0,0,0,1,0,0,0,0,0,0,0,0,0,0,0,0,0,0,0,0,0,0,0,1,0,0,0,0,0,0,0,0,0,1,0,0,0,0,0,0,0,0,0,0,0,0,0,0,0,0,0,0,0,0,0,0,1,0,0,0,0,0,0,0,0,0,0,1,0,0,0,0,0,0,0,0,0,0,0,0,0,0,0,0,0,0,0,0,0,0,0,0,0,0,0,0,1,0,0,0,0,0,0,0,0,0,0,0,0,0,0,0,0,0,0,1,0,0,0,0,0,0,0,0,0,0,0,0,0,0,0,0,0,0,0,0,1,0,0,0,0,0,0,0,0,0,0,0,0,0,0,0,0,0,0,1,0,0,0,0,0,0,0,0,0,0,0,0,0,0,0,0,0,0,0,0,0,0,0,0,0,1,0,0,0,0,0,0,0,0,0,0,0,0,0,0,0,0,0,0,0,0,0,1,0,0,0,0,0,0,0,0,1,0,0,0,0,0,0,0,0,0,0,0,0,0,0,0,0,0,1,0,0,0,0,0,0,0,0,0,0,0,0,0,0,0,0,0,0,0,0,0,1,0,0,0,0,0,0,0,0,0,0,0,0,0,0,0,0,0,0,0,0,0,0,0,0,0,1,0,0,0,0,0,0,0,0,0,0,0,0,0,0,0,0,0,0,0,0,0,0,0,0,1,0,0,0,0,0,0,0,0,0,0,0,0,0,0,0,0,0,0,0,0,1,0,0,0,0,0,0,0,0,0,0,0,0,0,0,0,0,0,0,1,0,0,0,0,0,0,1,0,0,0,0,0,0,0,0,0,0,0,0,0,0,0,0
9.11,44,1.0,-6.297084709397833e-18,1.8818704897861728e-17,1.051278537491683,0.7816608049742249,-0.6113627873876373,0.0374608273894651,0.5531752936238936,0.859729027930588,0.5094343069637921,6.920135368974453e-18,0.5411060096659066,0.0259387555969793,0.97331212350541,0.1526721884024205,0.5226476006115722,0.3814510940810538,-0.8012703306337323,0.4302148807603924,0.4518461488860863,0.4219390329973908,0.9012638193753228,0.0105666672402593,0.4459223796397543,-0.8406073980205278,-0.3188331910372812,0.3380971344851332,0.4326232300867164,0.2512745701733396,-0.614184077993506,-0.7171602618215195,0.4271337696007126,0.5451963859425193,-0.698978100487391,-0.421063557766597,0.414683133459294,0.1226661148764585,-0.8887915671177818,0.3575200095611496,0.3955595251558024,0.3246380162753125,-0.4790152271591618,0.7956822920246169,0.3859961538506423,0.8929682291676567,-0.416619429290385,0.0888275431766741,0.3847260955872292,0.1337731811613501,-0.3651950114739298,0.8837009453549733,0.3805030358951494,0.2060979830892234,-0.8656649807557091,0.3497017847267908,0.3763173319757458,0.1168321344282699,-0.3871229726085475,0.8629485530219545,0.3663700778525448,0.1918009971946661,0.650827350827879,-0.7242468838309988,0.3633078747214076,0.9368953378903012,0.3414844448742495,-0.038553621390186,0.3601153161796444,-0.7779432302720838,-0.3949689988035467,-0.3928927889156585,0.3592657017774835,0.0654140063667936,0.5098355447681295,-0.8064429140212008,0.3555180797622655,-0.7716101434577198,-0.160133203819985,-0.5012715851460969,0.3445460042504167,0.3234756994834245,0.86353820114001,-0.3742068557028681,0.3347284438680221,-0.8661829130712699,-0.4247348874769123,0.0486290107793931,0.3224052173409499,0.2011270006456928,0.6168381185724675,0.7417759162887381,0.3077904244873442,-0.7922338667574487,-0.1674310858247947,-0.4833137974424957,0.3074195628475162,0.1656806334769978,0.4765456113408753,-0.821006673674237,0.3026547694479872,0,0,0,0,0,0,0,0,0,0,0,1,0,0,0,0,0,0,0,0,0,0,0,0,0,0,0,0,0,0,0,1,0,0,0,0,0,0,0,0,0,0,0,0,0,0,0,0,0,0,0,1,0,0,0,0,0,0,0,0,0,0,0,1,0,0,0,0,0,0,0,0,0,0,0,0,0,0,0,0,0,0,0,0,0,0,0,0,0,1,0,0,0,0,0,0,0,0,0,0,1,0,0,0,0,0,0,0,0,0,0,0,0,0,0,0,0,0,0,0,0,0,0,0,0,0,0,0,0,1,0,0,0,0,0,0,0,0,0,0,0,0,0,0,0,0,1,0,0,0,0,0,0,0,0,0,0,0,0,0,0,0,0,0,0,0,0,0,0,0,0,1,0,0,0,0,0,0,0,0,0,0,0,1,0,0,0,0,0,0,0,0,0,0,0,0,0,0,0,0,0,0,0,0,0,0,0,0,0,1,0,0,0,0,0,0,0,0,0,0,0,0,0,1,0,0,0,0,0,0,0,0,0,0,0,0,0,0,0,0,0,0,0,1,0,0,0,0,0,0,0,0,0,0,0,0,0,0,0,0,0,0,0,0,0,0,0,0,0,0,0,0,0,0,0,0,1,0,0,0,0,0,0,0,0,0,0,0,0,0,0,1,0,0,0,0,0,0,0,0,0,0,0,0,0,0,0,0,0,0,0,0,0,0,0,0,1,0,0,0,0,0,0,0,0,0,0,0,0,0,0,1,0,0,0,0,0,0,0,0,1,0,0,0,0,0,0,0,0,0,0,0,0,0,0,0,0,0,0,0,0,0,0,0,0,0,0,0,0,0,0,1,0,0,0,0,0,0,0,0,0,0,0,0,0,0,0,0,1,0,0,0,0,0,0,0,0,0,0,0,0,0,0,0,0,0,0,0,0,0,0,1,0,0,0,0,0,0,0,0,0,0,0,1,0,0,0,0,0,0,0,0,0,0,0,0,0,0,0,0,0,0,0,0,0,0,0,0,0,0,0,1,0,0,0,0,0,0,0,0,0,0,0,0,0,0,1,0,0,0,0,0,0,0,0,0,0,0,0,0,0,0,0,0,0,0,0,0,0,0,0,1,0,0,0,0,0,0,0,0,0,0,0,0,0,0,0,0,1,0,0,0,0,0,0,0,0,0,0,0,0,0,0,0,0,0,0,0,0,0,0,1,0,0,0,0,0,0,0,0,0,0,0,0,0,0,0,0,1,0,0,0,0,0,0,0,0,0,0,0,0,0,0,0,0,0,0,0,0,0,0,1,0,0,0,0,0,0,0,0,0,0,0,0,0,0,0,0,1,0,0,0,0,0,0,0,0,0,0,0,0,0,0,0,0,0,0,0,0,1,0,0,0,0,0,0,0,0,0,0,0,0,0,1,0,0,0,0,0,0,0,0,0,0,0,0,0,0,0,0,0,0,0,0,0,0,0,0,0,1,0,0,0,0,0,0,0,0,0,0,0,0,0,0,0,0,0,0,0,0,0,0,0,0,0,0,1,0,0,0,0,0,0,1,0,0,0,0,0,0,0,0,0,0,0,0,0,0,0,0,0,0,0,1,0,0,0,0,0,0,0,0,0,0,0,0,0,0,0,0,0,0,0,0,0,0,0,0,0,1,0,0,0,0,0,0,0,0,0,0,0,0,0,0,0,0,0,0,1,0,0,0,0,0,0,0,0,0,0,0,0,0,0,1,0,0,0,0,0,0,0,0,0,0,0,0,0,0,0,0,0,0,0,0,0,0,0,0,1,0,0,0,0,0,0,0,0,0,0,0,0,0,0,0,0,0,0,0,0,1,0,0,0,0,0,0,0,0,0,0,0,0,0,1,0,0,0,0,0,0,0,0,0,0,0,0,0,0,0,0,0,0,0,1,0,0,0,0,0,0,0,0,0,0,0,0,0,0,0,0,1,0,0,0,0,0,0,0,0,0,0,0,0,0,0,0,0,0,0,0,0,0,0,0,0,0,0,0,0,0,0,0,0,0,0,0,1,0,0,0,0,0,0,0,0,0,0,0,0,0,0,0,0,0,0,0,1,0,0,0,0,0,0,1,0,0,0,0,0,0,0,0,0,0,0,0,0,0,0,0,0,0,0,0,0,0,0,0,1,0,0,0,0,0,0,0,0,0,0,0,0,0,0,0,0,0,0,0,0,1,0,0,0,0,0,0,0,0,0,0,0,0,0,0,0,0,0,0,1,0,0,0,0,0,0,0,0,0,0,0
8.92,45,1.0,-4.544644855072493e-18,4.8461201585401974e-18,1.046130338746439,0.861584264057532,0.5057709043291031,1.743277062625363e-17,0.5595197577060008,0.7796020855728775,-0.6062975694144519,-0.0248934064853395,0.5532862907548718,0.1293776848003249,0.8920199900473582,0.3728598270141018,0.5064212851218314,0.2545263712489243,-0.9550473207405796,0.0784520866505457,0.4825284840950367,-0.0323184409624495,-0.9559099506666384,-0.1308375381803104,0.468814688685524,-0.0086437028409768,-0.9100567372152366,0.1928809891152679,0.467186893913558,0.4208328029307365,0.8938351059889348,0.0502574547645021,0.4552393564754347,0.2410062788722838,-0.307075341435728,-0.8820519416609585,0.4213398373077354,0.055504105328172,0.762155102969785,-0.5641758433534986,0.4107220407375534,0.828746276679514,-0.4473244549823108,0.2587145319736083,0.4100042320605098,0.1549871723993651,0.8907492793340767,-0.3658682886323303,0.3934278931566673,0.1515822130987887,0.7520394530103812,-0.5857843239873093,0.3780526994301267,0.7369160434248807,-0.4836042394553911,-0.4257762967260712,0.3762326546336682,0.9306738211256036,0.3453650405459696,-0.0718442748404232,0.3693993529654067,0.5323078817013004,-0.3273476153134718,-0.7434123599072413,0.3653325290274256,0.2236100644231636,-0.9123922319567812,0.1815676850159572,0.3306727231898302,0.3390453996579407,-0.8056864635823878,0.2447741496518308,0.3105430419196434,0.4864523442083833,0.8543706959337658,0.1402576416387542,0.2986022019224503,0.4240547169252947,0.0366739132165343,0.8470204344996236,0.27796414874623,0.7968030695381763,-0.465407148987945,-0.3217875718426415,0.2768428441885148,0.2992331761773495,-0.8383332244685135,0.1133060125716949,0.2747585522107753,-0.4583545294694592,0.8096885585385888,-0.0055247122735443,0.2722745408417598,-0.3906433747223432,0.8530384949508201,0.1331680520226957,0.2684782100137839,-0.0664082889709969,0.929354253048308,-0.3018436594985848,0.2532725937707434,0,0,0,0,0,0,0,0,0,0,0,1,0,0,0,0,0,0,0,0,0,0,0,0,0,0,0,0,0,0,0,1,0,0,0,0,0,0,0,0,0,0,0,0,0,0,0,0,0,0,0,1,0,0,0,0,0,0,0,0,1,0,0,0,0,0,0,0,0,0,0,0,0,0,0,0,0,0,0,0,0,0,0,0,0,0,0,0,0,0,0,1,0,0,0,0,0,0,0,0,0,0,0,1,0,0,0,0,0,0,0,0,0,0,0,0,0,0,0,0,0,0,0,0,0,0,0,0,0,0,0,1,0,0,0,0,0,0,0,0,0,0,0,0,0,0,1,0,0,0,0,0,0,0,0,0,0,0,0,0,0,0,0,0,0,0,0,0,0,0,0,1,0,0,0,0,0,0,0,0,0,0,0,1,0,0,0,0,0,0,0,0,0,0,0,0,0,0,0,0,0,0,0,0,0,0,0,0,0,0,0,1,0,0,0,0,0,0,0,0,0,0,0,0,0,0,0,0,1,0,0,0,0,0,0,0,0,0,0,0,0,0,0,0,0,0,0,0,0,0,0,1,0,0,0,0,0,0,0,0,0,0,0,0,0,0,0,0,1,0,0,0,0,0,0,0,0,0,0,0,0,0,0,0,0,0,0,0,0,0,0,1,0,0,0,0,0,0,0,0,0,0,0,1,0,0,0,0,0,0,0,0,0,0,0,0,0,0,0,0,0,0,0,0,0,0,0,0,1,0,0,0,0,0,0,0,0,0,0,0,0,0,0,0,0,1,0,0,0,0,0,0,0,0,0,0,0,0,0,0,0,0,0,0,0,0,0,0,0,0,0,1,0,0,0,0,0,0,0,0,0,0,0,0,0,0,0,0,1,0,0,0,0,0,0,0,0,0,0,0,0,0,0,0,0,0,0,0,0,0,0,1,0,0,0,0,0,0,0,0,0,0,0,0,0,0,1,0,0,0,0,0,0,0,0,0,0,0,0,0,0,0,0,0,0,0,0,0,0,0,0,1,0,0,0,0,0,0,0,0,0,0,0,1,0,0,0,0,0,0,0,0,0,0,0,0,0,0,0,0,0,0,0,0,0,0,0,0,0,0,0,1,0,0,0,0,0,0,0,0,0,0,0,0,0,0,0,0,1,0,0,0,0,0,0,0,0,0,0,0,0,0,0,0,0,0,0,0,0,0,0,1,0,0,0,0,0,0,0,0,1,0,0,0,0,0,0,0,0,0,0,0,0,0,0,0,0,0,0,0,0,0,0,0,0,0,0,0,0,0,0,1,0,0,0,0,0,0,0,0,0,0,0,0,0,0,0,0,0,0,0,0,0,0,0,0,1,0,0,0,0,0,0,0,0,0,0,0,1,0,0,0,0,0,0,0,0,0,0,0,0,0,0,0,0,0,0,0,0,0,0,1,0,0,0,0,0,0,0,0,0,0,0,0,0,0,0,0,0,0,0,1,0,0,0,0,0,0,0,0,0,0,0,1,0,0,0,0,0,0,0,0,0,0,0,0,0,0,0,0,0,0,0,0,0,0,0,0,0,0,0,1,0,0,0,0,0,0,0,0,0,0,0,0,0,0,0,0,1,0,0,0,0,0,0,0,0,0,0,0,0,0,0,0,0,0,0,0,0,0,0,1,0,0,0,0,0,0,0,0,0,0,0,0,0,0,0,0,0,0,0,1,0,0,0,0,0,0,0,0,0,0,0,0,0,0,0,0,0,0,0,0,0,0,1,0,0,0,0,0,0,0,0,0,0,0,0,0,1,0,0,0,0,0,0,0,0,0,0,0,0,0,0,0,0,0,0,0,0,0,0,1,0,0,0,0,0,0,0,0,0,0,0,0,0,0,0,0,0,0,0,0,0,0,0,0,1,0,0,0,0,0,0,0,0,0,0,0,0,0,0,1,0,0,0,0,0,0,0,0,0,0,0,0,0,0,0,0,1,0,0,0,0,0,0,0,0,0,0,0,0,0,0,0,0,0,0,0,0,0,0,1,0,0,0,0,0,0,0,0,0,0,0,0,0,0,0,0,1,0,0,0,0,0,0,0,0,0,0,0,0,0,0,0,0,0,0,0,0,0,0,1,0,0,0,0,0,0,0,0,0,0,0,0,0,0,0,0,1,0,0,0,0,0,0,0,0,0,0,0,0,0,0,0,0,0,0,0,0,0,0,1,0,0,0,0,0,0,0,0,0,0,0,1,0,0,0,0,0,0,0,0,0,0,0,0,0,0,0,0
8.32,46,1.0,-5.887691031723909e-18,2.0986942749243025e-18,1.0477987046609187,0.7526711469460116,-0.6175331467837759,0.1738370984535376,0.5678835007805234,0.856258502795205,0.5074295587184792,-1.4764764473199258e-17,0.5432703087318393,0.1867160891031684,-0.9468816389288482,0.1881421240455199,0.4994158747408067,0.4566912367011057,0.8604634958845125,-0.1740250523289296,0.432305220330235,-0.1155290107429828,-0.7840580753452369,0.5689152759922144,0.4318515340169097,0.1641590740307846,0.7750092493101425,-0.5845648884559713,0.4303177820930711,0.7092297375867964,-0.4640781653841969,0.4948274138584481,0.4246673169523719,-0.1093596243013885,0.8800713354369485,0.3337677354575164,0.4223288148956772,-0.217957413955987,0.8008958523836032,-0.4984905957538841,0.4213398373077355,0.0061041324889169,-0.9609923640527048,0.024942178877032,0.4119185293923858,0.1073444479022733,-0.9492559563924567,0.0225709963667721,0.3846344997933227,0.1423699661096446,0.9486323000134768,0.1969565967844382,0.3807518018426368,0.4594378191077404,-0.516560768389305,-0.6923724904956581,0.3733758416205707,0.79938234677037,-0.5429619279640902,-0.1842480612668641,0.3653512183605686,0.9314904110060672,0.3302934065053632,0.0775660175612108,0.3645416479813116,0.2631822667371927,0.5265243451441913,-0.793927466348053,0.3455266174477406,-0.2241112488549331,-0.0484545284975662,-0.8970605852218891,0.3451596493199556,-0.0218833088314886,0.9220228087914242,0.2076416904427177,0.3437645269314267,-0.5411953708899822,-0.6201604836066421,0.5363579634655178,0.3386195368769641,0.7014667531612188,-0.4041969375425217,-0.5606881788244327,0.3341233570992972,0.5362911386059276,0.8017640855894438,-0.217831520353891,0.311168800958211,0.0119900991784219,-0.5543663905770795,0.8229324966792535,0.3093894062624649,0.5253988245490329,0.3799584084428596,-0.7540088744392972,0.308167548894603,-0.2174592403947563,0.1248274930570698,-0.9297476279092042,0.3020128077714649,0,0,0,0,0,0,0,0,1,0,0,0,0,0,0,0,0,0,0,0,0,0,0,0,0,0,0,0,0,0,0,1,0,0,0,0,0,0,0,0,0,0,0,0,0,0,0,0,1,0,0,0,0,0,0,0,0,0,0,0,0,0,0,1,0,0,0,0,0,0,0,0,0,0,0,0,0,0,0,0,0,0,0,0,0,0,0,0,0,0,0,1,0,0,0,0,0,0,0,0,1,0,0,0,0,0,0,0,0,0,0,0,0,0,0,0,0,0,0,0,0,0,0,0,0,0,0,0,1,0,0,0,0,0,0,0,0,0,0,0,0,0,0,1,0,0,0,0,0,0,0,0,0,0,0,0,0,0,0,0,0,0,0,0,0,0,0,0,0,0,0,1,0,0,0,0,0,0,0,0,0,0,0,1,0,0,0,0,0,0,0,0,0,0,0,0,0,0,0,0,0,0,0,0,0,0,0,0,1,0,0,0,0,0,0,0,0,0,0,0,0,0,0,0,1,0,0,0,0,0,0,0,0,0,0,0,0,0,0,0,0,0,0,0,0,0,0,0,0,0,0,1,0,0,0,0,0,0,0,0,0,0,0,0,0,0,0,0,0,0,0,1,0,0,0,0,0,0,0,0,0,0,0,0,0,0,0,0,1,0,0,0,0,0,0,0,0,0,0,0,0,0,0,0,0,0,1,0,0,0,0,0,0,0,0,0,0,0,0,0,0,0,0,0,0,0,0,0,0,0,0,1,0,0,0,0,0,0,0,0,0,0,0,0,0,0,0,0,1,0,0,0,0,0,0,0,0,0,0,0,0,0,0,0,0,0,0,0,0,0,0,1,0,0,0,0,0,0,0,0,0,0,0,0,0,1,0,0,0,0,0,0,0,0,0,0,0,0,0,0,0,0,0,0,0,0,0,0,1,0,0,0,0,0,0,0,0,0,0,0,0,0,0,0,0,0,0,0,1,0,0,0,0,0,0,0,0,0,0,0,0,0,0,0,0,0,0,0,1,0,0,0,0,0,0,0,0,0,0,0,0,0,0,0,0,0,0,0,1,0,0,0,0,0,0,0,0,0,0,0,0,0,0,0,0,0,0,0,0,0,0,1,0,0,0,0,0,0,0,0,0,0,0,1,0,0,0,0,0,0,0,0,0,0,0,0,0,0,0,0,0,0,0,1,0,0,0,0,0,0,0,0,0,0,0,0,0,0,0,0,0,0,0,0,0,1,0,0,0,0,0,0,0,0,0,0,0,0,0,0,0,0,0,0,0,0,0,0,1,0,0,0,0,0,0,0,0,0,0,0,1,0,0,0,0,0,0,0,0,0,0,0,0,0,0,0,0,0,0,0,0,0,0,0,0,0,0,0,0,0,0,1,0,0,0,0,0,0,0,0,0,0,0,0,0,0,0,0,0,0,0,0,0,0,0,0,1,0,0,0,0,0,0,0,0,0,0,0,0,0,0,1,0,0,0,0,0,0,0,0,1,0,0,0,0,0,0,0,0,0,0,0,0,0,0,0,0,0,0,0,0,0,0,0,0,0,0,0,0,0,0,1,0,0,0,0,0,0,0,0,0,0,0,0,0,0,0,0,1,0,0,0,0,0,0,0,0,0,0,0,0,0,0,0,0,0,0,0,0,0,0,1,0,0,0,0,0,0,0,0,0,0,0,0,0,0,0,0,1,0,0,0,0,0,0,0,0,0,0,0,0,0,0,0,0,0,0,0,1,0,0,0,0,0,0,0,0,0,0,0,0,0,0,0,1,0,0,0,0,0,0,0,0,0,0,0,0,0,0,0,0,0,0,1,0,0,0,0,0,0,0,0,0,0,0,0,0,0,0,0,0,0,0,0,0,0,0,0,0,0,0,1,0,0,0,0,0,0,0,0,0,0,0,0,0,0,0,0,0,0,0,1,0,0,0,0,0,0,0,0,0,0,0,0,0,0,1,0,0,0,0,0,0,0,0,0,0,0,0,0,0,0,0,0,0,0,0,0,1,0,0,0,0,0,0,0,0,0,0,0,0,0,0,0,0,0,0,0,0,0,0,0,0,0,0,0,0,0,0,0,0,0,0,0,0,0,0,0,0,0,0,1,0,0,0,0,0,0,0,0,0,0,0,0,0,0,0,0,0,0,0,0,0,0,0,0,1,0,0,0,0,0,0,0,0,0,0,0,0,0,0,1,0,0,0,0,0,0,0,0,0,0,0,1,0,0,0,0,0,0,0,0,0,0,0,0,0,0,0,0
6.92,47,1.0,2.859844843317742e-18,-2.481319985087302e-17,1.0483838501781242,0.7201818756581659,0.6846988031777144,-1.2174746173426839e-17,0.5839088319297742,0.8084429675742113,-0.454876091080502,0.3542441864118593,0.5410539891485737,0.3899672371248693,-0.8672977005044139,0.2768165037731672,0.4508684414098544,-0.1103166055738311,-0.8328576510092971,0.5068924005553009,0.4507671850392167,0.2933386702063975,0.8712272632752217,-0.3470895773693292,0.4478001182450187,0.6727138891514897,-0.2374552069775675,0.6837293498345007,0.4445254745814007,-0.1902634221822665,-0.5134019022729978,0.8124762272370859,0.4426838686148802,0.1778190624951812,0.5933173727120736,-0.7592865753138736,0.4174319465866903,-0.6890932562754599,-0.3462496002908669,-0.5544763598694905,0.4089729063216126,-0.1521895100228211,0.9526730402854832,-0.1048019837889439,0.4040355359186068,-0.2350696981834039,0.887520003225464,0.1378185091129123,0.4008186846658095,0.7760573433860698,0.5773461634665382,0.2126105856546679,0.3861287532537422,0.7886341361732558,-0.2757761239941824,-0.5328213877781287,0.3855131365867479,-0.1635824285536617,0.584534476528165,-0.7563811116874773,0.3733758416205707,-0.3147110732346841,0.8694498770992242,0.1000465199880127,0.3617725977618461,0.2989024868768259,-0.4786650466712371,-0.8060151047775388,0.3601531810071524,-0.3289768314299102,-0.868980110836724,0.2821718274984351,0.350041958241506,0.9169401729223272,-0.3486087910840539,0.0902876981642431,0.3455265337874716,0.3688577255591562,-0.859739921198153,0.2207115490000693,0.3422082676323549,0.4070033615904953,-0.8560328963062567,0.1803545732540675,0.3406417809437879,-0.6040230429383473,-0.3453238131627748,-0.5669722858482784,0.3348142580472609,-0.5791679148079077,-0.447490888837449,-0.6289964318400287,0.3290741772206408,0.8893498762228012,-0.3103217401026702,-0.285911297389823,0.3264223633346704,0.0077858423752065,-0.3673710276154084,-0.9090504635609872,0.326046621022673,0,0,0,1,0,0,0,0,0,0,0,0,0,0,0,0,0,0,0,0,0,0,0,0,0,0,0,0,0,0,0,1,0,0,0,0,0,0,0,0,0,0,0,0,0,0,0,0,1,0,0,0,0,0,0,0,0,0,0,0,1,0,0,0,0,0,0,0,0,0,0,0,0,0,0,0,0,0,0,0,0,0,0,1,0,0,0,0,0,0,0,0,0,0,0,0,0,0,0,0,0,0,0,1,0,0,0,0,0,0,0,0,0,0,0,0,0,0,0,0,0,0,0,1,0,0,0,0,0,0,0,0,0,0,0,0,0,0,0,0,0,0,0,1,0,0,0,0,0,0,0,0,0,0,0,0,0,0,0,0,0,0,0,1,0,0,0,0,0,0,0,0,0,0,0,0,0,0,0,0,1,0,0,0,0,0,0,0,0,0,0,0,0,0,0,0,0,0,0,0,0,0,0,0,0,0,0,0,1,0,0,0,0,0,0,0,0,0,0,0,0,0,0,1,0,0,0,0,0,0,0,0,0,0,0,0,0,0,0,0,0,0,0,1,0,0,0,0,0,0,0,0,0,0,0,0,0,0,0,0,0,0,0,0,0,0,1,0,0,0,0,0,0,0,0,0,0,0,0,0,0,0,0,1,0,0,0,0,0,0,0,0,0,0,0,0,0,0,0,0,0,0,0,0,0,0,0,0,0,0,0,0,0,0,0,0,1,0,0,0,0,0,0,0,0,0,0,0,1,0,0,0,0,0,0,0,0,0,0,0,0,0,0,0,0,0,0,0,0,0,0,1,0,0,0,0,0,0,0,0,0,0,0,0,0,0,0,0,0,0,0,1,0,0,0,0,0,0,0,0,0,0,0,0,0,0,0,0,1,0,0,0,0,0,0,0,0,0,0,0,0,0,0,0,0,0,0,0,1,0,0,0,0,0,0,0,0,0,0,0,0,0,0,1,0,0,0,0,0,0,0,0,0,0,0,0,0,0,0,0,0,0,0,0,0,0,0,0,1,0,0,0,0,0,0,0,0,0,0,0,0,0,0,0,0,0,0,0,1,0,0,0,0,0,0,0,0,0,0,0,0,0,0,0,0,0,0,0,1,0,0,0,0,0,0,0,0,0,0,0,0,0,0,0,0,0,0,0,0,0,0,0,0,0,0,0,1,0,0,0,0,0,0,0,0,0,0,0,0,0,0,0,0,0,0,0,0,0,1,0,0,0,0,0,0,1,0,0,0,0,0,0,0,0,0,0,0,0,0,0,0,0,0,0,0,0,0,0,1,0,0,0,0,0,0,0,0,0,0,0,0,0,0,0,0,1,0,0,0,0,0,0,0,0,0,0,0,0,0,0,0,0,0,0,0,0,0,0,1,0,0,0,0,0,0,0,0,0,0,0,0,0,0,0,0,0,0,0,1,0,0,0,0,0,0,0,0,0,0,0,0,0,0,0,0,0,0,0,0,0,0,1,0,0,0,0,0,0,0,0,0,0,0,0,0,0,0,0,0,0,0,0,0,0,0,0,1,0,0,0,0,0,0,1,0,0,0,0,0,0,0,0,0,0,0,0,0,0,0,0,0,0,0,0,0,0,0,0,0,0,0,0,0,0,0,0,1,0,0,0,0,0,0,1,0,0,0,0,0,0,0,0,0,0,0,0,0,0,0,0,1,0,0,0,0,0,0,0,0,0,0,0,0,0,0,0,0,0,0,0,0,0,0,1,0,0,0,0,0,0,0,0,0,0,0,0,0,0,0,0,0,0,0,0,0,0,0,0,1,0,0,0,0,0,0,0,0,0,0,0,0,0,0,1,0,0,0,0,0,0,0,0,0,0,0,0,0,0,0,0,0,0,0,0,0,0,0,0,1,0,0,0,0,0,0,0,0,0,0,0,0,0,0,0,0,0,0,0,0,0,0,1,0,0,0,0,0,0,0,0,0,0,0,0,0,0,0,0,1,0,0,0,0,0,0,0,0,0,0,0,0,0,0,0,0,0,0,0,0,0,0,1,0,0,0,0,0,0,0,0,0,0,0,1,0,0,0,0,0,0,0,0,0,0,0,0,0,0,0,0,0,0,0,0,0,0,0,0,0,0,0,0,0,0,0,0,0,0,1,0,0,0,0,0,0,0,0,0,0,0,0,1,0,0,0,0,0,0,0,0,0,0,0,0,0,0,0,0,0,0,0,1,0,0,0,0,0,0,0,0,1,0,0,0,0,0,0,0,0,0,0,0,0,0,0,0,0,0,0,0
8.14,48,1.0,1.584373457292246e-18,1.6583520326064824e-17,1.0563754350009202,-0.7349757544366012,-0.0748419403873106,0.5750223403783138,0.6146136467577861,0.8326077678703422,0.5415089083673484,2.181330968738438e-17,0.5499844506335724,0.8279480949634543,-0.5364116235004922,-0.0739715333008625,0.5333253079079887,-0.1241682954829116,0.9145058668357936,-0.2362165756935164,0.5169452875222171,-0.4111170901400984,-0.3254943540225891,-0.8206345916472946,0.4698738545280069,0.3555292764603878,0.909745905073398,0.065075442525175,0.467421167640875,0.1183143805210729,-0.9253864223055456,0.1419081468181185,0.4595231915576915,0.1154590521446766,-0.9138724830581276,0.1286631471861191,0.458643594480926,0.382308913590261,-0.9087572879365956,0.0757494115773179,0.4536567741070285,0.2851274756590345,-0.1418746702774843,-0.9057422075680992,0.4455939340973505,-0.7361448106688531,-0.1507962867843565,-0.5990326682949454,0.4263178597121615,0.8835442791718693,-0.3448681653267519,0.1791991761190874,0.4069979524261862,-0.1294450336363897,0.6914630869504163,-0.6537713934920332,0.3981727481098263,-0.8572097879989597,-0.0471742482734514,0.3957177406555734,0.3934502607007852,-0.3536505037482721,0.8637280755508876,-0.0819231617831424,0.3855131365867479,0.7367624691328307,-0.4215706270068214,-0.4954261812776949,0.3782859639544217,0.2028541338757558,0.8122754576008578,0.5072202902857175,0.3779657248537951,0.4747840434185969,-0.3068548906767055,-0.8018992648897539,0.3707644790364635,-0.7213496345892269,-0.6432807164265572,-0.1259633283439836,0.3674025825665029,0.898414724924449,0.4086052738214811,-0.0773914717200426,0.3612022840358859,-0.7250740300423185,0.2480797919355333,-0.5633011221787878,0.3611790128204952,-0.8546989498172065,-0.3722796103924178,-0.2442645505415658,0.3504987856791104,0.167205704649227,0.6089233848318243,-0.7385760875986668,0.3361631481550855,-0.936166724467838,-0.1546835124418487,0.0813896341922909,0.3341410886836681,0,0,0,0,0,0,0,0,0,0,0,0,0,0,0,0,0,0,1,0,0,0,0,0,0,0,0,0,0,0,0,1,0,0,0,0,0,0,0,0,0,0,0,0,0,0,0,0,0,0,0,1,0,0,0,0,0,0,0,0,0,0,0,0,0,0,0,0,0,0,0,0,0,0,0,0,1,0,0,0,0,0,0,1,0,0,0,0,0,0,0,0,0,0,0,0,0,0,0,0,1,0,0,0,0,0,0,0,0,0,0,0,0,0,0,0,0,0,0,0,0,0,0,0,0,0,0,0,0,0,0,0,0,0,0,0,0,0,1,0,0,0,0,1,0,0,0,0,0,0,0,0,0,0,0,0,0,0,0,0,0,0,0,1,0,0,0,0,0,0,0,0,0,0,0,0,0,0,0,0,0,0,0,0,0,0,0,0,0,0,0,1,0,0,0,0,0,0,0,0,0,0,0,0,0,0,0,0,0,0,0,1,0,0,0,0,0,0,0,0,0,0,0,0,0,0,0,0,0,0,0,0,0,0,0,0,1,0,0,0,0,0,0,1,0,0,0,0,0,0,0,0,0,0,0,0,0,0,0,0,0,0,0,1,0,0,0,0,0,0,0,0,0,0,0,0,0,0,0,0,0,0,0,0,0,0,0,0,0,0,0,0,0,0,0,0,0,0,1,0,0,0,0,0,0,0,0,0,1,0,0,0,0,0,0,0,0,0,0,0,0,0,0,0,0,0,0,0,0,0,0,0,0,0,0,0,0,0,1,0,0,0,0,0,0,0,0,0,1,0,0,0,0,0,0,0,0,0,0,0,0,0,0,0,0,0,0,0,0,0,0,0,0,0,0,0,0,0,1,0,0,0,0,1,0,0,0,0,0,0,0,0,0,0,0,0,0,0,0,0,0,0,0,0,0,1,0,0,0,0,0,0,0,0,0,0,0,0,0,0,0,0,0,0,0,1,0,0,0,0,0,0,0,0,0,0,0,0,0,0,0,0,0,0,0,0,0,0,0,0,0,1,0,0,0,0,0,0,0,0,1,0,0,0,0,0,0,0,0,0,0,0,0,0,0,0,0,0,0,0,0,0,0,0,0,0,0,0,0,0,0,0,0,0,0,0,0,0,1,0,0,0,0,0,0,0,1,0,0,0,0,0,0,0,0,0,0,0,0,0,0,0,0,0,0,0,0,0,1,0,0,0,0,0,0,0,0,0,0,0,1,0,0,0,0,0,0,0,0,0,0,0,0,0,0,0,0,0,0,0,0,0,0,0,0,0,0,0,0,0,0,1,0,0,0,0,0,0,0,0,1,0,0,0,0,0,0,0,0,0,0,0,0,0,0,0,0,0,0,0,0,0,0,1,0,0,0,0,0,0,0,0,0,0,0,0,0,0,0,0,0,0,0,0,0,1,0,0,0,0,0,0,0,0,0,0,0,0,0,0,0,0,0,0,0,0,0,0,0,0,0,0,0,0,0,0,0,0,1,0,1,0,0,0,0,0,0,0,0,0,0,0,0,0,0,0,0,0,0,0,0,0,0,1,0,0,0,0,0,0,0,0,0,0,0,0,0,0,0,0,0,0,0,1,0,0,0,0,0,0,0,0,0,0,0,0,0,0,0,0,0,0,0,0,0,1,0,0,0,0,0,0,0,0,0,0,0,0,0,0,0,0,0,0,0,0,0,0,0,0,0,1,0,0,0,0,0,0,0,0,0,0,0,0,0,0,0,0,0,0,0,1,0,0,0,0,0,0,0,0,0,0,0,0,0,0,1,0,0,0,0,0,0,0,0,0,0,0,0,0,0,0,0,1,0,0,0,0,0,0,0,0,0,0,0,0,0,0,0,0,0,0,0,0,0,0,0,0,0,0,0,0,0,0,0,0,1,0,0,0,0,0,0,0,0,0,0,0,1,0,0,0,0,0,0,0,0,0,0,0,0,0,0,0,0,0,0,0,0,0,0,1,0,0,0,0,0,0,0,0,0,0,0,0,0,0,0,0,0,0,0,1,0,0,0,0,0,0,0,0,0,0,0,1,0,0,0,0,0,0,0,0,0,0,0,0,0,0,0,0,0,0,0,0,0,0,0,0,1,0,0,0,0,0,0,0,0,0,0,0,0,0,0,0,0,0,0,0,0,0,0,0,0,0,0,0,1,0,0,0,0,0,0,0,0,0,0,0,0,0,0,1,0,0,0,0,0,0,0,0,0,0,0,0,0,0,0,0,0,0,0,1,0,0,0,0,0,0,0,0
9.3,49,1.0,-2.450286928931964e-18,-5.090711842353396e-18,1.0534707610252347,-0.4549682150391555,-0.1284478555075862,0.6165325419236901,0.5968585159450562,0.7513904702305048,-0.5738444403049701,-0.1820882861412642,0.5695370779620754,0.8245030203619971,0.5619223744934889,-9.955184991273785e-19,0.558234037249294,0.2714933499076153,-0.9460665556413228,-0.0433264757901524,0.4784370872729854,-0.0324914521313232,0.8962324924216348,0.0033566029533666,0.46302254516769,-0.5643307222489498,-0.1213621577537115,-0.6341331946613409,0.4602189548491306,0.0238321434622254,-0.9246602056422976,0.1856136475550559,0.4537360071565427,-0.0232983597836553,-0.9505324189271528,-0.1419281595468763,0.4472192199135419,-0.306499466135162,0.7427450321823981,0.1958866016133186,0.4455939340973505,0.0756410555941316,-0.2425722381569993,-0.8568573139645016,0.4351480557444361,0.4226163532002025,0.8637857076730328,0.1416083965153199,0.4337407221602903,-0.7574737242891569,0.0003807252626777,-0.331249177067016,0.4193391470881252,0.8141342299610164,-0.447930654132673,0.0512064939314073,0.4073900448519403,0.6115777815400436,-0.3877081984849365,-0.5848664919706439,0.4028203142149572,0.3518511174012225,-0.1604507025039863,-0.8291519471302882,0.391817407641323,-0.6167659359113842,-0.0622576297168696,0.5141067953666395,0.3873285611974824,0.8766947565401464,0.4217936186441246,-0.1243981798522538,0.3776303590255131,-0.1753746690384551,0.8625114163810472,-0.3290328587306934,0.3551363060725022,0.3368113253358505,0.7347047556130272,0.4860185163202594,0.3494869909461931,-0.7677970890967266,-0.5644853839415124,-0.0132885096513556,0.3334624740073229,0.4283193895416801,0.8791414032160173,-0.008251164649481,0.3254400789471055,-0.7696334994660146,0.4492466204607649,-0.1499708885265653,0.3240093107910676,-0.8907001012761905,-0.2666141862463706,0.0283309133661267,0.3209380367656157,-0.8248140732537047,-0.1127553363501693,0.3762588916733518,0.2997842682682575,0,0,0,0,0,1,0,0,0,0,0,0,0,0,0,0,0,0,0,0,0,0,0,0,0,0,0,0,0,0,0,1,0,0,0,0,0,0,0,0,0,0,0,0,0,0,0,0,0,0,0,1,0,0,0,0,0,0,0,0,0,0,0,0,0,0,0,0,0,0,0,0,0,0,0,0,1,0,0,0,0,0,0,0,0,1,0,0,0,0,0,0,0,0,0,0,0,0,0,0,0,0,0,1,0,0,0,0,0,0,0,0,0,0,0,0,0,0,0,0,0,0,0,0,0,0,0,0,0,0,0,0,0,0,0,0,0,0,1,0,1,0,0,0,0,0,0,0,0,0,0,0,0,0,0,0,0,0,0,0,0,0,0,0,0,1,0,0,0,0,0,0,0,0,0,0,0,0,0,0,0,0,0,1,0,0,0,0,0,0,0,0,0,0,0,0,0,0,0,0,0,0,0,0,0,0,0,0,0,0,0,0,0,0,0,0,0,0,1,0,0,0,0,0,0,0,0,0,0,0,0,1,0,0,0,0,0,0,0,0,0,0,0,0,0,0,0,0,1,0,0,0,0,0,0,0,0,0,0,0,0,0,0,0,0,0,0,0,0,0,0,0,0,0,0,0,1,0,0,0,0,0,0,0,0,1,0,0,0,0,0,0,0,0,0,0,0,0,0,0,0,0,0,0,0,0,0,0,1,0,0,0,0,0,0,0,0,0,0,0,0,0,0,0,0,1,0,0,0,0,0,0,0,0,0,0,0,0,0,0,0,0,0,0,0,0,0,0,1,0,0,0,0,0,0,0,0,0,0,0,0,0,0,0,0,0,0,0,0,0,0,0,0,0,0,0,0,0,1,0,0,0,0,0,0,1,0,0,0,0,0,0,0,0,0,0,0,0,0,0,0,1,0,0,0,0,0,0,0,0,0,0,0,0,0,0,0,0,0,0,0,0,0,0,0,1,0,0,0,0,0,0,0,0,0,0,0,0,0,0,0,0,0,0,0,0,0,0,0,0,0,0,0,0,0,0,0,0,1,0,0,0,0,1,0,0,0,0,0,0,0,0,0,0,0,0,0,0,0,0,0,0,0,0,0,0,0,0,1,0,0,0,0,0,0,0,0,0,0,0,1,0,0,0,0,0,0,0,0,0,0,0,0,0,0,0,0,0,0,0,0,0,0,0,0,1,0,0,0,0,0,0,0,0,0,0,0,0,0,0,0,0,0,0,0,0,1,0,0,0,0,0,0,0,0,0,0,0,0,0,0,0,0,0,0,1,0,0,0,0,0,0,0,0,0,0,0,0,0,0,1,0,0,0,0,0,0,0,0,0,0,0,0,0,0,0,0,0,0,0,0,1,0,0,0,0,0,0,0,0,0,0,0,0,0,0,0,0,0,0,0,0,0,0,0,0,0,0,0,0,0,1,0,0,0,0,0,0,0,0,0,0,0,0,0,0,0,0,0,0,0,1,0,0,0,0,0,0,0,0,1,0,0,0,0,0,0,0,0,0,0,0,0,0,0,0,0,0,0,0,0,0,0,0,0,0,0,0,0,0,0,0,0,0,0,0,0,0,1,0,0,0,0,0,0,0,0,0,0,0,0,0,0,0,0,0,1,0,0,0,0,0,0,1,0,0,0,0,0,0,0,0,0,0,0,0,0,0,0,0,1,0,0,0,0,0,0,0,0,0,0,0,0,0,0,0,0,0,0,0,0,0,0,0,0,0,0,0,0,0,0,0,0,0,0,0,0,0,1,0,0,0,0,1,0,0,0,0,0,0,0,0,0,0,0,0,0,0,0,0,0,0,0,0,0,0,0,0,1,0,0,0,0,0,0,0,0,0,0,0,0,0,0,0,0,0,1,0,0,0,0,0,0,0,0,0,0,0,0,0,0,0,0,0,0,0,0,0,0,0,0,0,0,0,0,0,0,0,1,0,0,0,0,0,0,0,1,0,0,0,0,0,0,0,0,0,0,0,0,0,0,0,0,1,0,0,0,0,0,0,0,0,0,0,0,0,0,0,0,0,0,0,0,0,0,0,0,0,0,0,0,1,0,0,0,0,0,0,0,0,0,0,0,0,0,0,0,0,1,0,0,0,0,0,0,0,0,0,0,0,0,0,0,1,0,0,0,0,0,0,0,0,0,0,0,0,0,0,0,0,0,0,0,0,0,0,0,0,1,0,0,0,0,0,0,0,0,0,0,0,0,0,0,0,0,0,0,0,0,0,0,1,0,0,0,0,0,0,0,0
7.84,50,1.0,2.1111872627327847e-18,-3.2700098963403e-18,1.050711041425076,0.7615271608648154,0.6399097441012469,-2.581394162553956e-17,0.5898962649257732,0.7464056057585424,-0.5161826003357931,0.3117757701717246,0.5723789481164159,-0.6045426586573079,-0.2197715807439174,-0.3132023552281935,0.5605147796675254,0.2671791371257535,-0.9084218330588152,0.2686268895375665,0.4793635130304048,0.6560726654466231,-0.2816343434900895,0.5948137309003716,0.4466411252425454,-0.1503252030172753,-0.7937019336474269,0.5276825583820235,0.438146098131603,-0.0573558079895524,0.5387817080556934,-0.6205584357644132,0.4351480557444361,0.388229825176709,0.8434065600044113,-0.2841151869573083,0.4347314207530158,-0.2512610739758566,0.7841483391924823,-0.0312427306463103,0.4096228287767201,0.2362977121562235,0.6322660010700811,-0.61775910622366,0.4094039588617624,0.802816502581714,0.518095195995703,0.1836075863069027,0.3956267092484323,0.2042544001304899,-0.9484128266836562,0.0400549038053426,0.3891009578626431,0.0015386378054938,0.9082372871149303,-0.0822641726255837,0.384556461173912,0.5998089384821755,-0.515216383179081,-0.4456901900132085,0.3836490232904647,-0.2931516315938082,-0.7413668424987032,0.4649485840510342,0.3737366047246913,-0.6304028859592129,-0.1122995828546202,-0.4024497107680929,0.3655585625939644,-0.5218825185917152,-0.677934051778548,0.3962191361522775,0.3649534946911978,0.8173802741243177,-0.4249922223766638,0.0238805603633199,0.3637185598723998,0.2269759991718552,-0.9014868548838946,0.2116260543942584,0.3561337082174058,0.7667358558667997,-0.3747449649927881,-0.3090289317636269,0.344690628746286,0.3695954163910254,0.4093797662188942,-0.7232489937026301,0.3324397761167195,0.1018302569851689,-0.4217144026633682,-0.7365014957474973,0.325830039554093,0.4634861244942029,0.8265330192980868,-0.2883023750226554,0.2547881494253646,-0.218035010644914,-0.5005972951231004,0.8202276661764862,0.2442715861465347,0,1,0,0,0,0,0,0,0,0,0,0,0,0,0,0,0,0,0,0,0,0,0,0,0,0,0,0,0,0,0,1,0,0,0,0,0,0,0,0,0,0,0,0,0,1,0,0,0,0,0,0,0,0,0,0,0,0,0,0,1,0,0,0,0,0,0,0,0,0,0,0,0,0,0,0,0,0,0,0,0,1,0,0,0,0,0,0,0,0,0,0,0,0,0,0,0,0,0,0,0,0,0,1,0,0,0,0,0,0,0,0,0,0,0,0,0,0,0,0,0,0,0,0,0,0,0,0,1,0,0,0,0,0,0,0,0,0,0,0,0,0,0,0,0,0,0,0,0,0,0,0,0,0,0,0,1,0,0,0,0,1,0,0,0,0,0,0,0,0,0,0,0,0,0,0,0,0,0,0,0,0,0,1,0,0,0,0,0,0,0,0,0,0,0,0,0,0,0,0,0,1,0,0,0,0,0,0,0,0,0,0,0,0,0,0,0,0,0,0,0,0,0,0,0,0,1,0,0,0,0,0,0,0,0,0,0,0,0,0,0,1,0,0,0,0,0,0,0,0,0,0,0,0,0,0,0,0,0,0,0,0,0,1,0,0,0,0,0,0,0,0,0,0,0,0,0,0,0,0,0,0,0,0,0,1,0,0,0,0,0,0,0,0,0,0,0,0,0,0,0,0,0,0,0,1,0,0,0,0,0,0,0,0,0,0,0,0,0,0,0,0,0,0,0,1,0,0,0,0,0,0,0,0,0,0,0,0,0,0,0,0,0,1,0,0,0,0,0,0,0,0,0,0,0,0,0,0,0,0,0,0,0,0,0,1,0,0,0,0,0,0,0,0,0,0,0,0,0,0,0,0,0,0,0,0,0,0,1,0,0,0,0,0,0,0,0,0,0,0,0,0,0,0,0,1,0,0,0,0,0,0,0,0,0,0,0,0,0,0,0,0,0,0,0,0,0,0,0,0,0,1,0,0,0,0,0,0,0,0,0,0,0,0,0,1,0,0,0,0,0,0,0,0,0,0,0,0,0,0,0,0,0,0,0,0,0,0,0,0,0,0,0,0,0,0,1,0,0,0,0,1,0,0,0,0,0,0,0,0,0,0,0,0,0,0,0,0,0,0,0,0,0,0,0,0,0,0,1,0,0,0,0,0,0,0,0,0,0,0,0,0,0,0,0,1,0,0,0,0,0,0,0,0,0,0,0,0,0,0,0,0,0,1,0,0,0,0,0,0,0,0,0,0,0,0,0,0,0,0,0,0,0,0,0,0,0,0,0,0,0,0,0,1,0,0,0,0,0,0,0,0,0,0,0,1,0,0,0,0,0,0,0,0,0,0,0,0,0,0,0,1,0,0,0,0,0,0,0,0,0,0,0,0,0,0,0,0,0,0,0,0,0,0,0,0,0,0,1,0,0,0,0,0,0,0,0,0,0,0,0,0,0,0,0,0,0,0,1,0,0,0,0,0,0,0,0,0,0,0,1,0,0,0,0,0,0,0,0,0,0,0,0,0,0,0,0,0,0,0,0,1,0,0,0,0,0,0,0,0,0,0,0,0,0,0,0,0,0,0,0,0,0,0,0,0,0,0,1,0,0,0,0,0,0,0,0,0,0,0,0,1,0,0,0,0,0,0,0,0,0,0,0,0,0,0,0,0,0,0,1,0,0,0,0,0,0,0,0,0,0,0,0,0,0,0,0,0,0,0,0,1,0,0,0,0,0,0,0,0,0,0,0,0,0,0,0,0,0,0,0,0,0,0,0,0,0,0,1,0,0,0,0,0,0,0,0,0,0,0,0,0,0,0,0,0,0,0,0,0,0,0,0,1,0,0,0,0,0,0,0,0,0,0,0,0,0,0,0,0,0,1,0,0,0,0,0,0,0,0,0,0,0,0,0,0,0,0,0,0,0,0,0,0,0,0,0,0,1,0,1,0,0,0,0,0,0,0,0,0,0,0,0,0,0,0,0,0,0,0,0,0,0,1,0,0,0,0,0,0,0,0,0,0,0,0,0,0,0,0,0,0,0,0,0,0,0,0,0,0,0,0,0,0,0,0,1,0,0,0,0,0,0,0,0,1,0,0,0,0,0,0,0,0,0,0,0,0,0,0,0,0,0,0,0,0,1,0,0,0,0,0,0,0,0,0,0,0,0,0,0,1,0,0,0,0,0,0,0,0,0,0,0,0,0,0,0,0,0,0,0,0,0,1,0,0,0,0,0,0,0,0,0,0,0,0,0,0,0,0
7.31,51,1.0,-3.186790309467349e-19,-9.840899180552128e-18,1.0513794423366667,0.7620520949993226,0.6303712461259384,5.280208330289252e-18,0.6235154164074697,-0.606103185725431,-0.5102787341079151,-0.1412266905667754,0.5883182554239003,0.8301299605775455,-0.4275332149478035,0.2430067478091166,0.5344868484384003,0.2677839162214376,0.8614044573865531,-0.2795430346334154,0.4986761632714113,0.0760049813200644,0.5910779062756614,-0.6734430150251782,0.4693568161120501,0.1530830080217726,-0.8871583668737395,0.2690831867112112,0.4575671387666407,-0.3092596189995972,0.7350857477575027,0.2082390411387178,0.4524027990206455,0.7090114520971563,-0.2298565270149428,0.5735161170974397,0.4455316477854121,0.4530087575338298,-0.8490878830759817,0.1675984153960653,0.438840740322809,-0.1405584756659038,0.8697265349128556,0.0274165773363198,0.4373826575635557,0.2594290783249741,-0.9169662012989064,0.0443781798871008,0.433741486202523,0.7861276860360473,0.5544897464773888,0.160910782901647,0.3968906671191239,-0.1783299464347773,0.5547497192362275,-0.6300887253366739,0.3836490232904647,-0.6695395745193355,-0.4013833569118515,-0.2829262902196297,0.3803856365584202,0.7204735105233901,-0.1369590961320487,-0.5809137318503151,0.3748034658575123,-0.1791379800909438,0.8168320672039426,0.2582101471935303,0.3737283357373707,0.2180909276876879,-0.4650576704640888,-0.7487506392151774,0.3635974926859106,0.8982265580983979,-0.2681286074528748,-0.0308813685108197,0.3503765560513669,0.3644749894007513,0.8538432307950762,-0.2574399784114856,0.3465224431453662,0.2305726234698502,0.3954770598105773,-0.7969241567778294,0.3431648457732515,-0.0837847685961011,-0.406280553817327,-0.7779872018456995,0.3403670034026531,0.8336835190348566,-0.2023827795124259,-0.3672678547219051,0.3140292617416052,-0.2868817047158693,-0.7853567281067195,-0.3808029794400075,0.2587688856647561,-0.8597583235780638,-0.0464718875412172,-0.2149697037191476,0.2535463761276284,0,0,0,0,0,0,0,0,0,0,0,0,0,1,0,0,0,0,0,0,0,0,0,0,0,0,0,0,0,0,0,1,0,0,0,0,0,0,0,0,0,1,0,0,0,0,0,0,0,0,0,0,0,0,0,0,0,0,0,0,1,0,0,0,0,0,0,0,0,0,0,0,0,0,0,0,0,0,0,0,0,0,0,1,0,0,0,0,0,0,0,0,0,0,0,0,0,0,0,0,0,0,0,0,0,0,0,0,0,0,0,0,0,0,0,0,1,0,0,0,0,0,0,0,0,0,0,0,0,0,0,0,0,1,0,0,0,0,0,0,0,0,0,1,0,0,0,0,0,0,0,0,0,0,0,0,0,0,0,0,0,1,0,0,0,0,0,0,0,0,0,0,0,0,0,0,0,0,0,0,0,0,0,1,0,0,0,0,0,0,0,0,0,0,0,0,0,0,0,0,0,1,0,0,0,0,0,0,0,0,0,0,0,0,0,0,0,0,0,0,0,0,0,0,0,0,0,0,0,0,0,1,0,0,0,0,0,0,0,0,0,0,0,0,0,0,0,0,0,0,0,0,0,1,0,0,0,0,0,0,0,0,0,0,0,0,0,0,1,0,0,0,0,0,0,0,0,0,0,0,0,1,0,0,0,0,0,0,0,0,0,0,0,0,0,0,0,0,0,0,0,0,0,0,0,0,0,0,1,0,0,0,0,0,0,0,0,0,0,0,0,0,0,0,0,0,0,0,0,0,0,0,0,1,0,0,0,0,0,0,0,0,0,0,0,0,1,0,0,0,0,0,0,0,0,0,0,0,0,0,0,0,0,0,0,0,0,0,0,0,0,0,0,1,0,0,0,0,0,0,0,0,0,1,0,0,0,0,0,0,0,0,0,0,0,0,0,0,0,0,0,1,0,0,0,0,0,0,0,0,0,0,0,0,0,0,0,0,0,0,0,0,0,1,0,0,0,0,0,0,0,0,0,0,0,0,0,0,0,0,0,0,0,0,0,0,0,0,0,0,0,0,0,1,0,0,0,0,0,0,0,0,0,0,0,0,0,0,1,0,0,0,0,0,0,0,0,0,0,0,0,1,0,0,0,0,0,0,0,0,0,0,0,0,0,0,0,0,0,0,0,0,0,0,0,0,0,0,0,0,0,0,0,0,0,0,1,0,0,0,0,1,0,0,0,0,0,0,0,0,0,0,0,0,0,0,0,0,0,0,0,0,0,0,0,1,0,0,0,0,0,0,0,0,0,0,0,0,0,0,0,0,0,1,0,0,0,0,0,0,0,0,0,0,0,0,0,0,0,0,1,0,0,0,0,0,0,0,0,0,0,0,0,0,0,0,0,0,0,0,0,0,0,0,0,0,0,0,0,0,0,0,0,0,0,0,0,0,0,1,0,0,0,0,0,1,0,0,0,0,0,0,0,0,0,0,0,0,0,0,0,1,0,0,0,0,0,0,0,0,0,0,0,0,0,0,0,0,0,0,0,0,0,0,0,0,0,0,1,0,0,0,0,0,0,0,0,0,0,0,0,0,0,0,0,0,0,0,0,0,0,0,0,0,0,0,0,0,1,0,0,0,0,0,0,0,0,0,0,0,0,0,0,0,0,0,1,0,0,0,0,0,0,0,0,0,0,0,0,0,0,0,0,1,0,0,0,0,0,0,1,0,0,0,0,0,0,0,0,0,0,0,0,0,0,0,0,0,0,0,0,1,0,0,0,0,0,0,0,0,0,0,0,0,0,0,0,0,0,0,0,0,0,0,0,0,1,0,0,0,0,0,0,0,0,0,0,0,0,0,0,0,0,0,0,1,0,0,0,0,0,0,0,0,0,0,0,0,0,0,1,0,0,0,0,0,0,0,0,0,0,0,0,0,0,0,0,0,0,0,0,0,0,0,0,0,0,0,0,0,0,0,0,0,0,0,0,0,1,0,1,0,0,0,0,0,0,0,0,0,0,0,0,0,0,0,0,0,0,0,0,0,0,0,0,0,0,0,0,0,0,0,0,0,0,0,0,0,0,1,0,0,0,0,0,0,0,0,0,0,0,1,0,0,0,0,0,0,0,0,0,0,0,0,0,0,0,0,0,0,0,0,0,0,0,0,0,0,1,0,0,0,0,0,0,0,1,0,0,0,0,0,0,0,0,0,0,0,0,0,0,0,0,1,0,0,0,0,0,0,0,0,0,0,0,0,0,0,0,0,0,0,0,0,0,0,1,0,0,0,0,0,0,0,0,0,0,0,0,0
8.23,52,1.0,9.166259854322474e-18,2.271003371562599e-17,1.054283914118324,0.7886266595577005,0.6135571268869773,9.108708874624002e-18,0.5646172731150858,-0.6517489989635183,0.0015508682632655,0.7399902282033797,0.556077482137163,0.8158551405087946,-0.5586342716105576,-0.1257266532261122,0.5374610551296398,-0.6165750011239262,-0.2692189564145095,-0.7202938808870825,0.4797934484766121,-0.1748275777469356,0.9628953729942944,-0.1412450860578565,0.4751122745824768,-0.0045364161276631,-0.9702915233879882,-0.2277244892304374,0.4652722440515912,0.3545622880056917,-0.9325667192684836,0.0139769349852332,0.4533381175450275,0.3133540896275369,0.9393373990073972,0.1101143090322608,0.4459798018100782,0.1393798929482036,-0.2323031337036361,-0.9495635618682008,0.4402663640522838,-0.8828870549821708,-0.0669403977850001,-0.4312326804344806,0.4266764379444516,-0.1729527948703596,0.796979063363935,-0.5569158308398028,0.4121208662667134,0.8889295399306965,-0.4143459019837712,0.1262126343930216,0.3960275095098556,0.2118248547183699,-0.8348031260208444,0.4991046988526847,0.3951871395536057,0.7172229199907466,-0.4084652455534242,-0.5530330191151244,0.3833476684471632,0.463791535209202,-0.2387350558140882,-0.8420947361709745,0.3805076020785908,0.8839331650922005,0.4469051299325251,-0.1239048337184352,0.3751536900124173,-0.4023317744384377,0.8970268727258734,-0.0047781707692968,0.3748034658575123,-0.8008755629711446,0.057608920492136,0.5727209184979962,0.372068041020934,-0.8160340571623742,0.3627826094461152,-0.4103697884275014,0.3707837893851421,0.2008167296236667,0.8110632989538724,0.5398209853053059,0.3619355196903466,-0.8063996862573483,-0.578652735581316,0.0077126160186448,0.3613736816106493,0.1331815766569307,0.6918280548858039,-0.6971038234419382,0.3523785499726927,0.1079097455272054,-0.6492965003778708,0.7034603454849775,0.3192402979780264,-0.9411174227727368,-0.2975247413343649,-0.0556906546996395,0.312339254129312,0,0,0,0,0,0,0,0,0,0,0,0,0,0,0,0,0,0,0,1,0,0,0,0,0,0,0,0,0,0,0,1,0,0,0,0,0,0,0,0,0,0,0,0,0,0,0,0,0,0,0,0,0,1,0,0,0,0,0,0,1,0,0,0,0,0,0,0,0,0,0,0,0,0,0,0,0,0,0,0,0,0,0,0,0,0,0,0,0,0,0,0,0,0,0,0,0,0,1,0,0,0,0,0,0,0,0,0,0,0,0,0,0,0,0,0,1,0,0,0,0,0,0,0,0,0,0,0,0,0,0,0,0,0,0,0,0,0,0,1,0,0,0,1,0,0,0,0,0,0,0,0,0,0,0,0,0,0,0,0,0,0,0,0,0,1,0,0,0,0,0,0,0,0,0,0,0,0,0,0,0,0,0,0,0,0,0,0,0,0,0,0,0,0,0,0,1,0,0,0,0,0,0,0,0,0,0,0,0,0,0,0,0,1,0,0,0,0,0,0,0,0,0,0,0,0,0,0,0,0,0,1,0,0,0,0,0,0,0,0,0,0,0,0,0,0,0,0,0,0,0,0,0,0,0,0,0,0,0,1,0,0,0,0,0,0,0,0,1,0,0,0,0,0,0,0,0,0,0,0,0,0,0,0,0,0,0,0,0,0,0,0,0,0,0,0,0,0,0,1,0,0,0,1,0,0,0,0,0,0,0,0,0,0,0,0,0,0,0,0,0,0,0,0,0,0,0,0,0,0,0,0,0,1,0,0,0,0,0,0,0,0,0,1,0,0,0,0,0,0,0,0,0,0,0,0,0,0,0,0,0,0,0,1,0,0,0,0,0,0,0,0,0,0,0,0,0,0,0,0,0,0,0,0,0,1,0,0,0,0,0,0,0,0,0,0,0,0,0,0,0,0,0,0,0,1,0,0,0,0,0,0,0,0,0,0,0,0,0,0,1,0,0,0,0,0,0,0,0,0,0,0,0,0,0,0,0,0,0,0,0,1,0,0,0,0,0,0,0,0,0,0,0,0,0,0,0,0,0,0,1,0,0,0,0,0,0,0,0,0,0,0,0,0,0,0,0,0,0,0,0,0,0,0,0,0,0,0,0,0,0,0,0,0,0,0,0,0,0,1,0,0,0,0,0,0,1,0,0,0,0,0,0,0,0,0,0,0,0,0,0,0,0,0,0,0,0,0,0,0,0,0,0,0,0,0,0,0,0,1,0,0,0,1,0,0,0,0,0,0,0,0,0,0,0,0,0,0,0,0,0,0,0,0,0,0,0,0,0,0,0,0,0,0,0,0,0,0,0,1,1,0,0,0,0,0,0,0,0,0,0,0,0,0,0,0,0,0,0,0,0,0,0,1,0,0,0,0,0,0,0,0,0,0,0,0,0,0,0,0,0,0,0,0,0,0,0,0,0,0,0,1,0,0,0,0,0,0,0,0,0,0,0,0,0,0,0,0,0,0,0,0,0,1,0,0,0,0,0,0,0,0,0,0,0,0,0,0,0,0,0,0,0,0,0,0,1,0,0,0,0,0,0,0,0,0,0,0,0,0,0,0,0,1,0,0,0,0,0,0,0,0,0,0,0,1,0,0,0,0,0,0,0,0,0,0,0,0,0,0,0,0,0,0,0,0,0,0,0,0,0,0,0,0,0,0,0,0,1,0,1,0,0,0,0,0,0,0,0,0,0,0,0,0,0,0,0,0,0,0,0,1,0,0,0,0,0,0,0,0,0,0,0,0,0,0,0,0,0,0,0,0,0,0,0,0,0,0,0,0,0,1,0,0,0,0,0,0,0,0,0,0,0,0,0,0,0,0,0,0,0,0,0,1,0,0,0,0,0,0,0,0,0,1,0,0,0,0,0,0,0,0,0,0,0,0,0,0,0,0,0,0,0,0,0,1,0,0,0,0,0,0,0,0,0,0,0,0,0,0,0,0,0,0,0,0,1,0,0,0,0,0,0,0,0,0,0,0,0,0,0,1,0,0,0,0,0,0,0,0,0,0,0,0,0,0,0,0,0,0,0,0,0,0,0,0,0,0,0,0,0,0,0,0,0,0,1,0,0,0,0,0,0,0,0,0,0,0,0,0,0,0,0,0,0,0,0,0,0,1,0,0,0,0,0,0,0,0,1,0,0,0,0,0,0,0,0,0,0,0,0,0,0,0,0,1,0,0,0,0,0,0,0,0,0,0,0,0,0,0,0,0,0,1,0,0,0,0,0,0,0,0,0,0,0,0,0,0,0,0
9.11,53,1.0,-1.1486776726709053e-17,1.1185776444267474e-17,1.05267097924123,0.739529455900336,-0.6206064616304282,0.163559642944477,0.575300053185707,-0.8552532808541606,0.2419745555988379,0.0124949033481592,0.5643543214561882,0.8618238173802544,0.5023924337303523,7.030864577131115e-18,0.5506245024143912,0.1654616486569359,-0.9562295509514708,0.1866586641776611,0.5052874246589613,-0.1972598861155413,0.7550838699035228,-0.5099706527177567,0.4402663640522838,-0.0898939014619281,0.8661619965586936,0.3235201962350108,0.4291042841973619,0.193510874643818,0.7639923390634737,-0.5531922135517343,0.4290650780511725,0.4844291396095131,0.8422479372526862,-0.1734448065579777,0.4261475831581768,-0.0425159034093703,-0.9433104548608324,0.0368473007669322,0.4247720580112513,0.6995564175827769,-0.4741191633889604,0.464898600705503,0.421355176321206,-0.0964278570556041,-0.2911597475064504,-0.8796535217962379,0.4011003101512923,0.4503274879009316,-0.4890771387959834,-0.6864808398148646,0.3859106116378638,0.0920312887295139,-0.9447431596058994,0.0661839858675133,0.383600831320901,-0.1302926895447159,-0.7951821182993365,0.5506924018476741,0.3825998092471631,-0.6889506399891978,-0.4819324731203999,-0.4359907383300405,0.3809008649932105,0.933649302261106,0.3178358529855905,0.0778572798871906,0.3709659340727652,0.7763180906650694,-0.5371389546861365,-0.1935267336997716,0.3699944426175628,-0.3800270574396701,-0.0787564505925304,-0.8337361035185962,0.3695014788777285,-0.8610384992577806,0.2484759397310049,-0.139370340389243,0.3670062633328871,0.1894272715203272,0.9286055400405526,0.1693136946878219,0.3668953919222932,0.6856206293268358,-0.4083112024597749,-0.5318000021055683,0.347773077690753,0.2541450737685792,0.4938829212709866,-0.7840368140607084,0.3431671748829549,-0.0423643403995901,-0.4691226947514386,0.8553239162236883,0.3304114903203309,-0.7233411827230553,-0.1894166762254908,-0.5606622650505046,0.3007466818355732,0,0,0,1,0,0,0,0,0,0,0,0,0,0,0,0,0,0,0,0,0,0,0,0,0,0,0,0,0,0,0,1,0,0,0,0,0,0,0,0,0,0,0,1,0,0,0,0,0,0,0,0,0,0,0,0,0,0,0,0,0,0,0,1,0,0,0,0,0,0,0,0,0,0,0,0,0,0,0,0,0,0,0,0,0,1,0,0,0,0,0,0,0,0,0,0,0,0,0,0,0,0,0,0,0,0,0,0,0,0,0,0,0,0,0,0,1,0,0,0,0,0,0,0,0,0,0,0,0,0,0,0,0,0,0,0,0,0,0,1,1,0,0,0,0,0,0,0,0,0,0,0,0,0,0,0,0,0,0,0,0,0,0,1,0,0,0,0,0,0,0,0,0,0,0,0,0,0,0,0,0,0,0,1,0,0,0,0,0,0,0,0,0,0,0,0,0,0,0,0,0,0,0,0,0,0,0,0,0,0,0,0,0,0,0,0,0,0,0,1,0,0,0,0,0,1,0,0,0,0,0,0,0,0,0,0,0,0,0,0,0,0,0,0,0,0,0,0,0,0,0,0,0,0,0,0,0,0,0,1,0,0,0,0,0,0,0,0,1,0,0,0,0,0,0,0,0,0,0,0,0,0,0,0,0,0,0,0,0,0,0,0,0,0,0,0,0,0,0,1,0,0,0,0,0,0,0,0,0,0,0,1,0,0,0,0,0,0,0,0,0,0,0,0,0,0,0,0,0,0,0,0,0,0,0,0,0,0,0,1,0,0,0,1,0,0,0,0,0,0,0,0,0,0,0,0,0,0,0,0,0,0,0,1,0,0,0,0,0,0,0,0,0,0,0,0,0,0,0,0,0,0,0,0,0,0,0,0,1,0,0,0,0,0,0,0,0,0,0,0,0,0,0,1,0,0,0,0,0,0,0,0,0,0,0,0,0,0,0,0,0,0,0,0,0,0,1,0,0,0,0,0,0,0,0,0,0,0,0,0,0,1,0,0,0,0,0,0,0,0,0,0,0,0,0,0,0,0,0,0,0,0,0,0,0,0,0,0,0,0,0,0,0,0,0,0,1,0,0,0,0,0,0,1,0,0,0,0,0,0,0,0,0,0,0,0,0,0,0,0,0,0,0,0,0,1,0,0,0,0,0,0,0,0,0,0,0,0,0,0,0,0,0,1,0,0,0,0,0,0,0,0,0,0,0,0,0,0,0,0,0,0,0,0,0,0,0,0,1,0,0,0,0,0,0,0,0,0,0,0,0,0,0,1,0,0,0,0,0,0,0,0,0,0,0,0,0,0,0,0,1,0,0,0,0,0,0,0,0,0,0,0,0,0,0,0,0,0,0,0,0,1,0,0,0,0,0,0,0,0,0,0,0,0,0,0,0,0,0,0,0,0,0,0,0,0,1,0,0,0,0,0,0,0,0,0,0,0,0,0,0,0,0,0,0,0,0,0,0,0,0,0,0,0,0,0,0,0,0,1,0,0,0,0,0,0,0,0,0,0,0,0,0,0,0,0,1,0,0,0,0,0,0,1,0,0,0,0,0,0,0,0,0,0,0,0,0,0,0,0,1,0,0,0,0,0,0,0,0,0,0,0,0,0,0,0,0,0,0,0,0,1,0,0,0,0,0,0,0,0,0,0,0,0,0,0,0,0,0,0,1,0,0,0,0,0,0,0,0,0,0,0,0,0,0,0,0,0,0,0,0,0,0,0,0,1,0,0,0,0,0,0,0,0,0,0,0,0,0,0,1,0,0,0,0,0,0,0,0,0,0,0,0,0,0,0,0,0,0,0,0,0,0,0,0,0,0,0,0,0,0,0,0,0,0,0,0,0,0,1,0,0,0,1,0,0,0,0,0,0,0,0,0,0,0,0,0,0,0,0,0,0,0,1,0,0,0,0,0,0,0,0,0,0,0,0,0,0,0,0,0,0,0,0,0,0,0,0,0,0,0,1,0,0,0,0,0,0,0,0,0,0,0,0,0,0,0,0,0,0,0,0,0,1,0,0,0,0,0,0,1,0,0,0,0,0,0,0,0,0,0,0,0,0,0,0,0,0,0,0,0,0,0,1,0,0,0,0,0,0,0,0,0,0,0,0,0,0,0,0,0,0,0,0,0,0,0,0,0,0,0,0,0,0,0,0,1,0,0,0,0,1,0,0,0,0,0,0,0,0,0,0,0,0,0,0,0,0,0,0,0,0,0,1,0,0,0,0,0,0,0,0,0,0,0,0,0,0,0,0
8.24,54,1.0,1.3712857808552101e-17,-2.8768414069886017e-18,1.0524877533926658,-0.7620073452424776,-0.1564948594429089,-0.2976239591903024,0.5993959377747036,0.7924936268589748,0.6022209822927578,2.3956720283285506e-18,0.5943434561593545,0.757911544185478,-0.5074404097943178,0.3725088774476036,0.5677799870929741,0.2772309165643915,-0.9003812869051326,0.3201960349670471,0.4784469650213444,0.3782727940785176,0.8523085314339284,-0.31858193687054,0.4553186651927913,0.6329533426081266,-0.2815575186551703,0.6773394679736933,0.4475942416857741,-0.1736368506417167,-0.4293693966091061,0.8368271275000512,0.433801936652697,-0.1509080952809272,-0.7662046356989262,0.5962173695087126,0.4337567279236772,0.2018977411834495,0.617665834997088,-0.7133317238844498,0.4301174504348977,-0.0401758359531294,0.9473282775479336,-0.0621868877202011,0.4060474228641591,0.7011717602871252,-0.4309791952478698,-0.4892230852546007,0.3953831855072444,0.8385583722240071,0.4813188097954753,0.1751551063614711,0.3897925290409781,0.1604276212209862,-0.504359955003744,-0.7694770831602792,0.3887711569644603,-0.1232871155413277,0.6264421755062443,-0.6814220366247672,0.3859106116378638,-0.7591148872343575,-0.106266553797683,-0.4110413409827315,0.3766959337589479,-0.2903685542339846,0.8274414281903701,0.0171860297068101,0.3688849107163697,0.2397623491704572,-0.9154351884009037,0.1890496878728753,0.3679365960249535,0.2186766038295082,-0.9107888942193676,0.1791182007265116,0.3676070095288867,0.8536197453797861,-0.4339432508563156,0.0936840383997409,0.3568164808605946,-0.1605177022998018,0.906037915362646,0.1450846504829154,0.3558192309436263,-0.1378185143069631,-0.3601476162066006,-0.830284615768211,0.3495118151637858,0.3625265356110785,0.3719903897536335,-0.8164883042428365,0.3370619969922993,0.8162587722909089,-0.4147996940827295,-0.2662675177515357,0.32410952140073,-0.4684955579728462,-0.6918708939251413,-0.4159729420818325,0.2970472979012588,0,0,0,1,0,0,0,0,0,0,0,0,0,0,0,0,0,0,0,0,0,0,0,0,0,0,0,0,0,0,0,1,0,0,0,0,0,0,0,0,0,1,0,0,0,0,0,0,0,0,0,0,0,0,0,0,0,0,0,0,0,0,0,0,0,0,0,0,0,0,0,0,0,0,0,0,1,0,0,0,0,0,0,1,0,0,0,0,0,0,0,0,0,0,0,0,0,0,0,0,1,0,0,0,0,0,0,0,0,0,0,0,0,0,0,0,0,0,0,0,0,0,0,1,0,0,0,0,0,0,0,0,0,0,0,0,0,0,0,0,0,0,0,1,0,0,0,0,0,0,0,0,0,0,0,0,0,0,0,0,0,0,0,1,0,0,0,0,0,0,0,0,0,0,0,0,0,0,0,0,0,0,0,1,0,0,0,0,0,0,0,0,0,0,0,0,0,0,0,0,0,0,0,1,0,0,0,0,0,0,0,0,0,0,0,0,0,0,0,0,0,0,0,1,0,0,0,0,0,0,0,0,0,0,0,0,0,0,0,0,0,0,0,1,0,0,0,0,0,0,0,0,0,0,0,0,0,0,0,0,0,0,0,0,0,0,1,0,0,0,0,0,0,0,0,0,0,0,0,0,0,0,0,1,0,0,0,0,0,0,0,0,0,0,0,0,0,0,0,0,0,0,0,0,0,0,0,0,0,0,0,0,0,0,0,0,1,0,0,0,0,0,0,1,0,0,0,0,0,0,0,0,0,0,0,0,0,0,0,0,1,0,0,0,0,0,0,0,0,0,0,0,0,0,0,0,0,0,0,0,0,0,0,1,0,0,0,0,0,0,0,0,0,0,0,0,0,0,0,0,0,0,0,0,0,0,0,0,0,0,0,1,0,0,0,0,0,0,0,0,0,0,0,1,0,0,0,0,0,0,0,0,0,0,0,0,0,0,0,0,0,0,0,1,0,0,0,0,0,0,0,0,0,0,0,0,0,0,0,0,0,0,0,0,0,0,0,0,0,1,0,0,0,0,0,0,0,0,0,0,0,0,0,0,0,1,0,0,0,0,0,0,0,0,0,0,0,0,0,0,0,0,0,1,0,0,0,0,0,0,0,0,0,0,0,0,0,0,0,0,0,0,0,0,0,0,0,0,0,0,0,0,0,0,0,0,1,0,0,0,0,0,0,0,0,0,0,0,0,0,0,0,0,1,0,0,0,0,0,0,0,0,0,0,0,0,0,0,0,0,0,0,0,0,0,0,1,0,0,0,0,0,0,1,0,0,0,0,0,0,0,0,0,0,0,0,0,0,0,0,0,0,0,0,0,1,0,0,0,0,0,0,0,0,0,0,0,0,0,0,0,1,0,0,0,0,0,0,0,0,0,0,0,0,0,0,0,0,0,0,1,0,0,0,0,0,0,0,0,0,0,0,0,0,0,0,0,0,0,0,0,0,0,1,0,0,0,0,0,0,0,0,0,0,0,0,0,0,0,0,0,0,0,0,0,0,0,0,1,0,0,0,0,0,0,0,0,0,0,0,0,0,0,1,0,0,0,0,0,0,0,0,0,0,0,0,0,0,0,0,0,0,0,0,0,0,0,0,1,0,0,0,0,0,0,0,0,0,0,0,0,0,0,1,0,0,0,0,0,0,0,0,0,0,0,0,0,0,0,0,0,0,0,0,0,0,0,0,1,0,0,0,0,0,0,0,0,0,0,0,0,0,0,1,0,0,0,0,0,0,0,0,0,0,0,0,0,0,0,0,1,0,0,0,0,0,0,0,0,0,0,0,0,0,0,0,0,0,0,0,0,0,0,1,0,0,0,0,0,0,0,0,0,0,0,0,0,0,0,0,0,0,0,0,0,0,0,0,1,0,0,0,0,0,0,0,0,0,0,0,0,0,0,0,0,0,0,0,0,0,0,0,0,1,0,0,0,0,0,0,1,0,0,0,0,0,0,0,0,0,0,0,0,0,0,0,0,0,0,0,0,0,0,0,0,0,0,0,0,0,0,0,0,0,0,0,0,0,0,1,1,0,0,0,0,0,0,0,0,0,0,0,0,0,0,0,0,0,0,0,0,0,0,0,0,0,0,0,0,1,0,0,0,0,0,0,0,0,0,0,0,0,0,0,0,0,0,0,0,0,0,1,0,0,0,0,0,0,0,0,0,0,0,0,0,0,0,0,0,0,0,0,0,1,0,0,0,0,0,0,0,0,0,0,0,0,1,0,0,0,0,0,0,0,0,0,0,0,0,0
8.35,55,1.0,3.1026168176378e-18,-9.06011938288749e-18,1.0565274003451444,-0.8954874288239836,-0.1161688145342101,0.3056838934962544,0.6040175464550175,0.768516530670282,0.6344948231969514,-1.0635301563632852e-17,0.5857910108655466,0.8894550887304978,-0.441066804063195,0.04160205786784,0.505632527541126,-0.2005643018272199,0.8602399668705221,-0.4057045301838083,0.5000405101598947,-0.1190317516816018,-0.9153404531035478,-0.1060237121345906,0.4985755581902688,0.2218817183116769,0.961323723236877,-0.0178119023524036,0.4840585965017815,0.4603476603135973,-0.0483174843913753,-0.8736470114918587,0.4591175500856259,0.0317671823001807,-0.8839853486654883,-0.3780524800273388,0.4493721907518941,0.0979598043064856,-0.9863846575295258,-0.1045514040106543,0.4365715942242187,0.5157461918471695,-0.8278096724723316,0.1958274354003399,0.4188548981671439,-0.0104334357142796,0.8757525428784187,0.4411699598580575,0.4045366300743935,-0.2975308805991178,-0.2796762979566279,-0.8894506104676496,0.404356920823817,-0.4462349851123021,0.8187144463420554,-0.2112569930355927,0.3953831855072444,0.9273923307219912,-0.1995363971652226,0.2774257523041291,0.3937974862638276,-0.9452991896748876,-0.0693022185900757,0.1743546405070409,0.3803815630579508,-0.1001369496735846,0.6598651690680234,-0.7135239326114322,0.3801644603585646,0.8622269468491645,0.494785221659319,-0.0323577450037944,0.3760126468655004,-0.6206788614431323,-0.1536464196144354,-0.7316637775611199,0.3733361041073489,0.64657798805628,-0.2390677232323124,-0.7075753133044763,0.3684519730593155,0.3360629480090269,-0.7012965318288078,0.617497374416221,0.3660641987729066,0.8389902857137379,-0.3691711517412276,-0.3724547356194598,0.3618816645385233,-0.6689444679266608,-0.6407177848055137,-0.3334589895145691,0.3403888363879878,0.3127534157185706,0.9333723797322532,-0.0955895322690401,0.3374729024766822,-0.0740264029037025,0.7044519319950715,0.6338939596869875,0.3187526269187578,0,0,0,0,0,0,0,0,0,1,0,0,0,0,0,0,0,0,0,0,0,0,0,0,0,0,0,0,0,0,0,1,0,0,0,0,0,0,0,0,0,0,0,0,0,0,0,0,0,0,0,0,0,1,0,0,0,0,0,0,0,0,0,0,0,0,0,0,0,0,0,0,0,0,0,0,1,0,0,0,0,0,0,1,0,0,0,0,0,0,0,0,0,0,0,0,0,0,0,0,1,0,0,0,0,0,0,0,0,0,0,0,0,0,0,0,0,0,0,0,0,0,0,0,0,0,0,0,0,1,0,0,0,0,0,0,0,0,0,0,0,0,0,1,0,0,0,0,0,0,0,0,0,0,0,0,0,0,0,0,0,0,0,1,0,0,0,0,0,0,0,0,0,0,0,0,0,0,0,0,0,0,0,0,0,0,0,0,0,0,0,1,0,0,0,0,0,0,0,0,0,0,0,0,0,0,0,0,0,1,0,0,0,0,0,0,0,0,0,0,0,0,0,0,0,0,0,0,1,0,0,0,0,0,0,0,0,0,0,0,0,0,0,1,0,0,0,0,0,0,0,0,0,0,0,0,0,0,0,0,0,0,0,1,0,0,0,0,0,0,0,0,0,0,0,0,0,0,0,0,0,0,0,0,0,0,0,0,0,0,0,0,0,0,0,1,0,0,0,0,0,0,0,0,0,1,0,0,0,0,0,0,0,0,0,0,0,0,0,0,0,0,0,0,0,0,0,0,0,1,0,0,0,0,0,0,0,0,0,0,0,0,0,0,0,0,0,0,1,0,0,0,0,0,0,0,0,0,0,0,0,0,0,0,0,0,0,0,0,1,0,0,0,0,0,0,0,0,0,0,0,0,0,1,0,0,0,0,0,0,0,0,0,0,0,0,0,0,0,0,0,0,0,0,0,0,0,0,0,1,0,0,0,0,0,0,0,0,0,0,0,0,0,1,0,0,0,0,0,0,0,0,0,0,0,0,0,0,0,0,0,0,0,1,0,0,0,0,0,0,0,0,0,0,0,0,0,0,0,0,0,0,0,1,0,0,0,0,0,0,0,0,0,0,0,0,0,0,0,0,0,0,0,0,0,0,0,0,0,0,0,0,0,0,0,0,0,0,0,1,0,0,0,0,0,0,0,0,0,0,0,0,0,0,0,0,1,0,0,0,0,0,0,1,0,0,0,0,0,0,0,0,0,0,0,0,0,0,0,0,0,0,0,0,0,1,0,0,0,0,0,0,0,0,0,0,0,0,0,0,0,0,0,0,0,0,0,0,0,1,0,0,0,0,0,0,0,0,0,0,0,0,0,0,0,0,1,0,0,0,0,0,0,0,0,0,0,0,0,0,0,0,0,0,0,0,0,0,0,0,0,0,0,1,0,0,0,0,0,0,1,0,0,0,0,0,0,0,0,0,0,0,0,0,0,0,0,0,0,0,0,0,0,1,0,0,0,0,0,0,0,0,0,0,0,0,0,0,0,0,1,0,0,0,0,0,0,0,0,0,0,0,0,0,0,0,0,0,0,0,0,0,0,1,0,0,0,0,0,0,0,0,0,0,0,0,0,0,0,0,0,0,0,0,0,0,0,0,0,0,0,0,0,0,0,0,1,0,0,0,0,0,0,0,0,0,0,0,0,0,0,0,0,0,0,0,0,0,0,1,1,0,0,0,0,0,0,0,0,0,0,0,0,0,0,0,0,0,0,0,0,0,0,0,0,0,0,0,0,0,0,0,0,0,0,1,0,0,0,0,0,0,0,0,0,0,0,0,0,0,0,1,0,0,0,0,0,0,0,0,0,0,0,0,0,0,0,0,0,1,0,0,0,0,0,0,0,0,0,0,0,0,0,1,0,0,0,0,0,0,0,0,0,0,0,0,0,0,0,0,0,0,0,0,0,0,0,0,0,1,0,0,0,0,0,0,0,0,0,0,1,0,0,0,0,0,0,0,0,0,0,0,0,0,0,0,0,0,0,0,0,0,0,0,0,0,0,0,0,0,0,0,0,0,0,0,0,0,0,1,0,0,0,0,0,0,1,0,0,0,0,0,0,0,0,0,0,0,0,0,0,0,0,1,0,0,0,0,0,0,0,0,0,0,0,0,0,0,0,0,0,0,0,0,0,0,1,0,0,0,0,0,0,0,0,0,0,0,0,0,0,0,0,1,0,0,0,0,0,0,0,0,0,0,0,0,0,0,0,0,0,0,0,0,0,0,0,0,1,0,0,0,0,0,0,0,0,0,0,0
8.08,56,1.0,-3.242820009260769e-18,-3.5501282490666294e-18,1.0538955721865622,0.7785883568070084,-0.597430523088287,-0.1292562247469024,0.5560546101288486,0.8608873140108562,0.5038405806633888,-2.160998758463736e-17,0.5415601766692075,-0.5647184205155856,-0.2043405203542136,0.7597820248021379,0.5290736558433002,-0.0770733730182111,0.9635868425468408,-0.0033168586541314,0.5154531678909795,-0.6746777787905442,-0.2139955896322216,-0.6640655307159681,0.4936109369917646,0.2839411397942911,-0.9497400391768434,0.0514705210630797,0.4770877840556158,-0.4095116173602933,0.8379713673154556,0.2422190077989846,0.4591175500856259,0.0906144174946251,-0.270572191694065,-0.9322168710781245,0.4482909623100664,0.4461024185865423,0.875657335093891,0.1009355030601914,0.4380112773704122,-0.9082639548200862,-0.0354664589723442,-0.3321982290676198,0.4356171161712018,-0.2047950345269645,0.8161885214702839,-0.4664142169656431,0.434032491021405,0.0655149030344315,-0.952875847734243,-0.1295533307311215,0.4195449130132868,0.0741712148711988,-0.963356060919282,-0.0153770022082118,0.4131566342112456,0.434413297939831,-0.2601109034725763,-0.8404122647366726,0.3963550920006236,0.6551876131350653,-0.4672249762882973,-0.5651494363160043,0.3926639886854127,0.2373443955967775,0.355929435147796,0.8798204178171268,0.3868972566716344,-0.8493825770922518,0.3731727168344051,-0.2471476562960387,0.3826636594980371,0.8512706880640734,-0.4832782949007711,0.0288330526888914,0.3814896931926408,0.0719853776886767,0.6897986418062593,-0.6794348616048759,0.3738807612536964,-0.7278587521420808,-0.0739764264242273,0.6358723063320288,0.3643854104077784,0.9253236619128736,0.3432102085861743,-0.1117754393113088,0.3640625957412105,0.205545258345834,0.5718318827017251,0.7685018664341765,0.3512856168027016,-0.8043044030217124,-0.5770653695787725,-0.0171225973818358,0.3479862182501133,-0.5798543857696982,0.6165360772948116,-0.4527658413427094,0.342961606020537,0,0,0,0,0,0,0,0,0,0,0,0,0,0,0,1,0,0,0,0,0,0,0,0,0,0,0,0,0,0,0,1,0,0,0,0,0,0,0,0,0,0,0,0,0,0,0,0,0,0,0,0,0,0,0,1,0,0,0,0,0,0,0,1,0,0,0,0,0,0,0,0,0,0,0,0,0,0,0,0,0,0,0,0,0,0,0,0,0,1,0,0,0,0,0,0,0,0,0,0,1,0,0,0,0,0,0,0,0,0,0,0,0,0,0,0,0,0,0,0,0,0,0,0,0,0,0,0,0,0,0,0,0,0,0,0,0,0,0,1,0,0,0,0,0,0,0,0,0,0,0,0,0,0,0,0,1,0,0,0,0,0,0,0,0,0,0,0,0,1,0,0,0,0,0,0,0,0,0,0,0,0,0,0,0,0,0,0,0,0,0,1,0,0,0,0,0,0,0,0,0,0,0,1,0,0,0,0,0,0,0,0,0,0,0,0,0,0,0,0,0,0,0,0,0,0,0,0,0,0,0,0,0,0,0,0,1,0,0,0,0,0,0,0,0,0,0,0,0,0,0,0,0,0,0,1,0,0,0,0,0,0,0,1,0,0,0,0,0,0,0,0,0,0,0,0,0,0,0,0,0,0,0,0,0,0,0,0,0,1,0,0,0,0,0,0,0,0,0,0,0,0,0,0,0,1,0,0,0,0,0,0,0,0,0,0,0,0,0,0,1,0,0,0,0,0,0,0,0,0,0,0,0,0,0,0,0,0,0,0,0,0,0,0,0,1,0,0,0,0,0,0,0,0,0,0,0,0,0,0,0,0,0,0,0,0,0,0,0,1,0,0,0,0,0,0,0,0,0,0,0,0,0,1,0,0,0,0,0,0,0,0,0,0,0,0,0,0,0,0,0,0,0,1,0,0,0,0,0,0,0,0,0,0,0,0,0,0,0,0,1,0,0,0,0,0,0,0,0,0,0,0,0,0,0,0,0,0,0,0,0,0,0,1,0,0,0,0,0,0,0,0,0,0,0,0,0,0,0,0,1,0,0,0,0,0,0,0,0,0,0,0,0,0,0,0,0,0,0,0,0,0,0,0,0,0,0,0,0,0,0,0,0,0,0,1,0,0,0,0,0,0,0,0,0,0,0,0,1,0,0,0,0,0,0,0,0,0,0,0,0,0,0,0,0,0,0,0,0,0,0,0,0,0,0,1,0,0,0,0,0,0,0,0,0,0,0,0,1,0,0,0,0,0,0,0,0,0,0,0,1,0,0,0,0,0,0,0,0,0,0,0,0,0,0,0,0,0,0,0,0,0,0,0,0,0,0,0,0,0,0,1,0,0,0,0,0,0,0,0,0,0,0,0,0,0,0,0,0,0,0,0,0,0,0,1,0,0,0,0,1,0,0,0,0,0,0,0,0,0,0,0,0,0,0,0,0,0,0,0,0,0,0,0,0,0,0,0,0,1,0,0,0,0,0,0,0,0,0,0,0,0,0,0,0,0,0,0,1,0,0,0,0,0,0,0,0,0,0,0,0,0,0,1,0,0,0,0,0,0,0,0,0,0,0,0,0,0,0,0,0,0,0,0,0,0,0,0,0,0,0,1,0,0,0,0,0,0,0,0,0,0,0,0,0,0,0,0,0,0,0,0,0,0,0,1,0,0,0,0,0,0,0,0,0,0,1,0,0,0,0,0,0,0,0,0,0,0,0,0,0,0,0,1,0,0,0,0,0,0,0,0,0,0,0,0,0,0,0,0,0,0,0,0,0,0,0,0,0,0,0,0,0,0,0,0,1,0,0,0,0,0,0,0,0,0,0,0,0,0,0,0,0,0,0,0,0,0,0,1,1,0,0,0,0,0,0,0,0,0,0,0,0,0,0,0,0,0,0,0,0,0,0,0,0,0,0,0,0,1,0,0,0,0,0,0,0,0,0,0,0,0,0,0,0,0,0,0,0,0,0,0,0,0,0,0,1,0,0,0,0,0,0,0,0,0,0,0,0,1,0,0,0,0,0,0,0,0,0,0,0,0,0,1,0,0,0,0,0,0,0,0,0,0,0,0,0,0,0,0,0,0,0,1,0,0,0,0,0,0,0,0,0,0,0,0,0,0,0,0,0,0,0,0,0,0,1,0,0,0,0,0,0,0,0,0,0,0,0,0,0,0,0,1,0,0,0,0,0,0,0,0,0,0,0,0,0,0,0,0,0,0,0,1,0,0,0,0,0,0,0,0,0,0,0,0,0,0,0,0
7.19,57,1.0,4.969095852539679e-18,-1.389192352756569e-17,1.0501131194137046,0.6995546702073381,-0.5756041407344221,0.3841967534464687,0.5964564327213395,0.8577488193774337,0.5075504520562107,-2.016164608251839e-17,0.5708428285257685,-0.8041302132689498,0.2187478401962,-0.1949075794608333,0.5459804076207091,0.1151662667528079,-0.8999544285020923,0.3770159585478499,0.5194377327294226,0.596814108111733,-0.3538935405269388,0.6747673975473607,0.4522321193664401,-0.112655962624164,0.6245285664160056,-0.6882703366034546,0.4482909623100664,0.5096559066857299,0.7890351428646596,-0.3136292827359326,0.4338279764078264,-0.1052190052941759,-0.8168074143633014,0.474177974577935,0.4316232250928,0.2733727155445476,0.6135658743054535,-0.700048953774403,0.4272230318774853,-0.0827294483005367,-0.8710347559257983,0.307544406344488,0.4239637179647118,-0.0826432823931035,-0.430645124472047,-0.8197015502894148,0.4035469749345662,-0.0215497398102694,-0.8865915592413056,0.2865461581431314,0.402750378998028,0.7068582971886737,-0.3760027939231393,-0.5263981879378958,0.3999135568343731,0.038603815538052,0.885309307088335,0.1151872029678066,0.3982458001130178,0.8795767111945514,0.3843754263638387,0.2108178070530339,0.3850727499310781,0.1622594737608657,0.9491472563676728,-0.0516333614629176,0.374679787465665,0.7761302890631666,-0.5670724138267795,0.0671828623637404,0.3696942390229311,0.0194794861159238,0.9404995536470312,0.1251785818506186,0.3628235488181782,-0.7948297450271565,0.2412246434537287,-0.3172200796081673,0.3568459629520312,-0.307629419298031,-0.1762598644673677,-0.8477711419540215,0.3545754930801903,0.7963384739067942,-0.4472157435976718,-0.285853451014982,0.3402530198136245,0.39689625141021,0.3332253696388161,-0.8225839964186449,0.3374788444081885,0.6416965463780938,0.7166137223808842,-0.2550005902783285,0.3221185958936626,-0.723978013117988,-0.4067361906271248,-0.4485476202384671,0.3013113836164375,1,0,0,0,0,0,0,0,0,0,0,0,0,0,0,0,0,0,0,0,0,0,0,0,0,0,0,0,0,0,0,1,0,0,0,0,0,0,0,0,1,0,0,0,0,0,0,0,0,0,0,0,0,0,0,0,0,0,0,0,0,0,0,1,0,0,0,0,0,0,0,0,0,0,0,0,0,0,0,0,0,0,0,0,0,0,0,0,0,0,0,0,0,0,0,1,0,0,0,0,1,0,0,0,0,0,0,0,0,0,0,0,0,0,0,0,0,0,0,0,0,0,0,1,0,0,0,0,0,0,0,0,0,0,0,0,0,0,0,0,0,0,0,0,0,0,0,0,0,0,0,0,0,0,0,0,1,0,0,0,1,0,0,0,0,0,0,0,0,0,0,0,0,0,0,0,0,0,0,0,0,0,0,1,0,0,0,0,0,0,0,0,0,0,0,0,0,0,0,0,1,0,0,0,0,0,0,0,0,0,0,0,0,0,0,0,0,0,0,0,0,0,0,0,0,0,1,0,0,0,0,0,0,0,0,0,0,0,0,0,0,0,0,0,0,0,0,0,0,0,0,0,0,0,0,1,0,0,0,0,0,0,0,0,0,1,0,0,0,0,0,0,0,0,0,0,0,0,0,0,0,0,0,0,0,0,0,0,0,0,0,0,0,0,0,1,0,0,0,0,0,0,0,1,0,0,0,0,0,0,0,0,0,0,0,0,0,0,0,0,1,0,0,0,0,0,0,0,0,0,0,0,0,0,0,0,0,0,0,0,0,0,0,0,0,0,0,0,1,0,0,0,0,0,0,0,0,0,0,0,0,0,0,0,0,0,0,0,0,0,0,0,0,0,0,1,0,0,0,0,0,0,0,0,0,0,0,0,0,0,0,1,0,0,0,0,0,0,0,0,1,0,0,0,0,0,0,0,0,0,0,0,0,0,0,0,0,0,0,0,0,0,0,0,0,0,0,0,1,0,0,0,0,0,0,0,0,0,0,0,0,0,0,1,0,0,0,0,0,0,0,0,0,0,0,0,0,0,0,0,0,0,0,0,0,0,0,0,0,0,0,0,0,0,0,0,1,0,0,0,1,0,0,0,0,0,0,0,0,0,0,0,0,0,0,0,0,0,0,0,0,0,0,0,0,0,0,0,1,0,0,0,0,0,0,0,0,0,0,0,0,0,0,0,0,1,0,0,0,0,0,0,0,0,0,0,0,0,0,0,0,0,0,0,0,1,0,0,0,0,0,0,0,0,0,0,0,0,0,0,0,0,0,0,0,0,0,0,0,0,0,0,0,0,0,1,0,0,0,0,0,0,0,0,0,0,0,0,1,0,0,0,0,0,0,0,0,0,0,0,0,0,0,0,0,0,0,0,0,0,0,0,0,0,0,1,0,0,0,0,0,0,0,0,0,0,0,0,0,0,0,0,0,0,0,0,1,0,0,0,0,0,0,0,0,0,0,0,0,0,0,0,0,0,0,1,0,0,0,0,0,0,0,1,0,0,0,0,0,0,0,0,0,0,0,0,0,0,0,0,1,0,0,0,0,0,0,0,0,0,0,0,0,0,0,0,0,0,0,0,1,0,0,0,0,0,0,0,0,0,0,0,0,0,0,0,0,0,0,0,0,0,0,0,0,0,0,0,0,0,0,0,0,0,0,1,0,0,0,0,0,0,0,0,0,0,0,0,1,0,0,0,0,0,0,0,0,0,0,0,0,0,0,1,0,0,0,0,0,0,0,0,0,0,0,0,0,0,0,0,1,0,0,0,0,0,0,0,0,0,0,0,0,0,0,0,0,0,0,0,0,0,0,1,0,0,0,0,0,0,0,0,0,0,0,0,0,0,0,0,1,0,0,0,0,0,0,0,0,0,0,0,0,0,0,0,0,0,0,0,0,0,0,0,0,1,0,0,0,0,0,0,0,0,0,0,0,0,0,0,0,0,0,0,0,0,0,0,0,0,0,1,0,0,0,0,0,0,0,0,0,0,0,0,0,0,0,0,0,1,0,0,0,0,0,0,0,0,0,0,1,0,0,0,0,0,0,0,0,0,0,0,0,0,0,0,0,0,0,0,0,0,0,0,0,0,0,0,0,0,0,0,0,0,0,1,0,0,0,0,0,0,0,0,0,0,1,0,0,0,0,0,0,0,0,0,0,0,0,0,0,0,0,1,0,0,0,0,0,0,0,0,0,0,0,0,0,0,0,0,0,0,0,0,0,0,1,0,0,0,0,0,0,0,0,0,0,0,0,0
7.14,58,1.0,-3.7060796393157215e-18,-1.964712228061084e-17,1.0524392629995976,0.8114791743740023,0.5667898387782936,-8.160678709983059e-18,0.5813505304077916,0.814875016603936,-0.5020351346467395,0.2215326877697971,0.5397861830601188,-0.0978852499283272,0.7898426819049638,-0.447716460848521,0.5114791822624359,-0.4981062839465641,-0.4826082844829205,-0.6252830632622424,0.4850778731312933,0.3356757067705948,0.8896102875821145,-0.1388784221576987,0.4672721806709782,0.3863934660003835,-0.6851229411042573,0.5796978639142213,0.4547159334065018,-0.7409041732435063,0.2336274292343689,0.4428795829146461,0.4540111315788457,0.5339114038411974,-0.3741717388926397,-0.7194012579940545,0.4419310174513072,-0.7469942538342436,-0.2102192507263063,-0.4756449358085136,0.4175775028456305,-0.0809585891534845,0.5319819176157775,-0.7522248088525137,0.4160910372427991,-0.2994515457156355,0.8094517344327464,-0.2223306158416647,0.3999135568343731,0.4554869982387782,-0.672303001117131,-0.5355017122975136,0.3987383388265346,0.2036496581842047,-0.3730953972319049,0.8535426597281279,0.3965358098116106,0.6805990986920624,-0.6669369727919168,-0.1899957702240617,0.3890126512001187,0.8968789229945255,-0.2635221359965358,0.2530322339523578,0.3847640269854856,0.8891838875864402,0.4170127232274578,0.0414325316600974,0.3760910015574836,-0.8057779811637651,-0.4507380598646765,0.131963270711387,0.3688015778831875,0.1474853860119058,0.9095166151774772,0.2465709553448477,0.3612064823419573,-0.6884891862509471,0.1675743895545501,-0.5523896506239855,0.3572666842775952,0.2109460799510122,0.4402668080218078,-0.8140715396892603,0.3500049626030894,0.2439412256772102,-0.7114542794601166,0.5453125237145464,0.3205464151328858,0.1599803721851477,-0.8299802356711674,0.4599657606008255,0.3152105647330718,-0.905405094620241,-0.2309530930357012,-0.1135894867552417,0.3046638245791534,0.4055394409947713,0.8431810941478542,-0.2375599416635559,0.3027339013346612,0,0,0,0,0,1,0,0,0,0,0,0,0,0,0,0,0,0,0,0,0,0,0,0,0,0,0,0,0,0,0,1,0,0,0,0,0,0,0,0,1,0,0,0,0,0,0,0,0,0,0,0,0,0,0,0,0,0,0,0,1,0,0,0,0,0,0,0,0,0,0,0,0,0,0,0,0,0,0,0,0,0,0,0,0,1,0,0,0,0,0,0,0,0,0,0,0,0,0,0,0,0,0,1,0,0,0,0,0,0,0,0,0,0,0,0,0,0,0,0,1,0,0,0,0,0,0,0,0,0,0,0,0,0,0,0,0,0,0,0,0,0,0,0,0,0,0,0,0,0,0,1,0,0,0,0,0,0,0,0,0,0,0,0,0,0,0,0,0,1,0,0,0,0,0,0,0,0,0,0,0,0,0,0,0,0,0,0,0,0,0,0,0,0,0,0,1,0,0,0,1,0,0,0,0,0,0,0,0,0,0,0,0,0,0,0,0,0,0,0,0,0,0,1,0,0,0,0,0,0,0,0,0,0,0,0,0,0,0,0,0,0,0,0,0,1,0,0,0,0,0,0,0,0,0,0,0,0,0,0,0,0,0,1,0,0,0,0,0,0,0,0,0,0,0,0,0,0,0,0,0,0,0,1,0,0,0,0,0,0,0,0,0,0,0,0,0,0,0,0,0,0,0,0,0,0,0,0,0,0,0,0,0,0,0,0,1,0,0,0,0,0,0,0,0,0,0,0,0,0,0,0,0,0,0,0,0,0,1,0,0,0,0,0,0,1,0,0,0,0,0,0,0,0,0,0,0,0,0,0,0,0,0,0,0,0,0,0,0,1,0,0,0,0,0,0,0,0,0,0,1,0,0,0,0,0,0,0,0,0,0,0,0,0,0,0,0,0,0,0,0,0,0,0,0,0,0,0,0,0,0,0,0,0,0,1,0,0,0,0,1,0,0,0,0,0,0,0,0,0,0,0,0,0,0,0,0,0,0,0,1,0,0,0,0,0,0,0,0,0,0,0,0,0,0,0,0,0,0,0,0,0,0,0,0,1,0,0,0,0,0,0,0,0,0,0,0,0,0,0,0,0,0,0,0,0,0,0,0,0,0,0,0,0,0,0,0,0,1,0,0,0,0,0,0,0,0,0,0,0,0,1,0,0,0,0,0,0,0,0,0,0,0,0,0,1,0,0,0,0,0,0,0,0,0,0,0,0,0,0,0,0,0,1,0,0,0,0,0,0,0,0,0,0,0,0,0,0,0,0,0,0,0,0,0,1,0,0,0,0,0,0,0,0,0,0,0,0,0,0,1,0,0,0,0,0,0,0,0,0,0,0,0,0,0,0,0,0,0,0,0,0,0,0,0,1,0,0,0,0,0,0,0,0,0,0,0,0,0,0,0,0,0,0,0,0,1,0,0,0,0,0,0,0,0,0,0,0,0,0,1,0,0,0,0,0,0,0,0,0,0,0,0,0,0,0,0,0,0,0,0,0,0,0,0,0,0,0,0,0,0,0,0,0,0,0,1,0,0,0,0,0,0,0,0,0,0,0,0,1,0,0,0,0,0,0,0,0,0,0,0,0,0,0,0,0,1,0,0,0,0,0,0,0,0,0,0,0,0,0,1,0,0,0,0,0,0,0,0,0,0,0,0,0,0,0,0,0,0,0,0,0,0,1,0,0,0,0,0,0,0,0,0,0,0,0,0,0,0,0,0,0,0,0,0,0,0,0,0,0,0,0,0,0,0,1,0,0,0,0,0,0,0,0,0,0,0,0,0,0,0,1,0,0,0,0,0,0,0,0,0,0,0,0,0,0,0,0,0,0,0,0,0,0,0,1,0,0,0,0,0,0,0,0,0,0,0,0,0,0,0,0,0,0,0,0,1,0,0,0,0,0,0,0,0,1,0,0,0,0,0,0,0,0,0,0,0,0,0,0,0,0,0,0,0,0,0,0,1,0,0,0,0,0,0,0,0,0,0,0,0,0,0,0,0,1,0,0,0,0,0,0,0,0,0,0,0,0,0,0,0,0,0,0,0,0,0,0,1,0,0,0,0,0,0,0,0,0,0,0,0,0,0,0,0,0,0,0,0,1,0,0,0,0,0,0,0,0,0,0,0,0,0,1,0,0,0,0,0,0,0,0,0,0,0,0,0,0,0,0,1,0,0,0,0,0,0,0,0,0,0,0,0,0,0,0,0,0,0,0,0,0,0,0,0,0,1,0,0,0,0,0,0,0,0,0,0,0,0,0
7.45,59,1.0,2.30705441408708e-17,2.053259951596786e-18,1.0482139118103386,0.7555935291758523,0.6481148585859478,7.96950255277679e-18,0.6174257546788235,0.8189015854615513,-0.3884020486976379,-0.3927387408726198,0.5381361557609894,-0.118614914047887,-0.7277473259503898,-0.6247910425055135,0.5208798798841945,-0.1130687660912754,0.6421605826808939,0.688379214070817,0.5163203978380232,0.3555010889116078,0.8058852335414087,0.4166576444468878,0.466984557177585,0.3395554140098974,-0.6173055008324443,-0.6803182561084895,0.466613678528572,-0.066404379711219,0.2956374785662242,0.8775944509433522,0.4419310174513072,0.1672990856164916,-0.5228097710894652,0.8042189769257286,0.4186591583628994,-0.8774917661953264,-0.2090639155460554,0.2568655732414532,0.4166226355432424,0.8168576803409499,-0.0638666683030947,-0.5454291806799048,0.4161354946491472,0.7267725393754334,0.6117798182882369,-0.2879097565393401,0.4098747235283052,-0.4393599331923591,0.6889695149504156,0.4788239575214905,0.3932668283598639,0.2201997646952312,0.9388563458883942,0.1473443907051951,0.3765563038265517,-0.7123137961232595,-0.2336692367405162,0.5743612833237894,0.3676140877625115,0.8003686360419927,-0.56698805271737,-0.0317796491659697,0.3662939801100924,-0.4147523891514472,0.843619023312608,0.1840790913719873,0.3398463191438333,-0.4959140570221603,-0.7170585905594,0.417653186074271,0.3368140376740323,-0.6223706831238004,0.0535317130133952,0.7111172186421814,0.3259324429329784,0.5117770095565821,0.5942821612797544,0.5667415652386795,0.3212522752984404,-0.6397355192346331,0.4009224611726666,0.5691987672649532,0.3080157707948152,0.0050809742263954,-0.4663244030899903,0.853103709177091,0.3048982276873659,0.910513824439844,-0.303449311846509,0.1652294065582036,0.2965277734836298,0.6866987245146898,-0.6947536537273681,-0.0453074339107153,0.2916492197053788,0.6364365401665065,-0.7307342126164313,0.1183176853464446,0.2721350664114291,0,0,0,0,0,0,0,0,0,0,0,0,0,0,0,0,0,0,1,0,0,0,0,0,0,0,0,0,0,0,0,1,0,0,0,0,0,0,0,0,0,0,0,0,0,1,0,0,0,0,0,0,0,0,0,0,0,0,0,0,1,0,0,0,0,0,0,0,0,0,0,0,0,0,0,0,0,0,0,0,0,0,0,0,0,0,0,0,0,0,0,0,0,0,0,0,0,0,1,0,0,0,0,1,0,0,0,0,0,0,0,0,0,0,0,0,0,0,0,0,0,0,0,0,0,0,0,0,0,0,0,0,0,0,0,0,0,0,1,0,0,0,0,0,0,0,0,0,0,0,0,0,0,0,0,0,1,0,0,0,0,0,0,0,0,1,0,0,0,0,0,0,0,0,0,0,0,0,0,0,0,0,0,0,0,0,0,0,0,0,0,1,0,0,0,0,0,0,0,0,0,0,0,0,0,1,0,0,0,0,0,0,0,0,0,0,0,0,0,0,0,0,0,1,0,0,0,0,0,0,0,0,0,0,0,0,0,0,0,0,0,0,0,0,0,0,0,0,0,0,0,0,0,0,0,0,0,0,1,0,1,0,0,0,0,0,0,0,0,0,0,0,0,0,0,0,0,0,0,0,0,0,0,0,0,1,0,0,0,0,0,0,0,0,0,0,0,0,0,0,0,0,0,0,0,1,0,0,0,0,0,0,0,0,0,0,0,0,0,0,0,0,0,0,0,0,0,0,0,1,0,0,0,0,0,0,0,0,0,0,0,0,0,0,0,0,0,0,0,0,0,0,0,0,0,0,1,0,0,0,0,0,0,0,0,0,0,0,0,0,0,0,0,0,0,1,0,0,0,0,0,0,0,0,0,0,0,0,0,0,0,0,0,0,0,0,1,0,0,0,0,0,0,0,0,0,0,0,0,0,0,0,0,0,0,0,0,0,1,0,0,0,0,0,0,0,1,0,0,0,0,0,0,0,0,0,0,0,0,0,0,0,0,0,0,1,0,0,0,0,0,0,0,0,0,0,0,0,0,0,0,0,0,0,0,0,0,0,0,0,0,0,0,0,0,0,1,0,0,0,1,0,0,0,0,0,0,0,0,0,0,0,0,0,0,0,0,0,0,0,1,0,0,0,0,0,0,0,0,0,0,0,0,0,0,0,0,0,0,0,0,0,0,0,0,1,0,0,0,0,0,0,0,0,0,0,0,0,0,0,0,0,0,0,0,0,1,0,0,0,0,0,0,0,0,0,0,0,0,0,0,0,0,0,0,0,0,0,0,0,0,0,0,0,0,1,0,0,0,0,1,0,0,0,0,0,0,0,0,0,0,0,0,0,0,0,0,0,0,0,0,0,0,0,0,0,0,0,0,0,0,0,0,0,0,0,0,0,1,0,0,0,0,1,0,0,0,0,0,0,0,0,0,0,0,0,0,0,0,0,1,0,0,0,0,0,0,0,0,0,0,0,0,0,0,0,0,0,0,0,0,0,0,0,0,0,0,0,0,0,0,0,0,0,0,0,1,0,0,0,0,0,0,0,0,0,0,0,0,0,0,0,0,0,0,1,0,0,0,0,0,0,0,0,0,0,1,0,0,0,0,0,0,0,0,0,0,0,0,0,1,0,0,0,0,0,0,0,0,0,0,0,0,0,0,0,0,0,0,0,0,0,0,0,0,0,0,0,0,0,0,1,0,0,0,0,0,0,0,0,0,0,0,0,0,1,0,0,0,0,0,0,0,0,0,0,0,0,0,0,0,0,0,1,0,0,0,0,0,0,0,0,0,0,0,0,0,0,0,0,1,0,0,0,0,0,0,0,0,0,0,0,0,0,0,0,0,0,0,0,0,0,0,1,0,0,0,0,0,0,0,0,0,0,0,0,0,0,0,0,0,0,0,0,0,0,0,0,0,1,0,0,0,0,0,0,0,0,0,0,1,0,0,0,0,0,0,0,0,0,0,0,0,0,0,0,0,0,0,0,0,0,0,0,0,0,0,0,0,0,0,0,0,0,0,0,0,0,1,0,0,1,0,0,0,0,0,0,0,0,0,0,0,0,0,0,0,0,0,0,0,0,0,0,0,0,0,0,0,0,0,0,0,0,0,0,0,0,1,0,0,0,0,0,0,0,0,0,1,0,0,0,0,0,0,0,0,0,0,0,0,0,0,0,0,0,0,0,0,0,0,0,0,0,0,0,0,0,1,0,0,0,0,0,0,0,0,0,1,0,0,0,0,0,0,0,0,0,0,0
8.83,60,1.0,6.494547342190952e-18,1.7285210766357005e-17,1.046837479136001,0.802683475840707,0.5927105483953319,7.195067649048169e-18,0.5529426065688957,0.8022470617428862,-0.5171155909950083,0.276783816668569,0.5440718489401839,-0.0241859169067958,0.9600094909106288,-0.1571312114746261,0.522706653953289,0.3228806280438522,-0.9107686083431782,0.2378609013342481,0.4675496204366268,0.6811327181709113,-0.3055588560480483,0.647145578258257,0.4586396466123047,0.3610839763294636,0.8785425409772376,-0.2742265235428522,0.4546174270545678,0.0837818855139573,-0.8652969351486673,0.4398592295861006,0.4210432274022648,0.1989325110543391,-0.9491957416338628,-0.230787291126178,0.4094508821566535,0.1638563466750312,-0.8817062043908613,0.3887096037787123,0.3903948021816629,0.4130862279594295,0.4498433527701483,-0.7638775590889498,0.379959603557509,0.8570950573800404,0.483871608942236,0.1507666949858574,0.366257686586498,0.3271151214113511,0.6431227230997499,-0.6668372125888029,0.3647722996952836,-0.0748233201820779,-0.9492767967410244,-0.2692446634511656,0.3524313426532642,0.8876215168793058,-0.4365725818636017,-0.0283732588511703,0.3501926089757277,0.4352839921068332,0.484915202692974,-0.7263909944546852,0.3395074041617097,0.8520455051985403,-0.358830832260766,-0.3498872047043472,0.3243939743537606,-0.4680690078633158,0.543526157234153,-0.6457321885100433,0.3221198373774672,0.3494281425092331,0.9243334237734556,-0.0923543235992233,0.3033479252725128,-0.1179583192573801,-0.111729929026712,-0.95937022911331,0.2895500565512576,-0.1378217677412425,0.9639110603313392,0.0984231226242039,0.282947259364975,0.0446581422048156,0.6873528090458519,-0.6921649509458041,0.2779294891101341,-0.2616862246083589,0.626257759657318,-0.6920045788377343,0.2751488398255791,0.1087209103318158,0.9817826008073786,0.015681034643554,0.2642585113568717,0.8679809436250215,-0.4483067854650355,0.1377972468963344,0.2623731227292087,0,0,0,0,0,0,0,0,0,0,0,0,0,0,0,1,0,0,0,0,0,0,0,0,0,0,0,0,0,0,0,1,0,0,0,0,0,0,0,0,0,0,0,0,0,0,0,0,0,0,0,0,0,0,0,0,0,0,1,0,1,0,0,0,0,0,0,0,0,0,0,0,0,0,0,0,0,0,0,0,0,0,0,0,0,0,0,0,0,0,0,0,0,0,0,1,0,0,0,0,0,0,0,1,0,0,0,0,0,0,0,0,0,0,0,0,0,0,0,0,0,0,0,0,0,0,0,0,0,0,0,0,0,0,0,0,0,0,1,0,0,0,0,0,0,0,1,0,0,0,0,0,0,0,0,0,0,0,0,0,0,0,0,0,0,0,0,0,0,0,0,0,0,0,0,1,0,0,0,0,0,0,0,1,0,0,0,0,0,0,0,0,0,0,0,0,0,0,0,0,0,0,0,0,0,0,0,0,0,0,0,0,0,0,0,1,0,0,0,0,0,0,0,0,0,0,1,0,0,0,0,0,0,0,0,0,0,0,0,0,0,0,0,0,0,0,0,0,0,0,0,0,0,0,0,0,0,0,1,0,0,0,0,1,0,0,0,0,0,0,0,0,0,0,0,0,0,0,0,0,0,0,0,0,0,0,0,0,0,0,0,0,0,0,0,1,0,0,0,0,0,0,0,0,0,0,0,0,1,0,0,0,0,0,0,0,0,0,0,0,0,0,0,0,0,0,0,0,0,0,0,0,0,0,0,1,0,0,0,0,0,0,0,0,0,0,0,0,0,0,0,0,0,0,0,0,0,1,0,0,0,0,0,0,0,0,0,0,0,0,0,0,0,0,0,1,0,0,0,0,0,0,0,0,0,0,0,0,1,0,0,0,0,0,0,0,0,0,0,0,0,0,0,0,0,0,0,0,0,0,0,0,0,0,0,0,0,0,1,0,0,0,0,0,0,0,0,0,1,0,0,0,0,0,0,0,0,0,0,0,0,0,0,0,0,0,0,0,0,0,0,0,0,0,0,0,0,0,1,0,0,0,0,0,0,0,0,0,0,0,0,0,0,0,0,0,1,0,0,0,0,0,0,0,0,0,0,0,0,0,0,0,0,0,0,0,0,0,1,0,0,0,0,1,0,0,0,0,0,0,0,0,0,0,0,0,0,0,0,0,0,0,0,0,0,0,0,0,0,0,0,0,0,0,0,1,0,0,0,0,0,0,0,0,0,0,0,0,0,1,0,0,0,0,0,0,0,0,0,0,0,0,0,0,0,0,0,0,0,0,0,0,0,0,0,1,0,0,0,0,1,0,0,0,0,0,0,0,0,0,0,0,0,0,0,0,0,0,0,0,0,0,0,0,0,0,0,0,0,0,0,0,0,0,0,0,0,0,1,0,0,0,0,0,0,0,0,0,1,0,0,0,0,0,0,0,0,0,0,0,0,0,0,0,0,0,0,0,0,0,0,0,0,0,0,1,0,0,0,0,0,0,0,0,0,0,0,0,0,0,0,0,0,0,0,0,1,0,0,0,0,0,0,0,0,0,0,0,0,0,0,0,0,0,0,0,0,0,1,0,0,0,0,0,0,0,0,1,0,0,0,0,0,0,0,0,0,0,0,0,0,0,0,0,0,0,0,0,0,0,0,0,0,0,0,0,0,0,1,0,0,0,0,0,0,0,0,0,0,0,0,1,0,0,0,0,0,0,0,0,0,0,0,0,0,0,0,0,0,0,0,0,0,0,0,0,0,0,1,0,0,0,0,0,0,0,0,1,0,0,0,0,0,0,0,0,0,0,0,0,0,0,0,0,0,1,0,0,0,0,0,0,0,0,0,0,0,0,0,0,0,0,0,0,0,0,0,0,0,0,0,0,0,0,0,0,1,0,0,0,0,0,0,0,0,0,0,0,0,0,0,0,0,0,0,0,0,0,1,0,0,1,0,0,0,0,0,0,0,0,0,0,0,0,0,0,0,0,0,0,0,0,0,0,0,0,0,0,0,0,0,0,0,0,0,0,0,0,1,0,0,1,0,0,0,0,0,0,0,0,0,0,0,0,0,0,0,0,0,0,0,0,0,0,0,1,0,0,0,0,0,0,0,0,0,0,0,0,0,0,1,0,0,0,0,0,0,0,0,0,0,0,0,0,0,0,0,0,0,0,0,0,0,0,0,0,0,0,0,0,0,1,0,0,0,0,0,0,0,0,0,0,0,0,0,0,0,0,0,0,0,1,0,0,0,0,0,0,0,0
8.84,61,1.0,-2.42028254008844e-18,-5.6577179643621994e-18,1.0465995274193942,0.8179439693347529,0.5733831237287316,-7.954990668429692e-18,0.5720688855306783,0.8171532266053376,-0.5575164302161528,-0.0026698313856559,0.5353755246840778,0.02156313760048,-0.9617619033680171,-0.0220955993101926,0.4812721613397924,-0.0094133391682426,0.8946505734846764,0.4012849966005963,0.4792917822139014,0.3288060316572072,0.9278276858478772,0.112906042692682,0.4692872300557049,0.3394122607288132,-0.9276879056828984,0.0878070907991984,0.4616641110993752,0.313820161589969,-0.3183292415380984,-0.8629692715478872,0.4295799761752056,0.8340777807984168,-0.3846043394834685,0.3218032979933788,0.4261666211721014,0.1155865964483846,-0.9173877105466836,0.1482324160449641,0.4205489982522284,0.0642426594274065,0.9310534211297556,-0.3092515079802289,0.392127690223331,-0.1733032594142393,0.8529830986494698,-0.4011287731535729,0.3866210312998265,0.8933176242963823,0.4316271463615937,-0.088167636710788,0.3728930821314137,0.7823325764707064,-0.4434847933392574,-0.3994294248713226,0.3690337821642656,-0.1759577866915979,0.8946646845334311,-0.3248322080560151,0.3569815332435465,0.5845056574571963,-0.3140863658030616,-0.7221319173683959,0.3530686490615095,0.2693849976536398,-0.8870055198254733,0.1673087703699827,0.3288916286653778,0.2850437867563719,0.8093596846023725,-0.4798161443985579,0.3067436080528568,0.4000676582644707,0.8809903220251586,0.2315360787537724,0.3056233105781938,0.1592876805562236,-0.7968135456311527,0.1906045583532759,0.2738389941192743,0.8317541694193715,-0.418402323852694,-0.3019123282547105,0.2466197584763196,0.580217664221106,0.2933836664881137,-0.7240456098182447,0.2425659940391696,0.4300002011115423,0.58015970033827,0.6807194807762255,0.2278384735168006,0.4300605975779065,0.7604693709763322,0.4762225101596132,0.213409263229784,0.0370537673933356,-0.8871039530163802,0.3066942377159303,0.2099933420756433,0,0,0,0,0,0,0,0,0,0,0,1,0,0,0,0,0,0,0,0,0,0,0,0,0,0,0,0,0,0,0,1,0,0,0,0,0,0,0,0,0,0,0,0,0,0,0,0,0,0,0,0,0,0,0,1,0,0,0,0,1,0,0,0,0,0,0,0,0,0,0,0,0,0,0,0,0,0,0,0,0,0,0,0,0,0,0,0,0,0,0,1,0,0,0,0,0,0,0,0,0,0,0,1,0,0,0,0,0,0,0,0,0,0,0,0,0,0,0,0,0,0,0,0,0,0,0,0,0,0,0,1,0,0,0,0,0,0,0,0,0,0,0,0,0,0,0,0,1,0,0,0,0,0,0,0,0,0,0,0,0,0,0,0,0,0,0,0,0,0,0,0,0,0,0,1,0,0,0,0,0,0,0,0,0,0,1,0,0,0,0,0,0,0,0,0,0,0,0,0,0,0,0,0,0,0,0,0,0,0,0,0,0,0,0,1,0,0,0,0,0,0,0,1,0,0,0,0,0,0,0,0,0,0,0,0,0,0,0,0,0,0,0,0,0,0,0,0,0,0,0,1,0,0,0,0,0,0,0,0,0,0,0,1,0,0,0,0,0,0,0,0,0,0,0,0,0,0,0,0,0,0,1,0,0,0,0,0,0,0,0,0,0,0,0,0,0,0,0,0,0,0,0,0,0,1,0,0,0,0,0,0,0,0,0,0,0,0,0,0,0,0,0,0,0,0,0,0,0,0,0,1,0,0,0,0,0,0,0,0,0,0,0,0,0,0,1,0,0,0,0,0,0,0,0,0,0,0,0,0,0,0,0,0,0,0,0,0,0,0,0,1,0,0,0,0,0,0,0,0,0,0,0,0,0,0,0,0,1,0,0,0,0,0,0,0,0,0,0,0,0,0,0,0,0,0,0,0,0,0,0,0,0,0,0,1,0,0,0,0,0,0,0,1,0,0,0,0,0,0,0,0,0,0,0,0,0,0,0,0,0,0,0,0,0,0,0,0,0,0,0,0,0,0,0,1,0,0,0,0,0,0,0,0,0,0,0,0,1,0,0,0,0,0,0,0,0,0,0,0,0,0,0,0,0,0,0,0,0,0,0,0,0,0,0,1,0,0,0,0,0,0,0,0,0,0,0,0,0,0,0,0,0,0,0,0,1,0,0,0,0,0,0,0,0,0,0,0,0,0,0,1,0,0,0,0,0,0,0,0,1,0,0,0,0,0,0,0,0,0,0,0,0,0,0,0,0,0,0,0,0,0,0,0,0,0,0,0,0,0,0,0,0,0,0,1,0,0,0,0,0,0,0,0,0,0,0,0,1,0,0,0,0,0,0,0,0,0,0,0,0,0,1,0,0,0,0,0,0,0,0,0,0,0,0,0,0,0,0,0,0,0,0,0,0,0,0,0,0,0,0,1,0,0,0,0,0,0,0,0,0,0,0,0,0,0,0,0,0,0,0,1,0,0,0,0,0,0,0,0,0,0,0,1,0,0,0,0,0,0,0,0,0,0,0,0,0,0,0,0,0,0,0,0,0,0,0,0,0,0,0,0,0,0,0,1,0,0,0,0,0,0,0,0,0,0,0,0,0,0,0,0,0,0,0,0,0,1,0,0,0,0,0,0,0,0,0,0,0,0,0,0,0,0,0,1,0,0,0,0,0,0,0,0,0,0,0,0,0,0,0,1,0,0,0,0,0,0,0,0,0,0,0,0,0,0,0,0,0,0,0,1,0,0,0,0,0,0,0,0,0,0,0,0,0,0,0,0,1,0,0,0,0,0,0,0,0,0,0,0,0,0,0,0,0,0,0,0,0,0,0,1,0,0,0,0,0,0,0,0,0,0,0,0,0,0,0,0,0,0,0,0,0,0,0,0,1,0,0,0,0,0,0,0,0,0,0,0,0,0,0,0,0,0,0,0,0,0,1,0,0,0,0,0,0,1,0,0,0,0,0,0,0,0,0,0,0,0,0,0,0,0,0,0,0,0,0,0,0,0,0,0,0,0,0,0,0,0,1,0,0,0,0,0,0,0,0,0,0,0,0,0,0,0,0,0,1,0,0,0,0,0,0,0,0,0,0,0,0,0,0,0,0,0,0,0,0,0,1,0,1,0,0,0,0,0,0,0,0,0,0,0,0,0,0,0,0,0,0,0,0,0,0,0,0,0,0,0,0,0,0,1,0,0,0,0,0,0,0,0,0,0,0,0,0,0,0,0,1,0,0,0,0,0,0,0,0,0,0,0
8.67,62,1.0,3.668834823966454e-18,-1.0787133127427885e-18,1.0475371644652092,0.8019295365490835,0.585651310132407,-2.088401714599723e-17,0.56884583343682,0.8212065613886737,-0.5446124662165983,0.1314291264680178,0.5358023018268814,0.3339253578447934,-0.9171573571446482,0.18454356816977,0.4661544917656764,0.0033063124952575,0.8112546127342073,-0.5421401124808225,0.4498898848032445,0.3373901799339979,0.9130726471150536,-0.1363750534310765,0.4485139683523996,0.0108828535865576,-0.4697386917057619,0.8770300505341051,0.4369818064845797,-0.3845565452897699,0.7735960116231111,-0.449059344483896,0.4295799761752056,0.011926338613636,-0.7833434964670964,0.6060366527973429,0.4240456552030304,0.7912965243371773,-0.3890467064878499,0.4460696663464881,0.4177976235415039,0.4494066800653153,-0.4494212504959431,-0.7453108556282328,0.405812998473894,-0.2204381689841446,0.8684123429184021,0.351181684297608,0.4056818270706518,0.1491958422100038,-0.9570812069850207,-0.0298587025505368,0.4046491764397035,0.0512187482441665,0.9394370292256952,0.2663913763860425,0.3835571588758568,0.2357584356021314,-0.9438430556251654,0.03077071711209,0.3739949725647766,0.9005083334870043,0.4108784169894255,0.0553609012618689,0.3738580792721134,0.8430402748168554,-0.4624985952228095,-0.2336572373414937,0.3577183633827738,0.1070603998248935,0.5635450606406253,-0.7977795789665885,0.3572103361784234,0.7064596532594755,-0.3667742033383314,-0.5872357114105097,0.3499671906896642,-0.0802496669472285,0.8801112152770063,0.3231280698644783,0.3427515743962085,0.3962291953955039,0.4231089975523923,-0.799649430536903,0.3217246031363591,0.3726318690977853,0.8744313597430287,-0.2166782895920643,0.3200898821342259,-0.3296850950675486,0.1375846259014084,-0.9083936035161742,0.2885737869667694,-0.2709188718587474,-0.8121146302616844,0.4953234532103097,0.2541272383164015,0.1676839340351119,0.8093844777588278,0.4790503535509338,0.2435788030972726,0,0,1,0,0,0,0,0,0,0,0,0,0,0,0,0,0,0,0,0,0,0,0,0,0,0,0,0,0,0,0,1,0,0,0,0,0,0,0,0,0,0,0,0,0,0,0,0,0,0,0,1,0,0,0,0,0,0,0,0,1,0,0,0,0,0,0,0,0,0,0,0,0,0,0,0,0,0,0,0,0,0,1,0,0,0,0,0,0,0,0,0,0,0,0,0,0,0,0,0,0,0,0,1,0,0,0,0,0,0,0,0,0,0,0,0,0,0,0,0,0,0,1,0,0,0,0,0,0,0,0,0,0,0,0,0,0,0,0,0,0,0,0,1,0,0,0,0,0,0,0,0,0,0,0,0,0,0,0,0,0,0,0,0,0,0,0,0,0,0,0,1,0,0,0,0,0,0,0,0,0,0,0,0,0,0,0,0,0,0,0,1,0,0,0,0,0,0,0,0,0,0,0,0,0,0,0,0,0,0,0,1,0,0,0,0,0,0,0,0,0,0,0,1,0,0,0,0,0,0,0,0,0,0,0,0,0,0,0,0,0,0,1,0,0,0,0,0,0,0,0,0,0,0,0,0,0,0,0,0,0,0,0,0,0,0,0,0,0,0,0,0,0,0,0,0,1,0,0,0,0,0,0,0,0,0,0,0,0,0,0,1,0,0,0,0,0,0,0,0,0,0,0,0,0,1,0,0,0,0,0,0,0,0,0,0,0,0,0,0,0,0,1,0,0,0,0,0,0,0,0,0,0,0,0,0,0,0,0,0,1,0,0,0,0,0,0,0,0,0,0,0,0,0,0,0,0,0,0,0,0,0,1,0,0,0,0,0,0,0,0,0,0,0,0,0,0,0,0,0,0,0,0,0,0,0,1,0,0,0,0,0,0,0,0,0,0,0,0,0,0,0,0,0,0,0,0,0,0,0,0,0,0,0,0,0,0,0,1,0,0,0,0,0,0,1,0,0,0,0,0,0,0,0,0,0,0,0,0,0,0,0,0,0,0,0,0,0,0,0,0,1,0,0,0,0,0,0,0,0,0,0,0,0,0,0,0,0,1,0,0,0,0,0,0,0,0,0,0,0,0,0,1,0,0,0,0,0,0,0,0,0,0,0,0,0,0,0,0,0,0,0,0,0,0,0,0,0,1,0,0,0,0,0,0,0,0,0,0,0,0,0,0,0,0,0,0,0,0,0,0,1,0,0,0,0,0,0,0,0,0,0,0,1,0,0,0,0,0,0,0,0,0,0,0,0,0,0,0,0,0,0,1,0,0,0,0,0,0,0,0,0,0,0,0,0,0,0,0,0,0,0,0,0,0,0,0,0,1,0,0,0,0,0,0,0,0,0,0,0,0,0,0,0,0,0,0,0,0,0,0,1,0,0,0,0,0,0,0,0,0,0,0,0,0,0,0,0,0,0,0,0,0,0,0,0,1,0,0,0,0,0,1,0,0,0,0,0,0,0,0,0,0,0,0,0,0,0,0,0,1,0,0,0,0,0,0,0,0,0,0,0,0,0,0,0,0,0,0,0,0,0,0,0,0,0,0,0,0,0,0,0,0,0,0,1,0,0,0,0,1,0,0,0,0,0,0,0,0,0,0,0,0,0,0,0,0,0,0,0,0,0,0,0,0,0,0,0,0,0,0,0,0,0,0,0,0,0,1,0,0,0,0,0,0,0,0,0,0,0,0,1,0,0,0,0,0,0,0,0,0,0,0,0,0,0,0,0,0,0,0,1,0,0,0,0,0,0,0,0,0,0,0,0,0,0,0,0,1,0,0,0,0,0,0,0,0,0,0,0,0,0,0,0,0,0,0,0,0,0,0,0,0,0,0,1,0,0,0,0,0,0,0,0,0,0,0,0,0,0,0,0,0,0,0,0,1,0,0,0,0,0,0,0,0,0,0,0,0,0,0,1,0,0,0,0,0,0,0,0,0,0,0,0,0,0,1,0,0,0,0,0,0,0,0,0,0,0,0,0,0,0,0,0,0,0,0,0,0,0,0,0,0,0,0,1,0,0,0,0,0,0,0,1,0,0,0,0,0,0,0,0,0,0,0,0,0,0,0,0,0,0,1,0,0,0,0,0,0,0,0,0,0,0,0,0,0,0,0,0,0,0,0,0,0,0,0,0,0,0,0,1,0,0,0,0,0,0,0,0,0,0,0,0,0,0,0,0,0,0,0,1,0,0,0,0,0,0,0,0,0,0,0,1,0,0,0,0,0,0,0,0,0,0,0,0,0,0,0,0
7.77,63,1.0,-1.755478497778259e-17,-1.5953217270049584e-17,1.0471501234304763,0.8156183601691968,0.5767571334749478,-1.475279345383554e-17,0.5695858568665717,0.80392107057668,-0.4968155520738132,0.2559101304529336,0.543029358602829,0.3277899065559065,-0.8901301557876884,0.2779779092198763,0.4657778266512716,0.3781629377181452,0.865117947017982,-0.26056068960202,0.4608563463388683,0.0339512428809361,-0.8978279248159124,0.3200684163942583,0.458689597402815,0.1246581473911308,0.6507286972432734,-0.6574675841703723,0.4536421899691804,0.0611721793995288,-0.9181975405393272,0.172538014043477,0.4488831739081437,0.7152604077511558,-0.2634603823063247,0.5929857177753282,0.4471669177244153,-0.6658772867424021,-0.6369880268015149,-0.1918071420355228,0.4213811772770062,-0.1770199526381032,0.8668713008423097,0.246420025416419,0.414011822219147,-0.2509984732656836,0.6254293309815038,-0.6376598942523215,0.405812998473894,0.005150789260784,0.9593412984361724,0.0509626629249754,0.405008183195832,-0.0604848270740036,0.8768458345844152,0.2785181567620537,0.3948391084395774,0.0632115862905447,-0.5121688458332639,-0.7905030494079532,0.3927854680122352,-0.7125564541352718,-0.5664467325280188,0.0719463850577122,0.3915404258200006,0.6488561343377018,-0.3024552678131868,-0.6280048021579522,0.3850293640698919,0.8693280433531653,0.4627263321080551,0.1252660737012618,0.3737404954452186,0.8592585656898125,-0.4318538334384752,-0.0714106307642734,0.3552488611728722,0.2593829688161342,0.391040083647208,-0.8109966860318842,0.3485876690195696,-0.222208968084338,-0.3616710321530933,-0.8253545042446719,0.3443541889758503,0.4181858021235566,0.8577093700141912,-0.2409588718528331,0.3276113793531919,0.7725191521893788,-0.3828998942536581,-0.4123209336762636,0.3245644763065237,-0.687376881795089,-0.4725773035263577,-0.4322617824447107,0.3152320676041251,-0.222717420400398,-0.032025018452463,-0.883324765489648,0.3063441224989154,0,0,0,0,0,0,0,0,0,0,0,0,0,0,0,0,0,0,1,0,0,0,0,0,0,0,0,0,0,0,0,1,0,0,0,0,0,0,0,0,0,0,1,0,0,0,0,0,0,0,0,0,0,0,0,0,0,0,0,0,1,0,0,0,0,0,0,0,0,0,0,0,0,0,0,0,0,0,0,0,0,0,0,0,0,0,0,0,0,0,0,0,0,0,0,0,0,0,1,0,0,0,0,1,0,0,0,0,0,0,0,0,0,0,0,0,0,0,0,0,0,0,0,0,0,0,0,0,0,0,0,0,0,0,0,0,0,0,1,0,0,0,0,1,0,0,0,0,0,0,0,0,0,0,0,0,0,0,0,0,0,0,1,0,0,0,0,0,0,0,0,0,0,0,0,0,0,0,0,0,0,0,0,1,0,0,0,0,0,0,0,0,0,0,0,0,0,0,0,0,0,0,0,0,0,0,0,0,0,0,0,0,0,0,0,0,0,0,1,0,0,0,0,0,0,0,0,0,1,0,0,0,0,0,0,0,0,0,0,0,0,0,1,0,0,0,0,0,0,0,0,0,0,0,0,0,0,0,0,0,0,0,0,0,0,0,0,0,0,0,0,1,0,0,0,0,0,0,0,0,0,0,0,0,0,0,0,0,0,0,0,0,0,0,0,0,0,0,1,0,0,0,0,0,0,0,0,0,1,0,0,0,0,0,0,0,0,0,0,0,0,0,0,0,0,0,0,0,0,0,0,0,0,0,0,0,0,0,1,0,0,0,0,0,0,0,1,0,0,0,0,0,0,0,0,0,0,0,0,0,0,0,0,0,0,0,0,0,0,0,0,0,0,0,0,1,0,0,0,0,0,0,0,0,0,0,0,0,0,0,0,0,0,0,0,0,0,1,0,0,0,0,1,0,0,0,0,0,0,0,0,0,0,0,0,0,0,0,0,0,0,0,0,0,0,0,0,0,1,0,0,0,0,0,0,0,0,0,0,0,0,0,1,0,0,0,0,0,0,0,0,0,0,0,0,0,0,0,0,0,0,0,0,0,0,1,0,0,0,0,0,0,0,0,0,0,0,0,0,0,0,0,1,0,0,0,0,0,0,0,0,0,0,0,0,0,0,0,0,0,0,0,0,1,0,0,0,0,0,0,0,0,0,0,0,0,0,0,0,0,0,0,1,0,0,0,0,0,0,0,0,0,0,0,0,0,0,0,0,0,0,0,0,0,0,0,0,0,1,0,0,0,0,0,0,0,0,0,0,0,0,0,0,0,0,0,0,0,0,0,0,0,0,0,0,1,0,0,0,0,0,0,0,0,0,0,0,0,0,0,0,0,0,0,0,0,1,0,0,0,0,0,0,0,0,0,0,0,0,0,0,0,0,0,0,1,0,0,0,0,0,0,0,0,0,0,0,0,0,1,0,0,0,0,0,0,0,0,0,0,0,0,0,0,0,0,0,0,0,0,0,0,0,0,0,0,0,0,0,1,0,0,0,0,0,1,0,0,0,0,0,0,0,0,0,0,0,0,0,0,0,0,1,0,0,0,0,0,0,0,0,0,0,0,0,0,0,0,0,0,0,0,0,0,0,0,0,0,0,0,0,0,0,0,0,0,1,0,0,0,0,0,0,0,0,0,0,0,0,0,0,0,0,0,0,0,0,0,1,0,1,0,0,0,0,0,0,0,0,0,0,0,0,0,0,0,0,0,0,0,0,0,0,0,0,0,0,0,0,0,0,1,0,0,0,0,0,0,0,0,1,0,0,0,0,0,0,0,0,0,0,0,0,0,0,0,0,0,0,0,0,0,0,0,0,0,0,0,0,0,0,0,0,0,0,1,0,0,0,0,1,0,0,0,0,0,0,0,0,0,0,0,0,0,0,0,0,0,0,0,0,0,1,0,0,0,0,0,0,0,0,0,0,0,0,0,0,0,0,0,0,0,0,0,0,0,1,0,0,0,0,0,0,0,0,0,0,0,0,0,0,0,0,0,0,0,0,0,0,0,0,0,0,0,0,0,0,0,0,1,0,0,0,0,0,0,0,0,0,0,0,1,0,0,0,0,0,0,0,0,0,0,0,0,0,0,0,0,0,0,0,0,0,0,0,1,0,0,0,0,0,0,0,1,0,0,0,0,0,0,0,0,0,0,0,0,0,0,0,0,0,0,0,0,0,0,0,0,0,0,0,1,0,0,0,0,0,0,0,0,0,0,0,0,0,0,0,0,0,0,0,1,0,0,0,0,0,0,0,0
8.59,64,1.0,-1.9602085253249e-18,-1.1143908401273849e-17,1.0535499092221363,-0.657844869195281,0.0176983178222438,0.6394368885536605,0.5740742337728146,0.8084380951876527,0.5867555846476978,-1.3145706855681157e-17,0.5718848411423735,0.7959670812082246,-0.5739078020619508,-0.0996572134510435,0.5463748440480962,-0.1484121772656657,0.936774022333018,-0.1668644847309549,0.4844012745237711,-0.0815021612527006,-0.970518827881834,-0.1862521587387429,0.4769714850486523,-0.5404447518848572,-0.2235613169647066,-0.7809058180520787,0.4761817775855893,0.3102725446127887,-0.9372047410861596,0.0110861185363917,0.4623517083479909,0.3421313730176501,0.924705659441503,0.0754199072194409,0.4500069323706325,-0.8191320659476512,-0.0608710944663675,-0.4981183536604946,0.4245157670888656,0.1515235615697992,-0.3657946129231593,-0.8912181479332737,0.4212106282749334,0.8358526400320289,-0.443381042532312,0.1996118672850046,0.4138490217364849,0.1387986472984464,-0.8234261551047017,0.4839692183703742,0.4062849710500481,-0.1530854306586798,0.762356371479425,-0.5610240672807736,0.3960660946303321,-0.3800921645755527,0.870276244263063,0.0207490422763,0.3850293640698919,0.7170790977587295,-0.4253553300387597,-0.5185696518707892,0.3838862131424945,0.4519277596876135,-0.255136553849574,-0.8312764227317396,0.3801929318647544,0.8967262291842492,0.4148311717839565,-0.0964800667774415,0.3787759199755799,-0.7979711818912394,-0.011366534113286,0.483282926132512,0.3773356938830967,0.2266519246942065,0.826034149478984,0.4869578324839837,0.358855197298382,-0.8964112243457174,-0.3111617609764239,-0.1664034005329276,0.3479954646950202,-0.8216527149696283,0.3388548308094833,-0.3890584667368429,0.3297562923654566,-0.7689878405217999,-0.613486469185483,-0.0058841040929821,0.3270693905487554,-0.0069454134600136,-0.6871619129200532,0.6070903751275389,0.3022260143868011,0.0235059532910232,-0.5978669386907356,0.7164775033413597,0.3018095867670743,0,0,0,0,0,0,0,0,0,0,0,0,0,0,0,0,0,0,0,1,0,0,0,0,0,0,0,0,0,0,0,1,0,0,0,0,0,0,0,0,0,0,0,0,0,0,0,0,0,0,0,0,0,0,0,1,0,0,0,0,0,0,0,0,0,0,0,0,0,0,0,0,0,0,0,0,1,0,0,0,0,0,0,0,0,0,0,0,0,0,0,0,0,0,0,0,0,0,1,0,1,0,0,0,0,0,0,0,0,0,0,0,0,0,0,0,0,0,0,0,0,0,0,0,0,0,0,0,0,0,0,0,0,0,0,0,0,0,0,1,0,0,0,1,0,0,0,0,0,0,0,0,0,0,0,0,0,0,0,0,0,0,0,0,0,0,0,0,0,0,0,0,0,0,0,0,0,0,1,0,0,0,0,0,0,0,0,0,0,0,0,1,0,0,0,0,0,0,0,0,0,0,0,0,0,0,0,0,0,0,0,0,0,0,0,0,0,0,0,1,0,0,0,0,0,0,0,0,1,0,0,0,0,0,0,0,0,0,0,0,0,0,0,0,0,0,0,0,0,0,0,1,0,0,0,0,0,0,0,0,0,0,0,0,0,0,0,0,0,0,0,0,0,0,0,0,1,0,0,0,0,0,0,0,0,0,0,0,0,0,0,0,0,0,0,0,0,0,0,1,0,0,0,1,0,0,0,0,0,0,0,0,0,0,0,0,0,0,0,0,0,0,0,0,0,0,0,0,0,0,0,0,0,0,0,0,0,0,1,0,0,0,0,1,0,0,0,0,0,0,0,0,0,0,0,0,0,0,0,0,0,0,0,0,0,0,0,0,0,0,0,1,0,0,0,0,0,0,0,0,1,0,0,0,0,0,0,0,0,0,0,0,0,0,0,0,0,0,0,0,0,0,0,1,0,0,0,0,0,0,0,0,0,0,0,0,0,0,0,0,0,0,0,0,0,1,0,0,0,0,0,0,0,0,0,0,0,0,0,0,0,0,0,0,0,0,0,0,0,0,0,0,0,0,0,0,0,0,0,1,0,0,0,0,0,0,1,0,0,0,0,0,0,0,0,0,0,0,0,0,0,0,0,0,0,0,0,0,0,0,0,0,0,0,0,0,0,0,0,1,0,0,0,1,0,0,0,0,0,0,0,0,0,0,0,0,0,0,0,0,0,0,1,0,0,0,0,0,0,0,0,0,0,0,0,0,0,0,0,0,1,0,0,0,0,0,0,0,0,0,0,0,0,0,0,0,0,0,0,0,0,0,0,0,0,0,0,0,0,0,0,0,0,0,0,0,0,0,1,0,0,0,0,0,0,1,0,0,0,0,0,0,0,0,0,0,0,0,0,0,0,0,0,0,0,0,0,0,0,0,0,0,0,0,0,0,0,0,0,1,1,0,0,0,0,0,0,0,0,0,0,0,0,0,0,0,0,0,0,0,0,0,0,1,0,0,0,0,0,0,0,0,0,0,0,0,0,0,0,0,0,0,0,0,0,0,0,0,0,0,0,1,0,0,0,0,0,0,0,0,0,0,0,0,0,0,0,0,0,0,0,0,0,0,0,0,0,0,1,0,0,0,0,0,0,0,0,0,0,0,0,0,0,0,0,0,1,0,0,0,0,0,0,0,0,0,0,0,0,0,0,0,0,0,0,1,0,0,0,0,1,0,0,0,0,0,0,0,0,0,0,0,0,0,0,0,0,0,0,0,0,0,0,0,0,0,0,0,0,0,0,0,0,0,0,0,0,0,1,0,0,0,0,1,0,0,0,0,0,0,0,0,0,0,0,0,0,0,0,0,0,0,0,0,0,0,0,0,0,0,0,1,0,0,0,0,0,0,0,0,0,0,0,1,0,0,0,0,0,0,0,0,0,0,0,0,0,0,0,0,0,0,1,0,0,0,0,0,0,0,0,0,0,0,0,0,0,0,0,0,0,0,0,0,0,0,0,0,0,0,0,1,0,0,0,0,0,0,0,0,0,0,0,0,0,0,0,0,0,0,0,1,0,0,0,0,0,0,0,0,0,0,0,0,0,0,1,0,0,0,0,0,0,0,0,0,0,0,0,0,0,0,0,0,0,0,0,0,0,0,0,0,0,0,0,0,0,0,0,1,0,0,0,0,0,0,0,0,1,0,0,0,0,0,0,0,0,0,0,0,0,0,0,0,0,0,0,0,0,0,0,0,0,0,0,0,0,0,0,1,0,0,0,0,0,0,0,0,1,0,0,0,0,0,0,0,0,0,0,0
8.75,65,1.0,-3.81974937708067e-18,-2.63363709895351e-19,1.0525980091745182,-0.6827308515186244,-0.1169662936179878,-0.3718377516339201,0.5832588262947243,0.7788869305671708,0.6110559215540463,4.981564612846984e-18,0.564616573594668,0.7841185338331111,-0.4945705594657187,0.308727348325268,0.5556180652826257,0.3350838766204215,-0.897057170394843,0.2214674371450983,0.4662860608856238,0.6365342480945697,-0.3169866096833281,0.6482682312280053,0.453028369246411,-0.3465494863400652,0.8253292120175733,-0.0106931592439543,0.4493215416878855,0.3863937210315727,0.8415109432108814,-0.2916868165047012,0.4357772098609072,-0.1020786635694315,0.5348362547579872,-0.7184466897464117,0.4212106282749334,0.2358834534356804,0.6165932958677944,-0.6788296616733333,0.4149896118534603,0.2185152164840141,-0.907437105724712,0.0692599576592007,0.3938925820824309,-0.0152604894971515,0.9327355654354752,-0.0479169076368814,0.3925891919373262,-0.1196250883997951,-0.8308110209209444,0.5080063652346298,0.3922449345612761,-0.1517276081972164,-0.5252830673925384,0.789710351901048,0.3908622944383246,0.8273171425955015,0.4910215084235469,0.173734494751417,0.3784263610569447,0.7030410925428117,-0.3518394065630982,-0.5158650946324636,0.3702591771904662,-0.7014634029004179,-0.0618774877895006,-0.4561635430054427,0.3698803115281039,0.2967914495813712,-0.9147548658101416,0.0670615617565489,0.3616901944009674,0.8787575292767418,-0.3759336067134195,0.0395772365011198,0.3527076371912275,0.2174026512739983,-0.4430275157313631,-0.7811872888229104,0.3519838219758224,0.3862343452197473,0.3703115575943249,-0.7895871308432146,0.3280839850298234,0.8399473636890487,-0.3136997652344934,-0.3146497149363285,0.2984391457492518,-0.1503616212169113,-0.2692983259411441,-0.8560239054182963,0.2748237582860057,-0.031322632031548,0.9361830529686476,0.2571064201386289,0.2686195123952857,-0.411853234587163,-0.8377814270421818,0.3302824155727978,0.2374438864528144,0,0,0,1,0,0,0,0,0,0,0,0,0,0,0,0,0,0,0,0,0,0,0,0,0,0,0,0,0,0,0,1,0,0,0,0,0,0,0,0,0,0,0,0,0,0,0,0,0,0,0,1,0,0,0,0,0,0,0,0,0,0,0,0,0,0,0,0,0,0,0,0,0,0,0,0,1,0,0,0,0,0,0,0,0,0,0,0,0,0,0,0,0,0,0,0,0,0,0,1,1,0,0,0,0,0,0,0,0,0,0,0,0,0,0,0,0,0,0,0,0,0,0,1,0,0,0,0,0,0,0,0,0,0,0,0,0,0,0,0,0,0,0,1,0,0,0,0,0,0,0,0,0,0,0,0,0,0,0,0,0,0,0,1,0,0,0,0,0,0,0,0,0,0,0,0,0,0,0,0,0,0,0,1,0,0,0,0,0,0,0,0,0,0,0,0,0,0,0,0,0,0,0,1,0,0,0,0,0,0,0,0,0,0,0,0,0,0,0,0,0,0,0,0,0,0,1,0,0,0,0,0,0,0,0,0,0,0,0,0,0,0,0,0,0,0,0,0,0,0,0,0,0,0,0,0,0,0,0,1,0,0,0,0,0,0,0,0,1,0,0,0,0,0,0,0,0,0,0,0,0,0,0,0,0,0,0,0,0,0,0,0,0,0,0,0,0,0,0,1,0,0,0,1,0,0,0,0,0,0,0,0,0,0,0,0,0,0,0,0,0,0,0,0,0,0,0,0,0,0,0,0,0,0,0,0,0,0,0,1,0,0,0,0,0,1,0,0,0,0,0,0,0,0,0,0,0,0,0,0,0,0,0,0,0,0,0,0,0,0,0,0,0,0,0,0,0,0,0,1,0,0,0,0,0,0,0,0,0,0,0,1,0,0,0,0,0,0,0,0,0,0,0,1,0,0,0,0,0,0,0,0,0,0,0,0,0,0,0,0,0,0,0,0,0,0,0,0,1,0,0,0,0,0,0,0,0,0,0,0,0,0,0,0,0,0,0,0,0,0,0,0,0,0,0,0,0,0,0,1,0,0,0,1,0,0,0,0,0,0,0,0,0,0,0,0,0,0,0,0,0,0,0,1,0,0,0,0,0,0,0,0,0,0,0,0,0,0,0,0,1,0,0,0,0,0,0,0,0,0,0,0,0,0,0,0,0,0,0,0,0,0,0,1,0,0,0,0,0,0,0,0,0,0,0,0,0,0,0,0,0,0,0,0,0,0,0,0,0,0,0,0,0,0,0,0,1,0,0,0,0,0,0,0,0,0,0,0,0,0,0,0,0,0,0,0,0,0,0,1,0,0,0,0,0,0,0,0,0,0,0,0,0,0,0,0,1,0,0,0,0,0,0,0,0,0,0,0,0,0,0,0,0,0,0,1,0,0,0,0,0,0,0,0,0,1,0,0,0,0,0,0,0,0,0,0,0,0,0,0,0,0,0,0,0,0,0,0,0,0,0,1,0,0,0,0,0,0,0,0,1,0,0,0,0,0,0,0,0,0,0,0,0,0,0,0,0,0,0,0,0,0,0,1,0,0,0,0,0,0,0,0,0,0,0,0,0,0,0,0,0,0,0,0,0,0,0,0,1,0,0,0,0,0,0,0,0,0,0,0,0,0,0,1,0,0,0,0,0,0,0,0,0,0,0,0,0,0,0,0,1,0,0,0,0,0,0,0,0,0,0,0,0,0,0,0,0,0,0,0,0,0,1,0,0,0,0,0,0,0,0,0,0,0,0,0,0,0,0,0,0,0,0,0,0,0,0,0,0,0,0,0,0,0,0,0,1,0,0,0,0,0,0,0,0,0,0,0,0,0,0,0,0,0,0,0,0,0,1,0,1,0,0,0,0,0,0,0,0,0,0,0,0,0,0,0,0,0,0,0,0,0,0,0,0,0,0,0,0,0,0,0,0,0,0,1,0,0,0,0,0,0,0,0,0,0,0,0,0,0,0,1,0,0,0,0,0,0,0,0,0,0,1,0,0,0,0,0,0,0,0,0,0,0,0,0,0,0,0,0,1,0,0,0,0,0,0,0,0,0,0,0,0,0,0,0,0,0,0,0,0,0,0,0,0,0,0,0,0,0,0,0,0,0,0,0,0,0,0,1,0,0,0,1,0,0,0,0,0,0,0,0,0,0,0,0,0,0,0,0,0,0,0,1,0,0,0,0,0,0,0,0,0,0,0,0,0,0,0,0,0,0,0,0,0,0,0,0,0,0,0,0,0,0,0,0,1,0,0,0
7.33,66,1.0,-3.7719138763573545e-18,-1.3205184091556778e-18,1.052197106972821,-0.767823689260375,-0.0627908244598446,0.0857158396378054,0.5753786100942426,0.8251270221633018,0.5571497275004631,6.315750249570559e-18,0.5706232894556134,0.7866707034793248,-0.5377975418247523,0.1729830723495684,0.5531850551147027,0.3029221896547823,-0.9201571501129348,0.1893684218215267,0.4730179054324714,-0.0376370023990271,-0.918490299416516,0.2197692048823913,0.4705360223265358,0.0767513805563495,0.7386777397040483,-0.5224815583566038,0.46410463699218,0.3914174731743621,0.8727364808856463,-0.1588573521298944,0.4578173297022382,0.0920234665817871,-0.929162542371721,0.1587241308342238,0.4472813045952465,0.7141072762851052,-0.3476361956185175,0.5106947689911555,0.4439635230185425,-0.0740512895978843,-0.4721119435506068,-0.7750441714970571,0.4299583381239775,0.5407306778573119,-0.3042203777017747,-0.6914513234740601,0.4012074630768668,0.0899198028343322,0.909059290527306,0.1781442318342328,0.3924502582348252,-0.3833910361009848,-0.2956827720082728,-0.7320652287834626,0.3846570403000587,-0.0118347070323223,0.8021325283934102,0.3578140069878477,0.3834725937193372,-0.8100914278753681,-0.0198166144958724,-0.0818663287071957,0.3777005209970523,0.8788579153720665,0.426557720654931,0.0683324489780367,0.3756654599958638,-0.1807163948610793,0.7541573917905289,-0.4339594794118886,0.3702591771904662,0.1942514451951464,0.4637910274650261,-0.7584356489441977,0.3690619662486996,0.8129415006713362,-0.4441325298041568,-0.1650579053492868,0.3632939555505247,-0.6003325594368775,-0.6580867707859409,-0.2739531160234138,0.339515776152124,0.6906114196455567,-0.3806438262705308,-0.4916837041714453,0.332897376411023,-0.0835788407402964,0.8212908298823871,0.3227707769445138,0.3291480613901864,-0.6146340818221226,-0.4446499601300173,-0.4710380017098071,0.3281262281839746,0.4417492821874786,0.852540303388065,-0.1768892378046306,0.3260883493388623,0,0,0,0,0,0,0,0,0,0,0,0,0,0,0,1,0,0,0,0,0,0,0,0,0,0,0,0,0,0,0,1,0,0,0,0,0,0,0,0,0,0,1,0,0,0,0,0,0,0,0,0,0,0,0,0,0,0,0,0,0,0,0,0,0,0,0,0,0,0,0,0,0,0,0,0,1,0,0,0,0,0,0,1,0,0,0,0,0,0,0,0,0,0,0,0,0,0,0,0,1,0,0,0,0,0,0,0,0,0,0,0,0,0,0,0,0,0,0,0,0,0,0,0,0,0,0,0,0,0,0,0,0,0,0,1,0,0,0,0,0,0,0,1,0,0,0,0,0,0,0,0,0,0,0,0,0,0,0,0,0,0,0,0,0,0,0,0,0,0,0,0,0,0,0,1,0,0,0,0,0,0,0,1,0,0,0,0,0,0,0,0,0,0,0,0,0,0,0,0,0,0,0,0,0,0,0,0,0,0,0,0,0,0,0,1,0,0,0,0,0,0,0,0,0,0,0,0,1,0,0,0,0,0,0,0,0,0,0,0,0,0,0,1,0,0,0,0,0,0,0,0,0,0,0,0,0,0,0,0,0,0,0,0,0,0,0,0,0,0,0,1,0,0,0,0,0,0,0,0,0,0,0,1,0,0,0,0,0,0,0,0,0,0,0,0,0,0,0,0,0,0,0,1,0,0,0,0,0,0,0,0,0,0,0,0,0,0,0,0,0,0,0,0,0,0,0,0,0,0,0,0,0,0,0,1,0,0,0,0,0,0,0,0,0,0,0,0,1,0,0,0,0,0,0,0,0,0,0,0,0,0,0,0,0,0,0,0,0,0,0,0,0,0,0,1,0,0,0,0,0,0,0,0,0,0,1,0,0,0,0,0,0,0,0,0,0,0,0,0,0,0,0,0,0,0,0,0,0,0,0,0,0,0,0,0,0,0,1,0,0,0,0,0,0,0,0,0,0,0,0,0,0,0,0,0,1,0,0,0,0,0,0,0,0,0,0,0,0,1,0,0,0,0,0,0,0,0,0,0,0,0,0,0,0,1,0,0,0,0,0,0,0,0,0,0,0,0,0,0,0,0,0,1,0,0,0,0,0,0,0,0,0,0,0,0,0,0,0,0,0,0,0,1,0,0,0,0,0,0,0,0,0,0,0,0,0,0,0,0,0,0,0,0,0,0,0,0,0,0,0,0,0,0,0,0,0,0,1,0,1,0,0,0,0,0,0,0,0,0,0,0,0,0,0,0,0,0,0,0,0,0,0,1,0,0,0,0,0,0,0,0,0,0,0,0,0,0,0,0,0,0,0,0,0,0,0,0,1,0,0,0,0,0,0,0,0,0,0,0,0,0,1,0,0,0,0,0,0,0,0,0,0,0,0,0,0,0,0,0,1,0,0,0,0,0,0,0,0,0,0,0,0,0,0,0,0,0,0,0,0,0,0,1,0,0,0,0,0,0,0,0,0,0,0,0,0,0,0,0,0,0,0,0,0,0,0,0,0,0,0,0,0,0,0,0,1,0,0,0,0,0,0,1,0,0,0,0,0,0,0,0,0,0,0,0,0,0,0,0,0,0,0,0,0,1,0,0,0,0,0,0,0,0,0,0,0,0,0,0,0,0,0,0,0,0,0,0,0,0,0,0,0,0,0,0,0,0,0,1,1,0,0,0,0,0,0,0,0,0,0,0,0,0,0,0,0,0,0,0,0,0,0,0,0,0,0,0,0,0,0,0,0,0,0,1,0,0,0,0,1,0,0,0,0,0,0,0,0,0,0,0,0,0,0,0,0,0,0,0,0,0,0,0,0,0,0,0,0,0,0,0,0,0,0,0,0,0,1,0,0,0,0,0,0,0,1,0,0,0,0,0,0,0,0,0,0,0,0,0,0,0,0,0,0,0,0,0,0,1,0,0,0,0,0,0,0,0,0,0,0,0,0,0,0,0,0,0,0,0,0,1,0,0,0,0,0,0,0,0,0,0,0,1,0,0,0,0,0,0,0,0,0,0,0,0,0,0,0,0,0,0,0,0,0,0,0,0,1,0,0,0,0,0,0,0,0,0,0,0,0,0,0,0,0,0,0,0,0,0,0,0,0,0,0,0,0,0,1,0,0,0,0,1,0,0,0,0,0,0,0,0,0,0,0,0,0,0,0,0,0,0,0,1,0,0,0,0,0,0,0,0,0,0,0,0,0,0,0,0,0,0,0,0,0,0,1,0,0,0,0,0,0,0,0,0,0,0,0,0
8.28,67,1.0,1.5312307385475001e-18,2.1376275751830223e-18,1.0552821414649065,-0.7490579465392403,0.1311530769708961,0.5708575591324015,0.5917847310283598,0.8110873982466291,0.5824183111488236,-1.5966063951649118e-17,0.571723409105758,0.8056278073895727,-0.5771138030066847,-0.0876629371675669,0.5422469592884369,-0.0188244688350233,-0.9504400862367548,-0.1548591069335135,0.4873907946429571,-0.4579163671176669,-0.1516967917797896,-0.8627215405559199,0.4782926199167606,-0.1266488573192601,0.9480423784298756,-0.2317756854648272,0.4704033196363991,0.3135623943342257,-0.9415368375406228,0.0107741901790557,0.4623187615828993,0.3368278746398863,0.932246665469912,0.0685578813045362,0.4513823006524601,0.2720942771427226,-0.1564523133935734,-0.9202451505212108,0.4399994213479202,-0.7688502265843893,0.0213504264559737,-0.6090177270183366,0.4227872593603511,-0.3901529248807655,0.8889356075515387,-0.0279521224188961,0.4012074630768668,0.8668971867197588,-0.4404877655117361,0.1658152049836064,0.3977837388929139,-0.8628998421425592,0.1331314688530886,0.4030861133871311,0.3822421975299241,-0.0951162943681757,0.7723783444162943,-0.6047424496401477,0.3806110594766081,0.7461936680760234,-0.4240627408530538,-0.502080380486129,0.3782445788671572,0.9077007245193534,0.4031592163034784,-0.0718664991494275,0.3764049878444994,0.182104874542854,0.8327904370009425,0.5085584150263657,0.3715450727202383,0.4959614908884659,-0.2510788375220106,-0.8257720151053537,0.3692519058753643,0.1257642875961266,-0.8426801305901539,0.4924349992276946,0.3607304305362434,-0.9142376661136512,-0.2338033708850952,-0.2631610401880325,0.3565134159260973,-0.8312231913896643,-0.5044140188344173,-0.143913426801743,0.3402960531525374,0.1120452269158754,-0.6461338072508178,0.7194632188723185,0.3162158050169942,-0.7397809622012427,0.3833983243665049,-0.5214870607681641,0.3100396972318537,-0.9722712578811892,-0.0544624990289138,0.0932016414942449,0.3019159919017495,0,0,0,0,0,0,0,0,0,1,0,0,0,0,0,0,0,0,0,0,0,0,0,0,0,0,0,0,0,0,0,1,0,0,0,0,0,0,0,0,0,0,0,0,0,0,0,0,0,0,0,0,0,0,0,0,0,0,1,0,0,0,0,0,0,0,0,0,0,0,0,0,0,0,0,0,1,0,0,0,0,0,0,0,0,0,0,0,0,0,0,0,0,0,0,1,0,0,0,0,1,0,0,0,0,0,0,0,0,0,0,0,0,0,0,0,0,0,0,0,0,0,0,0,0,0,0,0,0,1,0,0,0,0,0,0,0,0,0,0,0,0,0,1,0,0,0,0,0,0,0,0,0,0,0,0,0,0,0,0,0,0,0,0,0,0,0,0,0,1,0,0,0,0,0,0,0,0,0,0,0,0,0,0,0,0,0,0,1,0,0,0,0,0,0,0,0,0,0,0,0,0,0,0,0,0,0,0,0,0,0,0,0,0,0,0,0,0,0,1,0,0,0,0,0,0,0,0,0,0,0,0,0,0,0,0,1,0,0,0,0,0,0,0,0,0,0,0,0,0,0,0,0,0,0,1,0,0,0,0,0,0,0,0,0,0,0,0,0,0,0,1,0,0,0,0,0,0,0,0,0,0,0,0,0,0,0,0,0,1,0,0,0,0,0,0,0,0,0,0,0,0,0,1,0,0,0,0,0,0,0,0,0,0,0,0,0,0,0,0,0,0,0,0,0,0,0,0,0,0,0,0,0,0,0,1,0,0,0,0,0,0,0,1,0,0,0,0,0,0,0,0,0,0,0,0,0,0,0,0,0,0,0,0,0,0,0,0,0,0,0,0,0,0,0,0,0,0,0,1,0,0,0,0,0,1,0,0,0,0,0,0,0,0,0,0,0,0,0,0,0,0,0,0,0,0,0,0,0,0,0,0,0,0,0,0,0,0,0,1,1,0,0,0,0,0,0,0,0,0,0,0,0,0,0,0,0,0,0,0,0,0,0,0,0,0,0,0,0,0,0,0,0,0,0,1,0,0,0,0,0,0,0,0,0,1,0,0,0,0,0,0,0,0,0,0,0,0,0,0,0,0,0,0,0,0,0,0,0,1,0,0,0,0,0,0,0,0,0,0,0,0,0,0,0,0,1,0,0,0,0,0,0,0,0,0,0,0,0,0,0,0,0,0,0,0,0,0,0,0,0,0,0,0,0,0,0,0,1,0,1,0,0,0,0,0,0,0,0,0,0,0,0,0,0,0,0,0,0,0,0,0,0,1,0,0,0,0,0,0,0,0,0,0,0,0,0,0,0,0,1,0,0,0,0,0,0,0,0,0,0,0,0,0,0,0,0,0,0,0,0,0,0,0,0,0,0,0,0,1,0,0,0,0,0,0,0,0,0,0,1,0,0,0,0,0,0,0,0,0,0,0,0,0,0,0,0,0,0,0,0,0,0,0,0,0,0,0,0,0,0,0,0,0,0,1,0,0,0,0,0,0,0,0,0,0,0,0,0,0,0,0,0,0,0,0,1,0,0,0,0,0,0,0,0,0,0,0,0,0,0,0,0,0,0,1,0,0,0,0,0,0,0,1,0,0,0,0,0,0,0,0,0,0,0,0,0,0,0,0,0,0,0,0,0,0,0,0,0,0,0,0,0,0,0,0,0,0,0,1,0,0,0,0,0,0,0,0,0,0,0,1,0,0,0,0,0,0,0,0,0,0,0,0,0,0,0,0,0,1,0,0,0,0,0,0,0,0,0,0,0,0,0,1,0,0,0,0,0,0,0,0,0,0,0,0,0,0,0,0,0,0,0,0,0,0,0,0,0,0,0,0,0,0,0,0,0,0,0,1,0,0,0,1,0,0,0,0,0,0,0,0,0,0,0,0,0,0,0,0,0,0,0,0,0,0,0,0,0,0,0,0,0,0,0,0,0,0,0,1,0,0,0,0,0,0,1,0,0,0,0,0,0,0,0,0,0,0,0,0,0,0,0,0,0,0,0,0,0,1,0,0,0,0,0,0,0,0,0,0,0,0,0,0,0,0,0,0,1,0,0,0,0,0,0,0,0,0,0,0,0,0,0,1,0,0,0,0,0,0,0,0,0,0,0,0,0,0,0,0,0,0,0,0,0,0,0,0,0,0,0,1,0,0,0,0,0,0,0,0,0,0,0,0,0,0,0,0,0,0,0,0,0,0,0,0,0,0,0,1,0,0,0,0,0,0,0,0,0,0,0,1,0,0,0,0,0,0,0,0
9.13,68,1.0,2.966036025339297e-17,8.881500261991196e-18,1.0547091225938463,-0.6287780278956243,-0.1012460809203164,0.2770062592088289,0.595301354221016,0.7812781332661479,-0.5470095982025305,0.0109660930633617,0.554904203413457,0.807498736551449,0.5852700541368538,-9.057677413674276e-18,0.5473476648728864,0.312798643235623,-0.9193008721350978,0.1088087547009583,0.4626038253571584,0.0222788926709139,0.8453157131562552,-0.2605254508940938,0.4538369151376885,-0.2927818854143156,0.7225921012458105,-0.1125766978156445,0.4399994213479202,-0.3291626144591616,-0.2448510567829331,-0.7299179056705418,0.434667004073271,0.3871646368075218,0.8826145015872642,-0.0037996553809077,0.4338654680434985,-0.0127363151588825,-0.969398345300874,-0.0880082583148006,0.4255390924021227,0.251350053162539,-0.4317503209921937,-0.7358653635980733,0.4247200288712983,0.7972970635939374,-0.3603725515324782,0.2821892352668026,0.4205801916056195,0.0729526077076595,-0.8169607264010658,0.4446571934603391,0.4091056626744481,0.7225686984986319,-0.419026848076913,-0.3781383467668381,0.3840628943120324,-0.0039040758404471,0.6769030353897812,-0.5639566528673743,0.3804508079134257,-0.7298330011759548,-0.0372954218595975,0.1845884160863165,0.38022705387903,0.5108883213538964,-0.3153446086407575,-0.6662816413931425,0.379121643476508,-0.0510478515075004,0.6751390476114048,0.4310492012224672,0.3713580310854369,0.8735224022435226,0.4430622029493902,-0.0458098156091468,0.3697151523941768,0.186152017360308,0.8241840672109524,0.3444488318111124,0.3652418251730077,-0.7504704201086155,-0.027984186508557,-0.4648534247915466,0.3260411589270235,-0.0949088750414532,-0.6449357159518819,0.5299693195057624,0.3195624289871304,-0.105261084929051,-0.7349312309144631,0.5029118910272887,0.3006868864546606,0.4239651135931138,0.8831667131519675,-0.1002862289210543,0.2567675942524879,0.0951461563855744,0.7123445605546735,-0.6380662881609538,0.2495929821688033,0,0,0,0,0,0,0,0,0,0,0,0,0,0,0,0,0,0,0,1,0,0,0,0,0,0,0,0,0,0,0,1,0,0,0,0,0,0,0,0,0,0,0,0,0,0,0,0,0,0,0,0,0,0,0,0,0,0,0,1,0,0,0,0,0,0,0,0,0,0,0,0,0,0,0,0,1,0,0,0,0,0,0,0,0,0,0,0,0,0,0,0,0,0,0,0,0,0,0,1,0,0,0,1,0,0,0,0,0,0,0,0,0,0,0,0,0,0,0,0,0,0,0,0,0,0,0,0,0,1,0,0,0,0,0,0,0,0,0,0,1,0,0,0,0,0,0,0,0,0,0,0,0,0,0,0,0,0,0,0,0,0,0,0,0,0,0,0,0,0,0,0,0,0,0,0,0,0,0,1,0,0,0,1,0,0,0,0,0,0,0,0,0,0,0,0,0,0,0,0,0,0,0,0,0,0,0,0,0,1,0,0,0,0,0,0,0,0,0,0,0,0,0,0,0,0,0,0,0,0,0,1,0,0,0,0,0,0,0,0,0,0,0,0,0,0,0,0,0,1,0,0,0,0,0,0,0,0,0,0,0,0,0,0,0,1,0,0,0,0,0,0,0,0,0,0,0,0,0,0,0,0,0,1,0,0,0,0,0,0,0,0,0,0,0,0,0,0,0,0,0,0,0,0,0,0,0,0,0,0,0,0,0,0,0,0,1,0,0,0,0,0,0,0,0,0,0,0,0,1,0,0,0,0,0,0,0,0,0,0,0,0,0,1,0,0,0,0,0,0,0,0,0,0,0,0,0,0,0,0,0,0,0,0,0,0,0,0,0,0,0,0,0,0,0,0,0,0,0,1,0,0,0,0,0,0,0,0,1,0,0,0,0,0,0,0,0,0,0,0,1,0,0,0,0,0,0,0,0,0,0,0,0,0,0,0,0,0,0,0,0,0,0,0,0,1,0,0,0,0,0,0,0,0,0,0,0,0,0,0,0,0,0,0,0,0,0,0,0,0,0,0,0,0,0,0,0,0,0,1,0,0,0,0,0,0,1,0,0,0,0,0,0,0,0,0,0,0,0,0,0,0,0,0,0,0,0,0,0,0,0,0,0,0,0,0,0,0,0,1,0,0,0,1,0,0,0,0,0,0,0,0,0,0,0,0,0,0,0,0,0,0,0,0,0,0,0,0,0,0,0,0,0,0,0,0,0,0,0,1,1,0,0,0,0,0,0,0,0,0,0,0,0,0,0,0,0,0,0,0,0,0,0,0,0,0,0,0,0,0,0,0,0,0,0,1,0,0,0,0,1,0,0,0,0,0,0,0,0,0,0,0,0,0,0,0,0,0,0,0,0,0,0,0,0,0,0,0,0,0,0,0,0,0,0,0,0,0,0,1,1,0,0,0,0,0,0,0,0,0,0,0,0,0,0,0,0,0,0,0,1,0,0,0,0,0,0,0,0,0,0,0,0,0,0,0,0,0,0,0,0,0,0,0,0,0,0,0,0,0,0,1,0,0,0,0,0,0,0,0,0,0,0,0,0,0,0,0,0,1,0,0,0,0,0,0,0,0,0,0,0,0,0,0,0,0,0,0,1,0,0,0,0,0,0,0,0,0,0,0,0,0,0,0,0,0,0,0,0,1,0,0,0,0,0,0,0,0,0,0,0,0,0,0,0,0,0,0,0,0,0,0,0,0,0,0,1,0,0,0,0,0,0,0,0,0,0,0,0,1,0,0,0,0,0,0,0,0,0,0,0,0,0,1,0,0,0,0,0,0,0,0,0,0,0,0,0,0,0,0,0,0,0,1,0,0,0,0,0,0,0,0,0,0,0,0,0,0,0,0,1,0,0,0,0,0,0,0,0,0,0,0,0,0,0,0,0,0,0,0,0,0,0,0,0,0,0,0,0,0,0,0,0,0,0,0,0,0,0,1,0,0,0,0,0,0,0,0,1,0,0,0,0,0,0,0,0,0,0,0,0,0,0,0,0,0,0,0,0,0,0,0,0,0,0,0,0,0,0,1,0,0,0,0,0,0,0,0,1,0,0,0,0,0,0,0,0,0,0,0,0,0,0,0,0,0,0,0,0,1,0,0,0,0,0,0,0,0,0,0,0,0,0,0,0,0,1,0,0,0,0,0,0,0,0,0,0,0,0,0,0,0,0,0,0,0,0,0,0,0,0,0,0,0,0,1,0,0,0,0,0,0,0,0,0,0,0,0,0,0,0,0,0,0,0,0,1,0,0,0
8.33,69,1.0,1.854749109393801e-18,4.012088383625944e-17,1.0512320808062785,0.8038650297309937,0.5814769505668056,3.822309016920605e-17,0.5955986277181886,-0.6576475326529241,-0.3161581022056254,-0.3755576185732073,0.5954565064172624,0.7556906901412679,-0.5099416721291938,0.3248779406798693,0.5716128567233272,0.2626807759604205,-0.9019257526864672,0.2835799744023713,0.4862921226912385,0.6045230553807757,-0.3019475069695641,0.6658133996955311,0.4708052571051494,0.3803649875362274,0.8352353313166491,-0.2616583184396327,0.4589105819396011,-0.0259561636658574,-0.911440766185495,0.2682411927448195,0.4377513656073472,0.1940740462440622,0.6066478552006229,-0.6434230768813287,0.4311558691609384,-0.1158448963906423,0.5364005184302734,-0.6419426161943144,0.4247200288712983,0.0445636433931025,-0.9066088230398414,0.2002986999636345,0.4175446647632608,-0.3691866843024723,0.7620440249045044,-0.0544410814411876,0.4161238433708282,-0.0059430895356971,0.906065515246541,-0.0015952020526513,0.4081389657293015,0.6483133814813495,-0.415934786156822,-0.5319141708770642,0.4016125829951811,0.8474616257217852,0.463508785660819,0.1534309274029307,0.389536372774402,-0.6876719852448204,-0.2138445178653263,-0.4415742162836396,0.3750896261152448,0.1848870839942188,-0.8805896508149091,0.3607706753794411,0.3668292755749588,0.831492072979875,-0.4362340960739961,0.030791118833807,0.3606911719580531,0.2020618904920712,-0.4057528346070794,-0.7929616934687433,0.3400237619202209,0.7738753208506296,-0.4163634863708945,-0.3139700459981032,0.33106012172955,0.3540419440922456,0.3841779488310227,-0.7528653663159257,0.3237823814505428,-0.0676624868845992,-0.3013039087108864,-0.8392944793667605,0.3207707118635542,-0.0143705403680133,0.8883916454222283,0.3214118007333547,0.2928081678823772,0.4044530093231071,0.8216240267019047,-0.2479094618158918,0.2642505232548098,-0.7889693476196471,0.1959147993073308,-0.2346964565066618,0.2567724037436279,1,0,0,0,0,0,0,0,0,0,0,0,0,0,0,0,0,0,0,0,0,0,0,0,0,0,0,0,0,0,0,1,0,0,0,0,0,0,0,0,0,0,0,0,0,0,0,0,0,0,0,0,0,0,0,0,0,0,0,1,1,0,0,0,0,0,0,0,0,0,0,0,0,0,0,0,0,0,0,0,0,0,0,1,0,0,0,0,0,0,0,0,0,0,0,0,0,0,0,0,0,0,0,0,0,0,0,0,0,0,0,0,0,0,0,0,1,0,0,0,1,0,0,0,0,0,0,0,0,0,0,0,0,0,0,0,0,0,0,0,0,0,0,1,0,0,0,0,0,0,0,0,0,0,0,0,0,0,0,0,1,0,0,0,0,0,0,0,0,0,0,0,0,0,0,0,0,0,0,0,0,0,0,1,0,0,0,0,0,0,0,0,0,0,0,0,0,0,0,0,1,0,0,0,0,0,0,0,0,0,0,0,0,0,0,0,0,0,0,0,0,0,0,0,0,0,1,0,0,0,0,0,0,0,0,0,0,0,0,0,0,0,0,0,0,0,0,0,0,0,0,0,0,0,0,0,0,0,0,1,0,0,0,1,0,0,0,0,0,0,0,0,0,0,0,0,0,0,0,0,1,0,0,0,0,0,0,0,0,0,0,0,0,0,0,0,0,0,0,0,0,0,0,0,0,0,0,0,1,0,0,0,0,0,0,0,0,0,0,0,0,0,0,0,0,0,0,0,0,0,0,0,0,0,0,0,0,0,0,1,0,0,0,0,0,0,0,0,0,0,0,1,0,0,0,0,0,0,0,0,0,0,0,0,0,0,0,0,0,0,0,0,0,0,0,0,0,0,0,1,0,0,0,0,0,1,0,0,0,0,0,0,0,0,0,0,0,0,0,0,1,0,0,0,0,0,0,0,0,0,0,0,0,0,0,0,0,0,0,0,0,0,0,0,0,0,0,0,1,0,0,0,0,0,0,0,0,0,0,0,0,0,0,0,0,0,0,0,0,0,0,0,0,0,0,0,0,0,0,1,0,0,0,0,0,0,0,0,1,0,0,0,0,0,0,0,0,0,0,0,0,0,0,0,0,0,0,0,0,0,0,0,0,0,0,0,0,0,0,1,0,0,0,1,0,0,0,0,0,0,0,0,0,0,0,0,0,0,0,0,0,0,0,0,0,0,0,0,0,0,0,0,0,0,0,1,0,0,0,0,0,0,0,0,0,1,0,0,0,0,0,0,0,0,0,0,0,0,0,0,0,0,0,0,0,0,0,0,0,0,0,0,0,0,0,0,0,0,0,1,0,0,0,0,0,0,0,0,0,0,0,0,0,0,0,0,1,0,0,0,0,0,0,1,0,0,0,0,0,0,0,0,0,0,0,0,0,0,0,0,1,0,0,0,0,0,0,0,0,0,0,0,0,0,0,0,0,0,0,0,1,0,0,0,0,0,0,0,0,0,0,0,0,0,0,0,0,0,0,0,0,0,0,0,0,0,0,0,1,0,0,0,0,0,0,0,0,0,0,0,1,0,0,0,0,0,0,0,0,0,0,0,0,0,0,0,0,0,0,0,1,0,0,0,0,0,0,0,0,0,0,0,0,0,0,0,0,0,0,0,0,0,0,0,0,0,0,0,0,0,0,0,0,0,0,1,0,0,0,0,0,0,0,0,0,0,0,0,0,0,0,0,0,0,0,0,1,0,0,0,0,0,0,0,0,0,0,0,0,0,0,0,0,0,0,1,0,0,0,0,0,0,0,0,0,0,0,0,0,0,0,1,0,0,0,0,0,0,0,0,0,0,0,0,0,0,0,0,0,1,0,0,0,0,0,0,0,0,0,0,1,0,0,0,0,0,0,0,0,0,0,0,0,0,0,0,0,0,0,0,0,0,0,0,0,0,0,0,0,0,0,0,0,0,0,1,0,0,0,0,1,0,0,0,0,0,0,0,0,0,0,0,0,0,0,0,0,0,0,0,0,0,0,0,0,0,0,0,0,0,0,0,0,0,0,0,0,0,0,1,0,0,0,1,0,0,0,0,0,0,0,0,0,0,0,0,0,0,0,0,0,0,0,0,0,0,0,0,0,0,0,0,0,0,0,0,0,0,0,1,0,0,0,0,0,0,1,0,0,0,0,0,0,0,0,0,0,0,0,0,0,0,0,1,0,0,0,0,0,0,0,0,0,0,0,0,0,0,0,0,0,0,0,0,0,0,1,0,0,0,0,0,0,0,0,0,0,0,0,0
7.96,70,1.0,1.447058874354814e-17,-4.2846103453576136e-18,1.0551618432472047,-0.7833110622925838,-0.4335282409833468,0.2766857937104546,0.6158211043088787,0.7926805516582319,0.6080026121530786,-9.43688443520251e-18,0.5860687840401243,0.851194239520628,-0.5069645441836804,-0.0277675867701535,0.5215842850915882,-0.1745947388388783,0.8872461833972635,-0.3458436226129333,0.4994431885405117,0.2656540526314392,0.9520136400693036,0.012048528348397,0.4813463241702828,0.3832829660516043,-0.1637509427123667,-0.8714279742939605,0.4483425922602816,0.4230670054775546,-0.9002539484536735,0.0517689780848552,0.4427645264299998,-0.0515389811016678,-0.7807715757503633,0.5426809154191761,0.4199830080832183,0.1899369504501149,-0.8529042945333133,0.4768128137551328,0.4162351024880714,0.8692616637810927,-0.3596783894236949,0.2854048311495454,0.4146692315337424,-0.42063967141932,0.8343657131402151,-0.1723801673464167,0.4016125829951811,0.046493569380018,0.8555655454050403,0.4607201998351417,0.4010602566495197,-0.8953072779869601,-0.2520685072969226,0.1807488934631822,0.3952359974531068,-0.1046437812804966,0.6982721073682127,-0.6677433355583294,0.3883701606569942,0.2761817486188921,-0.9139167245177218,-0.1300931937454192,0.382124104807562,0.8788288457907291,0.4664467657177831,-0.0320928510146886,0.3770122033680199,-0.3442469323233104,-0.2608988558370764,-0.8824412440483074,0.3714643635998991,0.8099332097211681,-0.3710457633681508,-0.4158722914590774,0.3646352944360533,0.5914137604475787,-0.2759487002717599,-0.7296596724455384,0.3625323363758636,-0.672923402739922,-0.1508648463391841,-0.6946337411287612,0.3459752961952264,0.2932576794077476,0.9435050251357036,-0.0598964220662262,0.3345973510760023,0.1703593419513679,0.6488419380790645,-0.7289572882865608,0.3061295248277124,-0.7265811001426088,0.2653109787901716,-0.5925027285181783,0.2793382951699875,-0.0656460773640233,0.6536487194713229,0.6854627466615703,0.2758423347997187,0,0,0,0,0,0,0,0,0,0,0,0,0,0,0,1,0,0,0,0,0,0,0,0,0,0,0,0,0,0,0,1,0,0,0,0,0,0,0,0,0,0,0,0,0,0,0,0,0,0,0,0,0,0,0,1,0,0,0,0,0,0,0,0,0,0,0,0,0,0,0,0,0,0,0,0,1,0,0,0,1,0,0,0,0,0,0,0,0,0,0,0,0,0,0,0,0,0,0,0,1,0,0,0,0,0,0,0,0,0,0,0,0,0,0,0,0,0,0,0,0,0,0,0,0,0,0,0,0,0,0,0,0,0,0,1,0,0,0,0,0,0,0,1,0,0,0,0,0,0,0,0,0,0,0,0,0,0,0,0,1,0,0,0,0,0,0,0,0,0,0,0,0,0,0,0,0,0,0,0,0,0,0,0,0,0,0,0,0,0,0,1,0,0,0,0,0,0,0,0,1,0,0,0,0,0,0,0,0,0,0,0,0,0,0,0,0,0,0,0,0,0,0,1,0,0,0,0,0,0,0,0,0,0,0,0,0,0,0,0,0,0,0,0,0,0,0,0,0,0,0,0,0,0,0,0,1,0,0,0,0,0,0,0,0,1,0,0,0,0,0,0,0,0,0,0,0,0,0,0,0,0,0,0,0,0,0,0,0,0,0,0,0,0,0,1,0,0,0,0,0,0,0,1,0,0,0,0,0,0,0,0,0,0,0,0,0,0,0,0,0,0,0,0,0,0,0,0,0,0,0,0,0,0,0,1,0,0,0,0,0,0,0,0,0,0,0,0,0,1,0,0,0,0,0,0,0,0,0,0,0,0,0,0,0,0,0,0,0,0,0,0,0,0,0,1,0,0,0,0,0,0,0,0,0,0,0,0,0,0,0,0,0,0,0,0,0,1,0,0,0,0,0,0,0,0,0,0,0,0,0,0,0,0,0,1,0,0,0,0,0,0,0,0,0,0,1,0,0,0,0,0,0,0,0,0,0,0,0,0,1,0,0,0,0,0,0,0,0,0,0,0,0,0,0,0,0,0,0,0,0,0,0,0,0,1,0,0,0,0,0,0,0,0,0,0,0,0,0,0,1,0,0,0,0,0,0,0,0,0,0,0,0,0,0,0,0,0,0,0,0,0,0,1,0,0,0,0,0,0,0,0,0,0,0,0,0,0,0,0,0,0,0,0,0,0,0,0,0,0,0,0,0,0,0,1,0,0,0,0,1,0,0,0,0,0,0,0,0,0,0,0,0,0,0,0,0,0,0,0,0,0,0,0,0,0,0,0,0,0,0,0,0,0,0,0,0,0,0,1,1,0,0,0,0,0,0,0,0,0,0,0,0,0,0,0,0,0,0,0,0,0,0,0,0,0,0,0,0,0,0,0,0,0,0,1,0,0,0,0,0,0,0,0,0,0,0,0,1,0,0,0,0,0,0,0,0,0,0,0,1,0,0,0,0,0,0,0,0,0,0,0,0,0,0,0,0,0,0,0,0,0,0,0,0,0,0,0,0,0,0,0,0,0,0,0,1,0,0,0,0,0,0,0,0,0,0,0,0,1,0,0,0,0,0,0,0,0,0,0,0,0,0,0,0,0,0,0,0,0,0,0,0,0,0,0,1,0,0,0,0,0,0,0,0,0,0,0,0,0,0,0,0,0,0,1,0,0,0,0,1,0,0,0,0,0,0,0,0,0,0,0,0,0,0,0,0,0,0,0,0,0,0,0,0,0,0,0,0,0,0,0,0,0,0,0,1,0,0,0,0,0,0,0,0,0,0,0,0,0,0,1,0,0,0,0,0,0,0,0,0,0,0,0,0,0,0,0,0,1,0,0,0,0,0,0,0,0,0,0,1,0,0,0,0,0,0,0,0,0,0,0,0,0,0,0,0,0,0,0,1,0,0,0,0,0,0,0,0,0,0,0,0,0,0,0,0,0,0,0,0,0,0,0,0,0,1,0,0,0,0,0,0,0,0,0,0,0,0,0,0,0,0,0,0,0,0,0,0,0,0,0,0,0,0,0,0,0,0,1,0,0,0,0,0,0,0,0,0,0,0,0,0,0,0,0,1,0,0,0,0,0,0,0,0,0,0,0,0,0,0,0,0,0,0,0,0,0,0,1,0,0,0,0,0,0,0,0,0,0,0,1,0,0,0,0,0,0,0,0,1,0,0,0,0,0,0,0,0,0,0,0,0,0,0,0,0,0,0,0,0,0,0,0,0,0,0,0,1,0,0,0,0,0,0,0,0,0,0,0
8.41,71,1.0,-1.1534602490829273e-17,-1.1895441104096365e-17,1.0542745359942594,-0.6475401651300899,-0.3306407673929369,0.495795244236693,0.594834353686633,0.8388260966908598,0.5415095613280727,-2.445369319379572e-17,0.5627897654447575,0.7964935029142008,-0.5470732103956195,-0.1395516209453817,0.5479421279939898,-0.0686142873797563,0.9131940660721812,-0.1426745425051413,0.485030406617329,0.3222839755465566,-0.9312073722147596,-0.0292305468197504,0.4630545515400289,0.3931751699943683,0.8882794850553314,0.0960891649811711,0.4553416143691463,0.0045909220560762,-0.944672606606796,-0.2652855739440566,0.4519221036892256,-0.4058703031760225,0.7789903072272972,0.0394351508510497,0.4483425922602816,0.1108823453662232,-0.8892264528348246,0.3552372551072241,0.4443277624362902,-0.4740727778297101,-0.1524416564746965,-0.7761004737555093,0.4428159851167166,0.1634256263231132,-0.182620613466401,-0.906092639910592,0.4364884809738972,0.8364883950782394,-0.4581409321423119,0.1488399762352235,0.4019795616138456,-0.7357681766041798,-0.0231497490898006,-0.5233015187974512,0.4012311481537204,-0.0943815569236395,0.7684069448050941,-0.5139197147026876,0.3977024763984637,-0.7854737603454391,-0.1664996456297865,0.3985614306055155,0.389421379148928,0.7005461367719231,-0.3718047144396267,-0.5427062416480194,0.3865179434690656,0.4539573333502478,-0.1651563651269022,-0.8205723223977331,0.374609713469605,0.2460454493043256,0.7711382531820964,0.4989579449502344,0.3735797546740161,0.9035479680779644,0.4009941567556757,-0.0820742520995053,0.3714361220040672,-0.1522236788731791,-0.887957136707797,0.3043732212177852,0.3542716188314202,0.1695288200100771,0.6155397617601717,0.6452501583089185,0.3332210945816555,-0.7741956269767528,0.3731354862754846,-0.3687145221405469,0.3244213103452331,0.1285016120596861,0.7249594742654689,-0.6374356065942661,0.3134845865552307,0.3970873898297403,0.8921876585115955,-0.0221527901181873,0.2937314541935768,0,0,0,0,0,0,0,0,0,0,0,0,0,0,0,0,1,0,0,0,0,0,0,0,0,0,0,0,0,0,0,1,0,0,0,0,0,0,0,0,0,0,0,0,0,0,0,0,0,1,0,0,0,0,0,0,0,0,0,0,0,0,0,0,0,0,0,0,0,0,0,0,0,0,0,0,1,0,0,0,0,0,0,0,0,0,0,0,0,0,0,0,0,0,0,1,0,0,0,0,1,0,0,0,0,0,0,0,0,0,0,0,0,0,0,0,0,0,0,0,0,0,0,0,0,0,0,0,0,0,0,0,0,0,0,0,1,0,0,0,0,0,0,1,0,0,0,0,0,0,0,0,0,0,0,0,0,0,0,0,0,0,0,0,0,0,0,0,0,0,0,0,0,0,0,1,0,0,0,0,0,0,0,0,0,0,0,0,0,0,0,1,0,0,0,0,0,0,0,0,0,0,0,0,0,0,0,0,0,0,0,0,0,0,0,0,1,0,0,0,0,0,0,1,0,0,0,0,0,0,0,0,0,0,0,0,0,0,0,0,0,0,0,0,0,0,0,0,0,0,0,0,0,0,0,1,0,0,0,0,0,0,0,1,0,0,0,0,0,0,0,0,0,0,0,0,0,0,0,0,0,0,0,0,0,0,0,0,0,0,0,0,0,0,0,0,1,0,0,0,0,0,0,0,0,0,0,0,1,0,0,0,0,0,0,0,0,0,0,0,0,0,0,0,0,0,0,0,0,0,0,0,0,0,0,1,0,0,0,0,0,0,0,0,0,1,0,0,0,0,0,0,0,0,0,0,0,0,0,0,0,0,0,0,0,0,0,0,0,0,0,0,0,0,0,0,1,0,0,0,0,0,0,0,0,0,0,0,0,0,0,0,0,0,0,0,0,1,0,0,0,0,0,0,0,0,0,0,0,0,0,0,0,0,0,0,0,0,0,1,0,0,0,0,0,0,0,0,0,0,0,0,0,0,0,0,1,0,0,0,0,0,1,0,0,0,0,0,0,0,0,0,0,0,0,0,0,0,0,0,0,0,0,0,0,1,0,0,0,0,0,0,0,0,0,0,0,0,0,0,0,0,0,0,0,0,0,0,0,0,0,0,0,0,0,0,1,0,0,0,0,0,0,0,0,0,1,0,0,0,0,0,0,0,0,0,0,0,0,0,0,0,0,0,0,0,0,0,0,0,0,0,0,0,0,0,0,0,0,1,1,0,0,0,0,0,0,0,0,0,0,0,0,0,0,0,0,0,0,0,1,0,0,0,0,0,0,0,0,0,0,0,0,0,0,0,0,0,0,0,1,0,0,0,0,0,0,0,0,0,0,0,0,0,0,0,0,0,0,0,0,0,0,0,0,0,0,0,0,1,0,0,0,0,0,0,0,0,0,0,1,0,0,0,0,0,0,0,0,0,0,0,0,0,0,0,0,0,0,0,0,0,0,0,0,0,0,0,0,0,0,0,0,0,0,0,1,0,0,0,1,0,0,0,0,0,0,0,0,0,0,0,0,0,0,0,0,0,0,0,0,0,1,0,0,0,0,0,0,0,0,0,0,0,0,0,0,0,0,0,0,0,0,0,0,0,0,0,0,0,0,1,0,0,0,0,0,0,0,0,0,0,0,0,0,0,0,0,0,0,0,0,0,0,0,1,0,0,0,0,0,0,0,1,0,0,0,0,0,0,0,0,0,0,0,0,0,0,0,0,0,0,0,0,0,0,0,0,0,0,0,0,0,0,0,1,0,0,0,0,0,0,0,0,0,0,0,0,0,0,0,0,0,0,0,0,1,0,0,0,0,0,0,0,0,0,0,0,0,0,0,0,0,0,0,0,1,0,0,0,0,0,0,0,0,0,0,0,0,1,0,0,0,0,0,0,0,0,0,0,0,0,0,0,0,0,0,0,0,0,0,0,0,0,0,1,0,0,0,0,0,0,0,0,0,0,0,0,1,0,0,0,0,0,0,0,0,0,0,0,1,0,0,0,0,0,0,0,0,0,0,0,0,0,0,0,0,0,0,0,0,0,0,0,0,0,0,0,0,0,0,1,0,0,0,0,0,0,0,0,1,0,0,0,0,0,0,0,0,0,0,0,0,0,0,0,0,0,0,0,0,0,0,0,0,0,0,0,0,0,0,0,0,0,0,0,1,0,0,0,0,0,0,0,0,0,0,0,0,0,0,0,0,0,0,1,0,0,0,0,0,0,0,0,0,0,1,0,0,0,0,0,0,0,0,0,0,0,0,0
8.95,72,1.0,-1.925199377528797e-17,5.7354305239546936e-18,1.054419886881251,-0.800199516326014,-0.0897896830504668,-0.0031464157561407,0.6142007074020182,0.7941473464708391,0.602846742694547,7.161285744019389e-18,0.56396362149874,0.7708172469737574,-0.5610018441627835,0.2207594709817734,0.5607627769224942,0.2636645153454009,-0.9351457174682744,0.2052942360216369,0.4815356303680772,0.6709877305160964,-0.3876362575309407,0.5747657633145363,0.4622014072761657,0.0083828668050572,-0.923873914533543,0.0998200223233604,0.4419478438779918,-0.2339498481749589,0.6970839261736584,-0.5223036363114066,0.4364884809738972,0.3838286936357263,0.882214454400817,-0.2036944710739364,0.4321309321053463,-0.1664765009883184,0.8296163047842444,0.2773636445826122,0.4320158854411849,0.1202682440515729,0.7494955743481926,-0.5724733604585397,0.4286991711250209,0.0869486328810884,-0.9290825344258096,0.1626363916263705,0.4252586410996091,-0.0088299814379095,-0.3758246498181021,-0.8323553452178866,0.4089065076461156,0.6129057887950812,-0.307778633703723,-0.6475490826192389,0.3941973956690054,-0.8319588546963873,-0.0151032436014679,-0.1445530463443008,0.3875792680539123,0.8718255672301872,0.4428532784409892,0.1061368390648156,0.3779984732699809,0.0667770919716948,0.9379433472963552,0.1132765112520394,0.3735341131012137,0.8273389488680017,-0.4674485590830558,-0.0987815251605383,0.3610680681518347,-0.4020414532973912,-0.1758200683881891,-0.8085058204898654,0.3471481223082455,0.7782830694076314,-0.3378949501873393,-0.4242305346646589,0.3354341625903793,0.2034169652510749,0.5323708714244259,-0.7748104726472173,0.3212467336408527,0.0849111419210593,-0.8833625611455427,0.3749763737103536,0.2855040233374064,-0.6291928574797647,-0.5989028940745743,-0.3738236010281037,0.2725030801449963,-0.739316599968761,-0.3154293649779596,-0.5110272151205282,0.2696435307753845,-0.4482248287794133,0.2173631581783609,-0.8086678913576681,0.2654395645591538,0,0,1,0,0,0,0,0,0,0,0,0,0,0,0,0,0,0,0,0,0,0,0,0,0,0,0,0,0,0,0,1,0,0,0,0,0,0,0,0,0,0,0,0,0,0,0,0,0,0,0,0,0,0,0,0,0,0,0,1,0,0,0,0,0,0,0,0,0,0,0,0,0,0,0,0,1,0,0,0,0,0,0,0,0,0,0,0,0,0,0,0,0,0,0,0,1,0,0,0,1,0,0,0,0,0,0,0,0,0,0,0,0,0,0,0,0,0,0,0,0,0,1,0,0,0,0,0,0,0,0,0,0,0,0,0,0,0,0,0,0,0,0,1,0,0,0,0,0,0,0,0,0,0,0,0,0,0,0,0,0,0,1,0,0,0,0,0,0,0,0,0,0,0,0,0,0,0,0,0,0,0,0,1,0,0,0,0,0,0,0,0,0,0,0,0,0,0,0,0,0,0,1,0,0,0,0,0,0,0,0,0,0,0,0,0,0,0,0,0,0,0,0,0,0,0,1,0,0,0,0,0,0,0,0,0,0,0,0,0,0,0,1,0,0,0,0,0,0,0,0,0,0,0,0,0,0,0,0,0,0,0,0,0,0,0,0,0,1,0,0,0,0,0,0,0,0,0,0,0,0,0,0,0,0,0,0,0,0,0,0,0,0,0,0,0,1,0,0,0,0,0,0,0,0,1,0,0,0,0,0,0,0,0,0,0,0,0,0,0,0,0,0,0,0,0,0,0,0,0,0,0,0,0,0,0,1,0,0,0,0,0,0,1,0,0,0,0,0,0,0,0,0,0,0,0,0,0,0,0,0,0,0,0,0,0,0,0,0,0,0,0,0,0,0,0,1,0,0,0,0,0,0,0,0,0,0,0,1,0,0,0,0,0,0,0,0,0,0,0,0,0,0,0,0,0,0,0,0,0,0,0,0,0,0,0,1,0,0,0,0,0,0,0,0,0,0,0,0,0,0,1,0,0,0,0,0,0,0,0,0,0,1,0,0,0,0,0,0,0,0,0,0,0,0,0,0,0,0,0,0,0,0,0,0,0,0,0,1,0,0,0,0,0,0,0,0,0,0,0,1,0,0,0,0,0,0,0,0,0,0,0,0,0,0,0,0,0,0,0,0,0,0,0,0,0,0,0,0,0,0,0,0,0,0,0,1,0,0,0,0,0,0,0,0,0,0,0,0,0,0,0,1,0,0,0,0,0,0,0,0,0,0,0,0,1,0,0,0,0,0,0,0,0,0,0,0,0,0,0,0,0,0,0,0,0,0,0,0,0,0,0,0,0,0,0,0,0,0,1,1,0,0,0,0,0,0,0,0,0,0,0,0,0,0,0,0,0,0,0,0,0,0,0,0,0,0,0,0,0,0,0,0,0,0,0,1,0,0,0,0,0,0,0,0,0,0,0,0,0,0,0,0,0,0,0,1,0,0,0,0,0,0,0,0,0,0,0,0,0,0,0,0,0,0,0,1,0,0,0,0,0,0,1,0,0,0,0,0,0,0,0,0,0,0,0,0,0,0,0,0,0,1,0,0,0,0,0,0,0,0,0,0,0,0,0,0,0,0,0,1,0,0,0,0,0,0,0,0,0,0,0,0,0,0,0,0,0,0,0,1,0,0,0,0,0,0,0,0,0,0,0,0,0,0,0,0,0,0,0,1,0,0,0,0,0,0,0,0,0,0,0,0,0,0,0,0,0,0,0,0,0,0,0,0,0,0,0,0,0,0,0,1,0,0,0,0,0,0,0,0,0,0,0,0,0,0,0,0,0,0,1,0,0,0,0,0,0,0,0,0,0,0,0,0,0,0,0,0,0,0,0,0,0,0,1,0,0,0,0,1,0,0,0,0,0,0,0,0,0,0,0,0,0,0,0,0,0,0,0,0,0,1,0,0,0,0,0,0,0,0,0,0,0,0,0,0,0,0,0,1,0,0,0,0,0,0,0,0,0,0,0,0,0,0,0,0,0,0,0,1,0,0,0,0,0,0,0,0,0,0,0,0,0,0,0,0,0,0,0,0,0,0,0,0,0,1,0,0,0,0,0,0,0,0,0,0,0,0,0,1,0,0,0,0,0,0,0,0,0,0,0,0,0,0,0,0,0,0,0,0,0,0,1,0,0,0,0,0,0,0,0,0,0,0,0,0,0,0,0,0,0,0,0,0,0,0,0,0,0,0,0,0,0,0,1,0,0,0,0,0,0,0,0,0,0,0,0,0,0,0,1,0,0,0,0,0,0,0,0
7.3,73,1.0,-8.624490799639761e-18,8.230333662740032e-18,1.0538076541290735,0.8233706480632386,0.5566306114043408,-3.368475202736658e-18,0.5795009666851267,-0.8819401447512503,0.2109937813297816,0.2790788687636709,0.5765375470258642,0.8035733570326414,-0.5600855738514714,0.1598997903186206,0.5447923234337645,0.2936588180978929,-0.9201120814879722,0.2302721395124452,0.4754448451648859,-0.0249493061134026,0.8043754310548309,-0.5398731317002506,0.4744483962291367,0.3618788097840411,0.8996137550087498,-0.1564783344640025,0.4571258929412994,-0.3344624556482226,-0.4039461525997227,-0.8230037389669353,0.4372494655670388,0.5190281210010766,-0.3100099884696374,-0.779520926960988,0.4272428983766453,0.786664914217724,-0.3552544809902682,0.4756050716035773,0.4264462630641289,0.0041453567775539,-0.7525704583061219,0.6424693400568923,0.4108086876368961,0.1121152029141246,-0.9582802474381182,0.0321315911080802,0.4073137079861711,-0.1071976783849376,-0.5483058626588577,0.8001244918508992,0.3996226644858192,-0.3099224621023311,0.8252818946278768,-0.3826208288035617,0.3941973956690054,-0.6266954985209086,-0.1565380129374088,-0.7191230408045972,0.3889930816034546,0.1795210969292082,-0.9450302231702712,0.0973405394458693,0.3870027130724118,0.9136552027926516,0.3803759617315833,0.0424048173762144,0.3779339643547488,0.0373618151370198,0.502755818907643,-0.836353486399539,0.3761523538474819,-0.9249981802629856,0.2196543541409077,0.1020972946189921,0.373275837784044,0.1144129303183126,0.9410331366626328,0.2431076861900468,0.3719263877628104,0.8229470205275262,-0.4993816238675689,-0.2175870299348115,0.3626196457112743,-0.0874033168522834,-0.6147359487297983,0.7140459527243056,0.3513141280464273,0.7079179580687651,-0.390954217108688,-0.5643468331752066,0.3474661769053456,0.3461115314764637,0.3771203272014414,-0.840980987647205,0.3343079412410916,-0.8465085760532517,-0.2637924882458154,-0.3855280566499495,0.3297023031135936,0,0,0,0,0,0,0,0,0,0,0,0,1,0,0,0,0,0,0,0,0,0,0,0,0,0,0,0,0,0,0,1,0,0,0,0,0,0,0,0,0,0,1,0,0,0,0,0,0,0,0,0,0,0,0,0,0,0,0,0,1,0,0,0,0,0,0,0,0,0,0,0,0,0,0,0,0,0,0,0,1,0,0,0,0,0,0,0,0,0,0,0,0,0,0,0,0,0,0,0,0,0,0,0,0,0,0,0,0,0,0,0,0,0,0,0,1,0,0,0,0,0,0,0,0,0,0,0,0,0,0,0,1,0,0,0,0,0,0,0,0,0,0,1,0,0,0,0,0,0,0,0,0,0,0,0,0,0,0,0,0,0,0,0,0,0,0,0,0,0,0,0,1,0,0,0,0,0,0,0,0,0,0,1,0,0,0,0,0,0,0,0,0,0,0,0,0,0,0,0,0,0,1,0,0,0,0,0,0,0,0,0,0,0,0,0,0,0,0,0,0,0,0,0,0,0,0,0,0,0,0,1,0,0,0,0,0,0,0,0,0,0,1,0,0,0,0,0,0,0,0,0,0,0,0,0,0,0,0,0,0,0,0,1,0,0,0,0,0,0,0,0,0,0,0,0,0,0,0,0,0,0,0,0,0,0,0,0,0,0,0,0,0,0,0,1,0,0,0,0,0,0,0,0,0,0,0,0,0,0,0,0,0,0,0,0,1,0,0,0,0,0,0,0,0,0,0,0,0,1,0,0,0,0,0,0,0,0,0,0,0,0,0,0,0,1,0,0,0,0,0,0,0,0,0,0,0,0,0,0,0,0,0,0,0,0,0,0,0,0,0,0,1,0,0,0,0,0,0,0,0,0,0,0,0,0,1,0,0,0,0,0,0,0,0,0,0,0,0,0,0,0,0,0,0,0,0,0,0,0,0,0,1,0,0,0,0,0,0,0,0,0,0,1,0,0,0,0,0,0,0,0,0,0,0,0,0,0,0,0,0,0,0,0,0,0,0,0,0,0,0,0,1,0,0,0,0,0,0,0,0,0,0,0,0,0,0,0,1,0,0,0,0,0,0,0,0,0,0,0,0,0,0,0,0,0,0,0,0,0,0,0,1,0,0,0,0,0,0,0,0,0,0,0,0,0,0,0,1,0,0,0,0,0,0,0,0,0,0,0,0,0,1,0,0,0,0,0,0,0,0,0,0,0,0,0,0,0,0,0,0,0,0,0,0,1,0,0,0,0,0,0,0,0,0,0,0,0,0,0,0,0,0,0,0,0,0,0,0,0,0,0,0,0,0,1,0,0,0,0,1,0,0,0,0,0,0,0,0,0,0,0,0,0,0,0,0,0,0,0,0,0,0,0,0,0,0,0,0,0,0,0,1,0,0,0,0,0,0,0,0,0,0,0,0,0,0,0,1,0,0,0,0,0,0,0,0,0,0,0,0,0,1,0,0,0,0,0,0,0,0,0,0,0,0,0,0,0,0,0,0,0,0,0,0,0,0,0,0,0,0,0,0,0,0,0,1,0,0,0,0,0,0,0,0,0,0,0,0,0,0,0,0,0,0,0,1,0,0,0,1,0,0,0,0,0,0,0,0,0,0,0,0,0,0,0,0,0,0,0,1,0,0,0,0,0,0,0,0,0,0,0,0,0,0,0,0,0,0,0,1,0,0,0,0,0,0,0,0,0,0,0,0,0,0,0,0,0,0,0,0,0,1,0,0,0,0,0,0,0,0,0,0,0,0,0,0,0,0,0,0,0,0,1,0,0,0,0,0,0,0,0,0,0,0,0,0,0,0,0,0,0,0,0,0,0,0,0,0,0,0,0,1,0,0,0,0,0,0,0,1,0,0,0,0,0,0,0,0,0,0,0,0,0,0,0,0,0,0,0,0,0,0,0,0,0,0,0,0,0,0,0,1,0,0,0,0,0,0,0,0,0,0,0,0,0,0,0,1,0,0,0,0,0,0,0,0,0,0,0,0,0,0,0,0,0,0,0,0,1,0,0,0,0,0,0,0,0,0,0,0,0,0,0,0,0,0,0,0,0,0,1,0,0,0,0,0,0,0,0,0,0,0,0,0,0,0,0,0,0,0,0,0,0,0,0,1,0,0,0,0,0,0,0,0,0,0,0,0,0,0,0,0,0,0,0,1,0,0,0,0,0,0,0,0,0,0,0,0,0,0,0,0,0,0,1,0,0,0,0,0,0,0,1,0,0,0,0,0,0,0,0,0,0,0,0,0,0,0,0
6.89,74,1.0,-1.462615587468351e-17,1.5756988453381806e-17,1.052499052532098,0.8410665172029717,0.5396784581361199,1.4146677091188018e-17,0.5656242139332545,0.8068467773949493,-0.5826868106538623,0.0084293586638042,0.5411175640273159,-0.0824971793220211,0.9069659016767426,-0.3915780407163186,0.4959219341599626,-0.5488371918704849,-0.3350925753166069,-0.7438736794565962,0.4919142262056647,-0.8297427615689017,0.210619349703409,0.4814175342253432,0.4884545890508748,-0.0148084229225081,-0.9812877261949866,-0.1560884638269618,0.4673806282552496,0.3084924076281257,-0.9349530908209192,0.1378006482808195,0.4634613009670227,0.3728455267417045,0.9225985817620456,-0.0505684592672249,0.4582949622731644,-0.4200359773657009,0.8825476866509276,-0.1711449972691668,0.4272428983766453,0.0706534711254296,-0.7822165978047206,0.6133408208939369,0.4237306300140953,0.0303281776262009,-0.6056618822441071,0.7367085461124395,0.4167126508535686,0.8384229552393465,-0.4264131616398509,0.3131484708314518,0.4126349443403048,0.2588410151072812,-0.4009497855730742,-0.8658723526937173,0.4097826581935865,-0.8079965303804386,-0.0720221434246402,-0.5571345972439927,0.4080552410652064,-0.0570269042663439,0.6663845293401895,-0.7322068375939353,0.395705109094796,0.7651172017667787,-0.4818288168579815,-0.4123146822739901,0.3741169975222784,0.928351408088121,0.3653302107762348,-0.0195525649438449,0.3708746926861733,0.1787014799433723,0.8995689672606962,0.3821607962878305,0.3695690610378249,0.5483878485500168,-0.3436088447347514,-0.7534146660988258,0.3554006241918155,-0.0361088338849643,-0.5860054894395859,0.7605840701099136,0.3493410159251519,-0.703083057582253,0.3137326720255356,-0.6160325988789024,0.3456789472663362,0.2609770169390858,0.5348958910349528,-0.7970183242089235,0.3453883130531087,-0.9139835768276224,0.2260116344181497,0.2925609297569757,0.3404594438361094,-0.8742660490864763,-0.4631962846050208,-0.0321661825134766,0.332502074555019,0,0,0,0,0,0,0,0,0,1,0,0,0,0,0,0,0,0,0,0,0,0,0,0,0,0,0,0,0,0,0,1,0,0,0,0,0,0,0,0,0,0,0,0,0,0,0,0,0,0,0,0,1,0,0,0,0,0,0,0,1,0,0,0,0,0,0,0,0,0,0,0,0,0,0,0,0,0,0,0,0,0,0,0,0,0,0,0,0,1,0,0,0,0,0,0,0,0,0,0,0,0,0,1,0,0,0,0,0,0,0,0,0,0,0,0,0,0,0,0,0,0,0,0,0,0,0,0,0,0,0,0,1,0,0,0,0,0,0,0,0,0,0,0,0,0,0,0,0,0,0,1,0,0,0,0,0,0,0,0,0,0,0,0,0,0,0,0,0,0,0,0,0,0,0,0,1,0,0,0,0,0,0,0,0,0,0,0,0,0,0,0,0,0,0,0,1,0,0,0,0,0,0,0,0,0,0,0,0,0,0,0,0,0,0,1,0,0,0,0,0,0,0,0,0,0,0,0,0,0,0,0,0,0,0,0,1,0,0,0,0,0,0,0,0,0,0,0,0,1,0,0,0,0,0,0,0,0,0,0,0,0,0,0,0,0,0,0,1,0,0,0,0,0,0,0,0,0,0,0,0,0,0,0,0,0,0,0,0,1,0,0,0,0,0,0,0,0,0,0,0,0,0,1,0,0,0,0,0,0,0,0,0,0,0,0,0,0,0,0,0,0,0,0,0,0,0,0,0,0,0,0,1,0,0,0,0,0,0,0,0,0,0,1,0,0,0,0,0,0,0,0,0,0,0,0,0,0,0,0,0,0,0,0,0,0,0,0,0,0,0,0,1,0,0,0,0,0,0,0,0,0,0,0,0,1,0,0,0,0,0,0,0,0,0,0,0,0,0,0,0,0,0,0,0,0,0,0,0,1,0,0,0,0,0,0,0,0,0,0,0,0,0,1,0,0,0,0,0,0,0,0,0,0,0,0,0,0,0,0,0,0,0,0,0,0,0,0,0,1,0,0,0,0,0,0,0,0,0,0,0,0,0,0,0,0,0,0,1,0,0,0,0,0,0,0,0,0,0,0,0,0,0,0,0,0,0,0,0,1,0,0,0,0,0,0,0,0,0,0,0,0,0,0,0,0,1,0,0,0,0,0,0,0,0,0,0,0,0,0,0,0,0,0,0,0,0,0,0,0,0,0,0,1,0,0,0,0,0,0,0,0,0,0,0,1,0,0,0,0,0,0,0,0,0,0,0,0,0,0,0,0,0,0,0,0,0,0,0,0,0,0,0,0,0,0,1,0,0,0,1,0,0,0,0,0,0,0,0,0,0,0,0,0,0,0,0,0,0,0,0,0,1,0,0,0,0,0,0,0,0,0,0,0,0,0,0,0,0,0,1,0,0,0,0,0,0,0,0,0,0,0,0,0,0,0,0,0,0,0,0,0,0,0,0,0,0,0,0,1,0,0,0,0,0,0,0,0,0,0,1,0,0,0,0,0,0,0,0,0,0,0,0,0,0,0,0,0,0,0,0,0,0,0,0,0,0,0,0,0,0,0,1,0,0,0,0,0,0,0,0,0,0,0,0,0,0,0,0,0,0,0,0,0,0,0,1,0,0,0,0,0,0,0,0,0,0,0,0,0,0,0,1,0,0,0,0,0,0,0,0,0,0,1,0,0,0,0,0,0,0,0,0,0,0,0,0,0,0,0,0,0,0,0,0,0,0,0,0,0,0,0,0,1,0,0,0,0,0,0,0,0,0,0,0,0,0,0,0,0,0,1,0,0,0,0,0,0,0,0,0,0,0,0,0,0,0,0,0,1,0,0,0,0,0,0,0,0,0,0,0,0,0,0,0,0,0,0,1,0,0,0,0,0,0,0,0,0,0,0,0,0,1,0,0,0,0,0,0,0,0,0,0,0,0,0,0,0,0,0,0,0,0,0,0,0,0,0,0,0,0,1,0,0,0,0,0,0,0,0,0,0,1,0,0,0,0,0,0,0,0,0,0,0,0,0,0,0,0,0,0,0,0,0,0,0,0,0,0,0,0,0,0,0,0,0,1,0,0,0,0,0,0,0,0,0,0,0,0,0,0,0,0,0,0,1,0,0,0,0,1,0,0,0,0,0,0,0,0,0,0,0,0,0,0,0,0,0,0,0,0,0,0,0,0,0,0,0,0,0,0,0,0,0,0,0,1,0,0,0,0,0,0,0,0,0,1,0,0,0,0,0,0,0,0,0,0,0,0,0
7.27,75,1.0,4.901458334895848e-18,1.8075152753884872e-18,1.0517746614821637,0.8010619019538245,0.5979746285018183,-1.6171682642763636e-17,0.5538027420483825,0.7901829095675146,-0.5560344058040634,0.2246745048415283,0.5498534051702882,-0.8705848524727191,0.2145131649946594,-0.2399032969574795,0.5309174222834304,0.2849585969185758,-0.9309937293517632,0.2198066020130334,0.4748524843919674,-0.2763578205375236,0.8960167651737198,0.2280018851755539,0.4532181875778039,0.7182117879198391,-0.3529508960857455,0.5761226443857892,0.4436056480484655,0.1039890055803373,-0.975037591129324,-0.0847244789303365,0.43579181916166,-0.089950007252061,-0.7993667367457534,0.5856068540049085,0.4293093012196835,0.3869234779557919,0.8876538242009019,-0.2236050715472253,0.428696446122362,0.1514000245944529,0.7309701759818287,-0.6331080278384451,0.4206200514783835,-0.2259460434161436,0.7012219631977228,-0.6171986793342764,0.4097826581935865,0.0510343232790857,-0.3518339231328533,-0.894189284367739,0.3925510682613984,0.5793229426476063,-0.4361606416739871,-0.6428986607229266,0.3923036319198471,0.0333314475689202,0.9764265727023658,0.0979261651255956,0.3784990325817128,-0.4927122592500216,-0.7330369202227381,0.4402024604295129,0.3784759372601218,0.890112507557277,0.4298247695224858,0.1151172638807561,0.3720737000043833,0.8514453315337587,-0.476911655621732,-0.1085306417993168,0.3573825745818128,-0.2623579188193171,-0.186412063150145,-0.8997581979281787,0.3555026361630459,0.2451566455910465,-0.9258680989342272,0.1631118454309611,0.3511059358685072,-0.8702807512029318,0.1340601185463645,-0.3359838908336151,0.3494820288291762,-0.5832141296066131,-0.5716569536191975,-0.4896036331434371,0.3427617151091894,0.7694025503805676,-0.3735343775652383,-0.4736505824093154,0.3392918929637948,-0.5886526963461763,-0.766206860882256,0.1598602871632138,0.3379649993552998,0.2883553620722539,0.4946338950909671,-0.7952109102668743,0.3316053685382114,0,0,0,0,0,0,0,0,0,0,0,0,0,1,0,0,0,0,0,0,0,0,0,0,0,0,0,0,0,0,0,1,0,0,0,0,0,0,0,0,0,0,0,0,0,0,0,0,0,1,0,0,0,0,0,0,0,0,0,0,1,0,0,0,0,0,0,0,0,0,0,0,0,0,0,0,0,0,0,0,0,0,0,0,0,0,0,0,0,0,0,0,0,1,0,0,0,0,0,0,0,0,0,1,0,0,0,0,0,0,0,0,0,0,0,0,0,0,0,0,0,0,0,0,0,0,0,0,0,0,0,0,0,0,0,0,1,0,0,0,0,0,0,0,0,0,0,0,0,0,0,0,0,0,0,0,1,0,0,0,0,0,0,0,0,0,0,0,0,0,0,0,0,1,0,0,0,0,0,0,0,0,0,1,0,0,0,0,0,0,0,0,0,0,0,0,0,0,0,0,0,0,0,0,0,0,0,0,0,1,0,0,0,0,0,0,0,0,0,0,0,0,0,0,0,0,0,0,1,0,0,0,0,0,0,0,0,0,0,0,0,0,0,0,0,0,0,0,0,0,0,0,0,1,0,0,0,0,0,0,0,0,0,0,0,0,1,0,0,0,0,0,0,0,0,0,0,0,0,0,0,0,0,0,0,0,0,0,0,0,0,0,0,1,0,0,0,0,0,0,0,0,0,0,0,0,0,0,1,0,0,0,0,0,0,0,0,0,0,0,0,0,0,0,0,0,0,0,0,0,0,0,0,1,0,0,0,0,0,0,0,1,0,0,0,0,0,0,0,0,0,0,0,0,0,0,0,0,0,0,0,0,0,0,0,0,0,0,0,1,0,0,0,0,0,0,0,0,0,0,0,0,0,1,0,0,0,0,0,0,0,0,0,0,0,0,0,0,0,0,0,0,0,0,0,0,0,0,0,1,0,0,0,0,0,0,0,0,0,0,0,0,0,0,0,0,0,0,0,0,0,1,0,0,0,0,0,0,0,0,0,0,0,0,0,0,0,0,0,1,0,0,0,0,0,0,0,0,0,0,0,0,0,0,0,1,0,0,0,0,0,0,0,0,0,0,0,0,0,0,0,0,1,0,0,0,0,0,0,0,0,0,0,0,0,0,0,0,0,0,0,0,0,0,0,0,0,0,0,0,0,0,0,0,0,0,1,0,0,0,0,0,0,0,0,0,0,0,0,0,0,1,0,0,0,0,0,0,0,0,0,0,0,0,0,1,0,0,0,0,0,0,0,0,0,0,0,0,0,0,0,0,0,0,0,0,0,0,0,1,0,0,0,0,0,0,0,0,0,0,0,0,0,1,0,0,0,0,0,0,0,0,0,0,0,0,0,0,0,0,0,0,0,0,0,0,0,0,0,0,0,0,0,1,0,0,0,0,0,0,0,1,0,0,0,0,0,0,0,0,0,0,0,0,0,0,0,0,0,0,0,0,0,0,0,0,0,0,0,1,0,0,0,0,0,0,0,0,0,0,0,0,0,0,0,0,0,0,0,0,0,0,0,0,0,0,1,0,0,0,0,0,0,0,0,0,0,0,0,0,0,0,0,1,0,0,0,0,0,0,1,0,0,0,0,0,0,0,0,0,0,0,0,0,0,0,0,0,0,0,0,0,1,0,0,0,0,0,0,0,0,0,0,0,0,0,0,0,0,0,1,0,0,0,0,0,0,0,0,0,0,0,0,0,0,0,0,0,0,0,0,0,0,0,0,0,0,0,0,0,0,0,0,1,0,0,0,0,0,0,0,0,0,0,0,0,0,0,1,0,0,0,0,0,0,0,0,0,0,0,0,0,0,0,0,0,0,0,0,0,0,0,0,0,0,0,1,0,0,0,1,0,0,0,0,0,0,0,0,0,0,0,0,0,0,0,0,0,0,0,0,0,1,0,0,0,0,0,0,0,0,0,0,0,0,0,0,0,0,0,0,0,0,0,0,0,1,0,0,0,0,0,0,0,0,0,0,0,0,0,0,0,0,0,0,0,0,0,0,0,0,1,0,0,0,0,0,0,0,0,0,0,0,0,0,0,0,0,0,0,0,1,0,0,0,0,0,0,0,0,0,0,0,0,0,0,0,0,0,0,0,0,0,1,0,0,0,0,0,0,0,0,0,0,0,0,0,1,0,0,0,0,0,0,0,0,0,0,0,0,0,0,0,0,0,0,0,0,0,0,0,0,1,0,0,0,0,0,0,0,1,0,0,0,0,0,0,0,0,0,0,0,0,0,0,0,0,0,0,0
8.5,76,1.0,2.8915746770084562e-18,8.748645493524701e-18,1.0527758524498947,-0.6916307049198014,-0.2922932507448345,-0.1084414939667737,0.6137537056343398,0.775995048421312,0.6219786484710508,6.3652873849208035e-18,0.5829720347248031,0.8119754618692703,-0.4671723239284292,0.2240126244330874,0.5415441300078315,0.0634757239502773,0.6580070289276133,-0.5847175220810432,0.4659277274047849,0.3230175133107044,0.8698470420339216,-0.2247787736042154,0.4657079928826698,0.3721340190207357,-0.8730880923206137,0.2470404002768415,0.4566888981443992,0.073316272975234,-0.9098810370300296,0.2694458222455155,0.4534723633906448,0.7334822825140253,-0.2313492623338625,0.5490991695926207,0.4505812535525094,0.1161914278376768,-0.9265436417940665,0.1614425670257606,0.4476316000636784,-0.2482994819440142,0.7781005367464415,0.2298468173192686,0.4300883316073688,-0.0209794104911455,0.902711923047882,0.0819850489775724,0.4003251637371213,-0.2468203344989957,0.618673171249625,-0.5151377616148047,0.3923036319198471,-0.753990428088486,-0.2366490116597311,-0.1916349413519027,0.3846307674423581,0.8312308125376202,0.5145173741029182,0.0988496712699722,0.3801970803407541,0.5570209000526667,-0.3614611442185223,-0.6165085213586583,0.3749124798350467,0.0669820285941531,-0.4756685197239276,-0.7495476523712539,0.3716431185141434,0.8506868516096157,-0.3751155880875946,-0.1019768024795693,0.3579653695159391,0.1869411542602779,0.4142240619311609,-0.7671791497447307,0.3570505441668432,-0.2324363765237961,-0.3840237720989367,-0.737628413300054,0.3566524233959949,0.7407657581174796,-0.3542075339087842,-0.4258728896665717,0.3419880515213341,-0.4358913596120672,-0.7691142294241519,-0.3007061010753891,0.3076841025840906,-0.1752338653968108,0.8851774551498819,0.2284033888865475,0.2744519419480029,0.3260973070048528,0.866752376552459,-0.2640713694057742,0.2656915584615649,-0.0465692757088467,0.2240644145196181,0.8947729294462577,0.2503536267927938,0,0,0,0,0,0,0,0,0,0,0,1,0,0,0,0,0,0,0,0,0,0,0,0,0,0,0,0,0,0,0,1,0,0,0,0,0,0,0,0,0,0,1,0,0,0,0,0,0,0,0,0,0,0,0,0,0,0,0,0,0,0,0,0,0,0,0,0,0,0,0,0,0,0,0,0,1,0,0,0,0,0,0,0,0,0,0,0,0,0,0,0,0,1,0,0,0,0,0,0,1,0,0,0,0,0,0,0,0,0,0,0,0,0,0,0,0,0,0,0,0,0,0,0,0,0,0,0,0,0,0,1,0,0,0,0,0,0,0,0,0,0,0,1,0,0,0,0,0,0,0,0,0,0,0,0,0,0,0,0,0,0,0,0,0,0,0,0,0,0,0,0,0,1,0,0,0,0,0,0,0,0,0,0,0,0,0,0,0,0,0,1,0,0,0,0,0,0,0,0,0,0,0,0,0,0,0,0,0,0,0,0,0,1,0,0,0,0,0,0,0,0,0,1,0,0,0,0,0,0,0,0,0,0,0,0,0,0,0,0,0,0,0,0,0,0,0,0,0,0,0,1,0,0,0,0,0,0,0,0,0,0,0,1,0,0,0,0,0,0,0,0,0,0,0,0,0,0,0,0,0,0,0,0,0,0,0,0,0,0,0,1,0,0,0,0,0,0,0,0,0,0,0,0,0,0,0,0,1,0,0,0,0,0,0,0,0,0,0,0,0,0,0,0,0,0,0,0,0,0,0,1,0,0,0,0,0,0,0,0,0,0,0,0,0,0,1,0,0,0,0,0,0,0,0,0,0,0,0,0,0,0,0,0,0,0,0,0,0,0,0,1,0,0,0,0,0,0,0,0,0,0,0,0,0,0,0,0,1,0,0,0,0,0,0,0,0,0,0,0,0,0,0,0,0,0,0,0,0,0,0,0,0,1,0,0,0,0,0,0,0,0,0,0,0,0,0,0,1,0,0,0,0,0,0,0,0,0,0,0,0,0,0,0,0,0,0,0,0,0,0,0,0,1,0,0,0,0,0,0,0,0,0,1,0,0,0,0,0,0,0,0,0,0,0,0,0,0,0,0,0,0,0,0,0,0,0,0,0,0,0,0,0,1,0,0,0,0,0,0,0,0,0,0,0,1,0,0,0,0,0,0,0,0,0,0,0,0,0,0,0,0,1,0,0,0,0,0,0,0,0,0,0,0,0,0,0,0,0,0,1,0,0,0,0,0,0,0,0,0,0,0,0,0,0,0,0,0,0,0,0,0,0,0,0,0,0,0,0,0,0,0,0,1,0,0,0,0,0,0,0,0,0,0,0,0,0,0,0,0,0,0,0,0,0,0,1,0,0,0,0,0,0,0,0,0,0,0,0,0,0,0,0,0,0,0,0,0,1,0,0,0,0,0,0,1,0,0,0,0,0,0,0,0,0,0,0,0,0,0,0,0,0,0,0,0,0,0,0,0,0,0,1,0,0,0,0,0,0,0,0,0,0,0,0,0,0,0,0,0,0,0,0,0,0,0,1,0,0,0,0,0,0,0,0,0,0,0,0,0,0,1,0,0,0,0,0,0,0,0,1,0,0,0,0,0,0,0,0,0,0,0,0,0,0,0,0,0,0,0,0,0,0,0,0,0,0,0,0,1,0,0,0,0,0,0,0,0,0,0,1,0,0,0,0,0,0,0,0,0,0,0,0,0,0,0,0,0,0,0,0,0,0,0,0,0,0,0,0,0,0,0,1,0,0,0,0,0,0,0,1,0,0,0,0,0,0,0,0,0,0,0,0,0,0,0,0,0,0,0,0,0,0,0,0,0,0,0,0,0,0,0,0,0,0,0,0,0,1,0,0,0,0,0,0,0,0,0,0,0,0,1,0,0,0,0,0,0,0,0,0,0,0,0,0,0,0,0,0,0,0,0,1,0,0,0,0,0,0,0,0,0,0,0,0,0,1,0,0,0,0,0,0,0,0,0,0,0,0,0,0,0,0,0,0,0,0,0,0,0,0,0,0,1,0,0,0,0,0,0,0,0,0,0,0,0,0,0,1,0,0,0,0,0,0,0,0,0,0,0,0,0,0,0,0,0,0,0,0,0,0,0,0,1,0,0,0,0,0,0,0,0,0,0,0,0,1,0,0,0,0,0,0,0,0,0,0,0,0,0,0,0,0,0,0,0,0,0,0,0,0,0,1,0,0,0,0,0,0,0,0,0,0,1,0,0,0,0,0,0,0,0,0,0,0,0,0,0,0,0
7.94,77,1.0,-9.511086864606065e-18,-2.055763710664433e-18,1.0564219735650682,-0.7556972564119336,-0.279153206904699,0.2357453949096037,0.6391106966915561,0.823501844642174,0.5622959475834313,-1.0762428313548868e-17,0.582680178104372,0.8021631357827523,-0.5398826721509576,0.0132047721529034,0.5462986335102322,-0.0169102506623538,0.8214202342666288,-0.4055117802999247,0.4745222277738485,0.3538673217116792,0.9018462427549336,-0.0553733612264307,0.4695065124821017,0.0141189024614814,-0.9394950418815128,0.0087822610055141,0.4688578628972435,0.3337016202624,-0.9292837970214884,0.0220035965510642,0.464232622506792,0.1383551519216502,-0.9303369274691844,0.1302500572347646,0.4522125370869415,0.7859481975544436,-0.3947641631645675,0.3411760333643627,0.4315310806788122,0.4390247786201074,-0.1767894558658015,-0.7941126593137009,0.4252827623774642,-0.1741801113654393,-0.2923120146813693,-0.8217696732807512,0.4080918769567231,-0.3041495784157841,0.7666118791181841,-0.291113158033592,0.4048750739763845,-0.8361108921557232,-0.121771997969862,0.0890270983005603,0.4037112230785361,0.0923154961714374,0.859131375772019,0.3325600616790057,0.4002440602929925,0.8850532827668903,0.428929444174599,0.0278250908143025,0.3793795835373635,0.7929145627098707,-0.3747734166734436,-0.3333323858219641,0.3687469024619416,0.0784611930746979,0.6304231759625328,-0.673467146639569,0.3625491223639931,-0.5951880860419689,-0.1317551765430605,-0.7049540429344864,0.3520249932508434,0.6310504561992306,-0.2410922200013796,-0.6359717925968392,0.3489252602659145,0.371488118774096,0.8980719896438287,-0.1369735941125471,0.3299361436771961,-0.5743147314725099,0.2676165880311087,-0.6749689357516743,0.3043481835149363,-0.776159138681613,-0.3670698265436273,-0.4053522462996688,0.3035813287612133,-0.9176658075925676,-0.1646362697528169,-0.1164648583331461,0.3015391744731274,-0.1294844428876635,0.6459101189774962,0.4589755377435091,0.2905728407321711,0,0,0,0,0,0,0,0,0,0,0,0,0,0,0,0,0,0,1,0,0,0,0,0,0,0,0,0,0,0,0,1,0,0,0,0,0,0,0,0,0,0,0,0,0,0,0,0,0,0,0,0,1,0,0,0,0,0,0,0,0,0,0,0,0,0,0,0,0,0,0,0,0,0,0,0,1,0,0,0,0,0,0,0,0,0,0,0,0,0,0,1,0,0,0,0,0,0,0,0,1,0,0,0,0,0,0,0,0,0,0,0,0,0,0,0,0,0,0,0,0,0,0,0,0,0,0,0,0,0,0,0,0,0,0,0,0,0,1,0,0,0,0,1,0,0,0,0,0,0,0,0,0,0,0,0,0,0,0,0,0,0,0,0,0,0,0,0,0,0,0,1,0,0,0,0,0,0,0,0,0,0,0,0,0,0,0,0,0,0,0,1,0,0,0,0,0,0,0,0,0,0,0,0,0,0,0,0,0,0,0,1,0,0,0,0,0,0,0,0,0,0,0,1,0,0,0,0,0,0,0,0,0,0,0,0,0,0,0,0,0,0,0,0,0,0,0,0,0,0,0,0,0,0,0,0,0,0,1,0,0,0,0,0,0,0,0,0,1,0,0,0,0,0,0,0,0,0,0,0,0,0,0,0,0,0,0,0,0,0,0,0,0,0,0,0,0,0,1,0,0,0,0,1,0,0,0,0,0,0,0,0,0,0,0,0,0,0,0,0,0,0,0,0,0,0,0,0,0,0,0,0,0,0,0,0,0,0,1,0,0,0,0,0,0,0,0,0,1,0,0,0,0,0,0,0,0,0,0,0,0,0,0,0,0,0,0,0,0,0,0,0,0,0,0,0,0,0,1,0,0,0,0,0,0,0,1,0,0,0,0,0,0,0,0,0,0,0,0,0,1,0,0,0,0,0,0,0,0,0,0,0,0,0,0,0,0,0,0,0,0,0,0,0,0,1,0,0,0,0,0,0,0,0,0,0,0,0,0,0,0,0,0,0,0,0,0,0,0,1,0,0,0,0,0,0,0,0,0,0,0,0,0,0,0,0,0,0,0,0,0,0,0,0,0,0,1,0,0,0,0,0,0,0,0,0,0,0,0,0,0,1,0,0,0,0,0,0,0,0,0,0,0,0,0,1,0,0,0,0,0,0,0,0,0,0,0,0,0,0,0,0,0,0,0,0,0,0,0,0,0,0,1,0,0,0,0,0,0,0,1,0,0,0,0,0,0,0,0,0,0,0,0,0,0,0,0,0,0,0,0,0,0,0,0,0,0,0,0,0,0,1,0,0,0,0,0,0,0,0,0,0,0,1,0,0,0,0,0,0,0,0,0,0,0,0,0,0,0,0,0,0,0,0,0,0,0,0,0,0,0,1,0,0,0,0,0,0,0,0,0,0,0,0,0,0,0,0,0,0,0,0,0,0,0,0,1,0,0,0,0,0,0,0,0,0,0,0,0,0,0,0,0,0,0,0,0,0,1,0,1,0,0,0,0,0,0,0,0,0,0,0,0,0,0,0,0,0,0,0,0,0,0,0,0,0,0,0,0,0,0,0,0,1,0,0,0,0,0,0,1,0,0,0,0,0,0,0,0,0,0,0,0,0,0,0,0,0,0,0,0,0,0,0,0,0,0,0,0,1,0,0,0,0,0,0,0,0,0,0,1,0,0,0,0,0,0,0,0,0,0,0,0,0,0,0,0,0,0,0,1,0,0,0,0,0,0,0,0,0,0,0,0,0,0,0,0,0,0,0,0,0,0,0,0,0,0,0,0,0,0,1,0,0,0,0,0,0,0,0,0,0,0,0,0,0,0,0,0,0,0,1,0,0,0,0,0,0,0,0,0,0,0,0,0,0,1,0,0,0,0,0,0,0,0,0,0,0,0,0,0,0,0,0,0,0,0,0,0,0,0,0,0,1,0,0,0,0,0,0,0,0,0,0,0,0,0,0,0,0,0,1,0,0,0,0,0,0,0,0,0,0,0,0,0,0,0,0,0,1,0,0,0,0,0,0,0,0,0,0,0,0,0,1,0,0,0,0,0,0,0,0,0,0,0,0,0,0,0,0,0,0,0,0,0,0,0,0,0,1,0,0,0,0,0,0,0,0,0,0,0,0,0,0,0,0,0,0,0,0,0,1,0,0,0,0,0,0,0,0,0,0,0,0,0,0,0,0,0,0,0,1,0,0,0,0,0,0,0,0,0,0,0,0,0,0,0,0,1,0,0,0,0,0,0,0,0,0,0,0
8.51,78,1.0,1.925332799422113e-17,-1.7747720495770192e-17,1.0549866456308288,-0.7083660922787719,-0.1306381644073271,0.4937722515344028,0.6045285114016383,0.8043759423548593,0.5910764516538973,-4.68537240077253e-18,0.5801936039234409,0.8101030669123261,-0.5581727023788072,-0.0443841584003237,0.5403715292473011,-0.1014872031243386,0.900831067205776,-0.3015570131533752,0.4763027336536384,0.3424982347601267,-0.1091241279544494,-0.8754580989854279,0.4629231083339277,0.3421172982274191,-0.93428003667701,0.0496798514809077,0.4624711865916777,0.3238380036360057,0.929306188246937,0.0135838025598896,0.4600969591089622,-0.3357817049583672,-0.3127173011246086,-0.8185829122002357,0.4396562745658726,-0.408230706997386,0.8149883022203147,-0.1428042268494262,0.4252827623774642,0.830737312931304,-0.4280995865276774,0.2659142534311967,0.4119473661869333,0.1284977208194836,-0.9536107070382986,-0.002278657721138,0.4027967064753916,-0.0560841596113016,0.6998976323203833,-0.6530505034100462,0.39977359825143,0.0878028257773985,-0.9370648110802308,0.0632160807486827,0.3966008666293775,-0.8298505951151117,-0.0389411745974095,0.3254780114297762,0.3908500970626355,0.1243917975655379,0.8454802689181682,0.4268621077013538,0.3823973415645808,-0.7666680095771787,-0.1192044567522146,-0.6062173385750366,0.3803301419097577,0.8885169117366333,0.4320085169489204,-0.0440270971662763,0.3796594059860923,0.5488911455841717,-0.2693349396460532,-0.7426781009794928,0.3747780089407008,0.7559454835704759,-0.4173587864914779,-0.4388107900545797,0.374237697911348,0.2248813010556582,-0.9118455073237705,0.200487427655471,0.3637991994193094,-0.7630843163132613,0.3008017588731906,-0.5411806516458939,0.3290095607468415,0.3581024521924164,0.9176155031557762,-0.0937166026458301,0.328553141293228,0.2724583137927109,0.1940799551452872,0.8450510598446931,0.3241717657236731,-0.8870306071067315,-0.3527128775638372,-0.2437311115689221,0.3160335544500295,1,0,0,0,0,0,0,0,0,0,0,0,0,0,0,0,0,0,0,0,0,0,0,0,0,0,0,0,0,0,0,1,0,0,0,0,0,0,0,0,0,0,0,0,0,0,0,0,0,1,0,0,0,0,0,0,0,0,0,0,0,0,0,0,0,0,0,0,0,0,0,0,0,0,0,0,1,0,0,0,0,0,0,0,0,0,0,0,0,0,0,0,0,0,0,0,0,0,1,0,1,0,0,0,0,0,0,0,0,0,0,0,0,0,0,0,0,0,0,0,1,0,0,0,0,0,0,0,0,0,0,0,0,0,0,0,0,0,0,0,0,0,0,1,0,0,0,0,0,0,0,0,0,0,0,0,0,0,0,0,0,0,0,0,0,0,0,0,0,0,0,0,0,0,0,0,0,0,1,0,0,0,0,0,0,0,0,0,0,0,0,1,0,0,0,0,0,0,0,0,0,0,0,0,0,0,0,0,0,0,0,0,0,0,0,0,0,0,1,0,0,0,0,0,0,1,0,0,0,0,0,0,0,0,0,0,0,0,0,0,1,0,0,0,0,0,0,0,0,0,0,0,0,0,0,0,0,0,0,0,0,0,0,1,0,0,0,0,0,0,0,0,0,0,0,0,0,0,0,0,0,0,0,0,0,0,0,0,0,0,0,0,0,0,0,0,0,0,1,0,0,0,0,1,0,0,0,0,0,0,0,0,0,0,0,0,0,0,0,0,0,0,0,0,0,0,0,0,0,0,0,0,0,1,0,0,0,0,0,0,0,0,0,0,0,0,0,0,0,0,0,0,0,0,0,0,1,0,0,0,0,0,0,0,0,0,0,0,0,0,0,0,0,0,0,0,0,0,1,0,0,0,0,0,0,1,0,0,0,0,0,0,0,0,0,0,0,0,0,0,1,0,0,0,0,0,0,0,0,0,0,0,0,0,0,0,0,0,0,0,0,0,0,0,0,0,1,0,0,0,0,0,0,0,0,0,0,0,0,0,1,0,0,0,0,0,0,0,0,0,0,0,0,0,0,0,0,0,0,0,0,0,0,0,0,0,0,0,1,0,0,0,0,0,0,0,0,0,0,0,0,0,0,0,0,0,0,0,0,0,0,1,0,0,0,0,0,0,0,0,1,0,0,0,0,0,0,0,0,0,0,0,0,0,0,0,0,0,0,0,1,0,0,0,0,0,0,0,0,0,0,0,0,0,0,0,0,0,0,0,0,0,0,0,0,0,0,0,1,0,0,0,0,0,0,0,0,0,0,0,0,0,0,0,0,0,0,0,0,1,0,0,0,0,0,0,0,0,0,0,1,0,0,0,0,0,0,0,0,0,0,0,0,0,0,0,0,0,0,0,0,0,0,0,0,0,0,0,0,0,0,0,0,0,0,0,0,0,1,0,0,0,0,1,0,0,0,0,0,0,0,0,0,0,0,0,0,0,0,0,0,0,0,0,0,0,0,0,0,0,0,0,0,1,0,0,0,0,0,0,1,0,0,0,0,0,0,0,0,0,0,0,0,0,0,0,0,0,0,0,0,0,0,0,0,0,0,0,0,0,0,0,0,0,0,0,0,0,1,0,0,0,0,0,0,0,0,0,0,0,0,0,0,0,0,0,1,0,0,0,0,0,0,0,0,0,0,0,0,0,0,0,0,0,0,0,0,0,1,0,0,0,0,0,0,0,0,0,0,0,0,1,0,0,0,0,0,0,0,0,1,0,0,0,0,0,0,0,0,0,0,0,0,0,0,0,0,0,0,0,1,0,0,0,0,0,0,0,0,0,0,0,0,0,0,0,0,0,0,0,1,0,0,0,0,0,0,0,0,0,0,0,0,0,0,0,0,0,0,0,0,0,0,0,0,0,0,0,1,0,0,0,0,0,0,0,0,0,0,0,0,0,0,0,0,0,0,0,0,0,0,1,0,0,0,0,0,0,0,0,0,0,0,0,0,0,0,0,0,0,0,1,0,0,0,0,0,0,0,0,0,0,0,0,0,0,0,0,0,0,0,0,0,0,0,0,0,0,1,0,0,0,0,0,0,0,1,0,0,0,0,0,0,0,0,0,0,0,0,0,0,0,0,0,0,0,0,0,0,0,0,0,0,0,0,0,0,0,1,0,0,0,0,0,0,0,0,1,0,0,0,0,0,0,0,0,0,0,0,0,0,0,0,0,0,0,0,0,0,0,0,0,0,1,0,0,0,0,0,0,0,0,0,1,0,0,0,0,0,0,0,0,0,0,0,0,0,0,0,0
8.58,79,1.0,-5.521591105997238e-18,-3.987141864272401e-18,1.0554678883419752,-0.5609484489426968,-0.1124129748221531,0.66306810993667,0.6063595637895494,0.7709314491861898,-0.5959103561938617,-0.1083851008244577,0.560776699150605,0.8537203607762995,0.5158040320681153,-2.761988891433389e-18,0.5605797110951924,-0.5112763309089275,-0.2232356982991481,-0.765049169476287,0.4969825449800893,-0.0510195943785136,0.9189497607815266,-0.1622893046468713,0.4912627873007941,0.251284546031458,-0.954885462240678,0.0143358500751508,0.4845331455926115,-0.1222693919209586,-0.921792213341788,-0.0144317356152723,0.4813310171387364,-0.3718819094121389,0.8133090850978929,0.0543097125179075,0.4629231083339277,0.4161785032127774,0.8819092766420258,0.0743298886374124,0.4533468662573977,-0.79094897805056,-0.0447229359920178,-0.4756393414359342,0.4453594287257721,0.0584825940473806,-0.9405723478481391,0.2053042091686621,0.4415622018670751,0.1571525337879624,-0.3255135032163644,-0.8699181401375181,0.4221614821428202,-0.1213204231593549,0.7534798344794765,-0.5450019506608609,0.4069442715536725,0.8228741415124544,-0.483345077897618,0.1268989735025346,0.4042562716258395,-0.7391455656242021,-0.0105732064144283,0.5095779110735121,0.3995817760489978,0.6852568522433453,-0.4423289372556764,-0.5233693824851718,0.3891826340252596,0.4435352268187918,-0.2843917334441218,-0.805835997743008,0.3765632222415841,-0.7599165769836689,-0.5918020768976545,-0.019520508346427,0.3726959530235724,0.919612099760748,0.3633733820813052,-0.0741299713486935,0.3699101290476297,0.2725277914610844,0.7862820065661318,0.4761211924940999,0.3652796636857235,-0.879084056361038,-0.3030450357950932,-0.1306441177510007,0.3631107748194981,-0.7799077055978647,0.3490548901365401,-0.3622653435499883,0.331961191610012,0.1192128372990908,0.6861721284624384,-0.6766018744503121,0.3219884316303412,-0.8860474938441516,-0.0519417725226366,0.324963532125226,0.272885206376493,0,0,0,0,0,0,0,0,0,0,0,0,0,0,0,0,0,0,1,0,0,0,0,0,0,0,0,0,0,0,0,1,0,0,0,0,0,0,0,0,0,0,0,0,0,0,0,0,0,0,0,0,0,1,0,0,0,0,0,0,0,0,0,0,0,0,0,0,0,0,0,0,0,0,0,0,1,0,0,0,0,0,0,0,0,0,0,0,0,0,0,0,0,0,0,0,0,0,1,0,0,0,0,1,0,0,0,0,0,0,0,0,0,0,0,0,0,0,0,0,1,0,0,0,0,0,0,0,0,0,0,0,0,0,0,0,0,0,0,0,1,0,0,0,0,0,0,0,0,0,0,0,0,0,0,0,0,0,0,0,0,0,0,0,0,0,0,0,0,0,0,1,0,0,0,0,0,0,0,0,0,0,0,0,0,0,0,0,0,0,0,0,0,0,0,0,1,0,0,0,1,0,0,0,0,0,0,0,0,0,0,0,0,0,0,0,0,0,0,0,0,0,0,0,0,0,0,0,0,0,0,1,0,0,0,0,0,0,0,0,0,0,0,0,0,0,0,0,0,0,0,0,0,0,0,0,0,0,1,0,0,0,0,1,0,0,0,0,0,0,0,0,0,0,0,0,0,0,0,0,0,0,0,0,0,0,0,0,0,0,0,0,0,0,0,0,0,0,1,0,0,0,0,0,0,0,0,0,1,0,0,0,0,0,0,0,0,0,0,0,1,0,0,0,0,0,0,0,0,0,0,0,0,0,0,0,0,0,0,0,0,0,0,0,0,1,0,0,0,0,0,0,0,0,0,0,0,0,0,0,1,0,0,0,0,0,0,0,0,0,0,0,0,0,0,0,0,0,0,0,0,0,0,1,0,0,0,0,0,0,0,0,0,0,0,0,0,0,0,0,0,0,0,0,0,0,0,0,0,0,0,1,0,0,0,0,0,0,0,0,1,0,0,0,0,0,0,0,0,0,0,0,0,0,0,0,0,0,0,0,0,0,0,0,0,0,0,0,0,0,0,0,0,0,0,0,0,0,1,0,0,0,0,0,0,0,0,0,1,0,0,0,0,0,0,0,0,0,0,0,0,0,0,1,0,0,0,0,0,0,0,0,0,0,0,0,0,0,0,0,0,0,0,0,0,1,0,0,0,0,0,0,0,0,0,0,0,0,0,0,0,0,0,0,0,0,0,0,0,0,0,0,0,0,0,0,0,0,1,0,1,0,0,0,0,0,0,0,0,0,0,0,0,0,0,0,0,0,0,0,0,0,0,0,0,0,0,0,0,0,0,0,0,0,0,0,0,0,1,0,0,0,0,0,0,0,1,0,0,0,0,0,0,0,0,0,0,0,0,0,0,0,0,0,0,0,0,0,0,0,0,0,0,1,0,0,0,0,0,0,1,0,0,0,0,0,0,0,0,0,0,0,0,0,0,0,0,0,0,0,0,0,0,0,0,0,0,0,0,0,0,0,0,0,0,0,0,0,1,0,1,0,0,0,0,0,0,0,0,0,0,0,0,0,0,0,0,0,0,0,0,0,0,1,0,0,0,0,0,0,0,0,0,0,0,0,0,0,0,0,0,0,0,0,0,0,0,0,0,0,0,1,0,0,0,0,0,0,0,0,0,0,0,0,0,0,0,0,0,0,0,1,0,0,0,0,0,0,0,0,0,0,0,0,0,0,1,0,0,0,0,0,0,0,0,0,0,0,0,0,1,0,0,0,0,0,0,0,0,0,0,0,0,0,0,0,0,0,0,0,0,0,0,0,0,0,0,0,0,0,0,0,0,0,0,0,1,0,0,0,1,0,0,0,0,0,0,0,0,0,0,0,0,0,0,0,0,0,0,0,0,0,0,1,0,0,0,0,0,0,0,0,0,0,0,0,0,0,0,0,0,0,0,0,0,0,0,0,0,0,0,1,0,0,0,0,0,0,0,0,0,0,0,1,0,0,0,0,0,0,0,0,0,0,0,0,0,0,0,0,0,0,0,0,0,0,0,0,0,0,0,0,0,0,0,0,0,0,1,0,0,0,0,0,0,0,0,0,0,0,0,1,0,0,0,0,0,0,0,0,0,0,0,0,0,0,0,0,0,0,0,0,0,0,0,0,0,0,1,0,0,0,0,0,0,0,0,0,0,0,0,0,0,0,0,0,1,0,0,0,0,0,0,0,0,0,0,0,0,0,0,1,0,0,0,0,0,0,0,0,0,0,0,0,0,0,0,0,0,0,0,1,0,0,0,0,0,0,0,0
9.58,80,1.0,-6.7235973231132114e-18,-3.9776238752041016e-18,1.05316081553102,-0.6553858366086367,-0.0066053685461317,-0.2215355045277124,0.5974011881237296,0.7977810032692796,0.5814662984614277,-9.676764476629552e-18,0.5931997028067838,0.7505396388211798,-0.5528000207038015,0.2433660546492083,0.5746116307078714,0.2325420194235134,-0.9198490826665472,0.2227230997651984,0.4939579312393619,0.6690557418665894,-0.3571331237961889,0.5580285119839685,0.449301953211818,0.3816286073327363,0.8415187997377881,-0.2060647535097349,0.4481877551104202,-0.132727990389718,-0.7657899700859954,0.5547387695416971,0.4386197399861389,-0.1521750293628923,0.602052538746817,-0.5520110324028138,0.4221614821428202,0.1649458408536686,0.6620781957891897,-0.5703554342242289,0.4212271885353752,0.6007842871534903,-0.295398243045445,-0.6438402123501656,0.4202783561025756,0.0915810617340724,-0.9487244660366844,-0.0336744527714978,0.4107065852855071,0.0395874349816348,0.8940706013336968,0.06714577261485,0.3965612141451897,0.8548458465427913,0.4367448574640141,0.1186377629729519,0.3904090061557068,-0.1476218116947968,-0.4553819389524997,0.8148533034211626,0.3890428441617745,0.1557664063517552,-0.9222231622160516,0.1633741410135567,0.376113379975354,-0.2542229627797455,0.7978566854837691,0.0718684931401451,0.375912390498106,-0.6898378058749323,0.0366345894422157,-0.3060970999387608,0.3755956218346722,0.0523021569770286,-0.3508508441527839,-0.8147771836752218,0.3753785807391248,0.8023578252790328,-0.4711713279001778,-0.0762752745903316,0.3660425445854398,0.7506743171737577,-0.3513367862949999,-0.4173549931695683,0.3502065181721819,-0.2922103355362884,0.5210320061033223,0.6140177394105408,0.2796789667113553,-0.4809341496859869,-0.7655583540244735,0.3875051396493209,0.275853867892728,-0.4573993596753007,-0.1002581531407645,-0.7933695856558328,0.2569108380839178,0.1327533304238302,0.5364932618832838,-0.7381800197614954,0.247347087614667,0,0,0,1,0,0,0,0,0,0,0,0,0,0,0,0,0,0,0,0,0,0,0,0,0,0,0,0,0,0,0,1,0,0,0,0,0,0,0,0,0,0,0,0,0,0,0,0,0,0,0,1,0,0,0,0,0,0,0,0,0,0,0,0,0,0,0,0,0,0,0,0,0,0,0,0,1,0,0,0,0,0,0,0,0,0,0,0,0,0,0,0,0,0,0,0,0,0,1,0,1,0,0,0,0,0,0,0,0,0,0,0,0,0,0,0,0,0,0,0,0,0,0,1,0,0,0,0,0,0,0,0,0,0,0,0,0,0,0,0,0,0,0,1,0,0,0,0,0,0,0,0,0,0,0,0,0,0,0,0,0,0,0,1,0,0,0,0,0,0,0,0,0,0,0,0,0,0,0,0,0,0,0,1,0,0,0,0,0,0,0,0,0,0,0,0,0,0,0,0,0,0,0,1,0,0,0,0,0,0,0,0,0,0,0,0,0,0,0,0,0,0,0,0,0,0,1,0,0,0,0,0,0,0,0,0,0,0,0,0,0,0,0,0,0,0,0,0,0,0,0,0,0,0,0,0,0,0,1,0,0,0,0,1,0,0,0,0,0,0,0,0,0,0,0,0,0,0,0,0,0,0,0,1,0,0,0,0,0,0,0,0,0,0,0,0,0,0,0,0,1,0,0,0,0,0,0,0,0,0,0,0,0,0,0,0,0,0,0,0,0,0,0,0,0,0,0,0,0,0,0,0,0,0,0,0,0,0,1,0,0,0,0,0,0,1,0,0,0,0,0,0,0,0,0,0,0,0,0,0,0,0,0,0,0,0,0,0,0,0,0,0,0,0,0,0,0,0,1,0,0,0,0,0,0,0,0,0,0,0,0,1,0,0,0,0,0,0,0,0,0,0,0,0,0,0,0,0,0,0,0,0,0,0,0,0,1,0,0,0,0,0,0,0,0,1,0,0,0,0,0,0,0,0,0,0,0,0,0,0,0,0,0,1,0,0,0,0,0,0,0,0,0,0,0,0,0,0,0,0,0,0,0,0,0,0,0,0,1,0,0,0,0,0,0,0,0,0,0,0,0,0,0,0,0,0,0,0,0,0,0,0,0,0,0,0,0,0,1,0,0,0,0,1,0,0,0,0,0,0,0,0,0,0,0,0,0,0,0,0,0,0,0,0,0,0,0,0,0,0,0,0,0,0,0,0,0,0,1,0,0,0,0,0,0,0,0,0,0,0,0,0,0,0,0,0,1,0,0,0,0,0,0,1,0,0,0,0,0,0,0,0,0,0,0,0,0,0,0,0,0,0,0,0,0,0,0,0,0,0,0,0,0,0,0,0,1,0,0,0,0,0,0,1,0,0,0,0,0,0,0,0,0,0,0,0,0,0,0,0,0,0,0,0,0,0,0,0,1,0,0,0,0,0,0,0,0,0,0,0,0,0,0,0,0,0,0,0,0,0,0,0,0,0,0,0,0,0,1,0,0,0,0,0,0,0,0,0,1,0,0,0,0,0,0,0,0,0,0,0,0,0,0,0,0,0,0,0,0,0,0,1,0,0,0,0,0,0,0,0,1,0,0,0,0,0,0,0,0,0,0,0,0,0,0,0,0,0,0,0,0,0,0,0,0,0,0,0,0,0,0,0,0,0,0,0,0,0,1,0,0,0,0,0,0,0,0,0,0,0,0,0,0,0,0,0,1,0,0,0,0,0,0,1,0,0,0,0,0,0,0,0,0,0,0,0,0,0,0,0,1,0,0,0,0,0,0,0,0,0,0,0,0,0,0,0,0,0,0,0,0,0,0,0,0,0,0,0,0,0,0,0,0,0,0,0,1,0,0,0,0,0,0,0,0,0,0,0,0,0,0,1,0,0,0,0,0,0,0,0,0,0,0,0,0,0,0,0,0,0,0,0,0,0,0,0,0,0,1,0,0,0,0,0,0,0,0,1,0,0,0,0,0,0,0,0,0,0,0,0,0,0,0,1,0,0,0,0,0,0,0,0,0,0,0,0,0,0,0,0,0,0,0,0,0,0,0,0,0,0,0,0,0,0,0,0,1,0,0,0,0,0,0,0,0,0,0,0,0,0,0,0,0,0,0,0,0,0,1,0,1,0,0,0,0,0,0,0,0,0,0,0,0,0,0,0,0,0,0,0,1,0,0,0,0,0,0,0,0,0,0,0,0,0,0,0,0,0,0,0,1,0,0,0,0,0,0,0,0,0,0,0,0,0,0,0,0,0,0,0
7.62,81,1.0,-4.866738493007647e-18,-1.0380640752218668e-17,1.0561518244387962,-0.8402594674129193,-0.0695777487480366,0.4352525153029815,0.6097053598494555,0.8407278924275647,0.5389603459442609,-4.873210759341817e-18,0.563328112126484,0.8185461964272156,-0.5455780127223082,0.1196693537474221,0.5369950947532285,-0.0575472623246073,0.8404509388907115,-0.4778467781791622,0.5059966432706665,-0.029246171537596,-0.827761731307789,0.4224929007347525,0.4675701954197274,0.3705814355757838,0.9105237594591182,-0.1120980491932623,0.4662227348118395,0.3579323246455534,-0.8477364683430112,0.3733751341311712,0.4548463848225174,0.5308514190890463,-0.1373671395494234,-0.8092286471452897,0.4546771026530975,-0.3014047635401223,-0.4582419748085913,-0.7935506679814113,0.429949051111287,-0.3387734221403874,0.8481202295045536,-0.278025122354255,0.4202783561025754,-0.2675742223018024,-0.8027216912124568,0.3056945504177079,0.4069533328425264,-0.6351989136503111,-0.2632805684425016,-0.6666052081347971,0.4061919412821607,-0.0295245028542296,0.5572232556006553,-0.7880933773174756,0.403238390750816,0.8785915997171919,-0.3196661293888816,0.2922502424312901,0.3963587908268016,-0.92275975046322,0.0007589397356972,0.2419446067478899,0.3917723327117409,0.7347319422519724,-0.5738758102800062,-0.3146098980457171,0.3786766565640763,0.1387811212492678,0.9236162726988348,0.3048779827666743,0.3780485302780813,0.6340678212449885,-0.3922325367767261,-0.6357930474716574,0.3770178448298419,0.9156213250163489,0.3905365056031923,0.0265892554753229,0.3674643939000214,-0.6417541614588174,0.1239969149643393,-0.6902875132349685,0.3562646302506672,0.2871387733640597,0.440965927572057,-0.8231781680220619,0.3473957634158277,-0.1050125773241397,0.7902599879053492,0.5563662409784467,0.3233047036136323,-0.8065411718375,-0.4179272841535513,-0.3277196542853326,0.3077615029776097,-0.9420440120327014,-0.1586518945958341,-0.070896303183781,0.2984145087488284,0,0,0,0,0,0,0,0,0,0,0,0,0,0,0,0,1,0,0,0,0,0,0,0,0,0,0,0,0,0,0,1,0,0,0,0,0,0,0,0,0,0,0,0,0,0,0,0,0,0,0,0,0,0,0,0,0,0,1,0,0,0,0,0,0,0,0,0,0,0,0,0,0,0,0,0,1,0,0,0,0,0,0,1,0,0,0,0,0,0,0,0,0,0,0,0,0,0,0,0,1,0,0,0,0,0,0,0,0,0,0,0,0,0,0,0,0,0,0,0,0,0,0,0,0,0,0,0,0,0,0,0,0,0,0,0,1,0,0,0,0,0,0,1,0,0,0,0,0,0,0,0,0,0,0,0,0,0,0,0,0,0,0,1,0,0,0,0,0,0,0,0,0,0,0,0,0,0,0,0,0,0,0,0,0,0,0,0,0,0,0,1,0,0,0,0,0,0,0,0,0,0,0,0,0,0,0,0,0,0,0,0,0,0,0,0,1,0,0,0,0,0,0,0,0,0,0,0,0,0,0,0,0,0,0,0,0,1,0,0,0,0,0,1,0,0,0,0,0,0,0,0,0,0,0,0,0,0,0,0,0,0,0,1,0,0,0,0,0,0,0,0,0,0,0,0,0,0,0,0,0,0,0,0,0,0,0,0,0,0,0,0,0,0,0,0,1,0,0,0,0,0,0,1,0,0,0,0,0,0,0,0,0,0,0,0,0,0,0,0,0,1,0,0,0,0,0,0,0,0,0,0,0,0,0,0,0,0,0,0,0,0,0,0,0,1,0,0,0,0,0,0,0,0,0,0,0,0,0,0,1,0,0,0,0,0,0,0,0,0,0,0,0,0,0,0,0,0,0,0,0,0,0,0,0,0,0,0,0,0,0,0,0,0,0,0,1,0,0,0,0,0,0,1,0,0,0,0,0,0,0,0,0,0,0,0,0,0,0,0,0,0,0,0,0,1,0,0,0,0,0,0,0,0,0,0,0,0,0,0,0,0,0,0,0,0,0,0,0,0,0,0,0,0,0,0,1,0,0,0,0,0,0,0,0,0,0,0,0,1,0,0,0,0,0,0,0,0,0,0,1,0,0,0,0,0,0,0,0,0,0,0,0,0,0,0,0,0,0,0,1,0,0,0,0,0,0,0,0,0,0,0,0,0,0,0,0,0,0,0,0,0,0,0,0,0,0,0,0,0,0,0,0,0,0,0,0,0,1,0,1,0,0,0,0,0,0,0,0,0,0,0,0,0,0,0,0,0,0,0,0,0,0,0,0,0,0,0,0,0,0,0,0,0,0,0,1,0,0,0,0,0,0,0,0,0,1,0,0,0,0,0,0,0,0,0,0,0,0,0,0,0,0,0,0,0,0,0,0,0,0,0,0,0,0,0,0,0,1,0,1,0,0,0,0,0,0,0,0,0,0,0,0,0,0,0,0,0,0,0,0,0,0,0,0,0,0,0,0,0,0,0,0,0,0,0,1,0,0,0,1,0,0,0,0,0,0,0,0,0,0,0,0,0,0,0,0,0,0,0,0,0,0,1,0,0,0,0,0,0,0,0,0,0,0,0,0,0,0,0,0,0,0,1,0,0,0,0,0,0,0,0,0,0,0,0,0,0,0,0,0,1,0,0,0,0,0,0,0,0,0,0,0,0,0,0,0,0,0,0,0,0,0,0,0,0,0,0,0,0,0,1,0,0,0,0,0,0,0,0,0,0,0,1,0,0,0,0,0,0,0,0,0,0,0,0,0,0,0,0,0,0,0,0,0,0,0,0,0,0,0,0,0,0,0,0,1,0,0,0,0,0,0,0,0,0,0,0,0,0,0,0,0,0,0,0,0,0,1,0,0,0,0,0,0,0,0,0,0,0,0,1,0,0,0,0,0,0,0,0,0,0,0,0,0,0,0,0,0,0,0,0,0,0,0,0,0,0,1,0,0,0,0,0,0,0,0,0,0,0,0,0,0,0,0,0,1,0,0,0,0,0,0,1,0,0,0,0,0,0,0,0,0,0,0,0,0,0,0,0,0,0,0,0,0,0,0,0,1,0,0,0,0,0,0,0,0,0,0,0,1,0,0,0,0,0,0,0,0,0,0,0,0,0,0,0,0,0,0,0,0,0,0,1,0,0,0,0,0,0,0,0,0,0,0,0,0,0,0,0,1,0,0,0,0,0,0,0,0,0,0,0,0,0,0,0,0,0,0,0,0,0,0,0,0,0,0,0,0,0,0,1,0,0,0,0,0,0,0,0
7.66,82,1.0,-1.0719924720943225e-17,-6.9276907376197294e-18,1.0548192344395613,0.7210181163415588,-0.6731754526789178,-0.1074825807220332,0.5876415476862163,-0.8699643811025419,-0.2860399836623638,-0.2990682824516482,0.5772102402808688,0.8814801771301294,0.4654524500442793,8.73648424209514e-18,0.5654689350088917,-0.0828674804589628,0.9606079397949052,-0.0483662775937165,0.5304070016590131,0.2933132863966757,-0.9345067552219906,-0.1375257301138514,0.5086081365728583,-0.2163037512031334,0.0145314001933878,0.9426415380907118,0.4835233684400677,-0.958542832864968,-0.0038466675215772,0.0556400021940189,0.4627889177475852,-0.3011660098786176,0.8509314386612588,0.2872366743583164,0.4546771026530975,0.4589585606736189,0.8753847665018821,-0.0053520740021721,0.4520195130624416,-0.2708787707974111,0.8064143079892325,-0.4618099238480256,0.4431717512789735,0.3556538445465402,-0.3631884358090702,0.7838345415515319,0.4297526341862486,0.669123609499318,-0.6485546047260945,0.3293752111404283,0.3903313202253139,-0.8612048438139072,0.4046283915455232,-0.0280717885896564,0.389314656525728,0.7565620889257654,-0.4608096668472792,-0.4304078956548418,0.3754327767681554,0.5032005636149838,-0.4878099923117052,0.693339457247316,0.3730673235758541,-0.0448025393789273,0.6732847422905552,-0.7115161049223222,0.3720183585966909,0.951660385624078,0.283485126659047,0.0189829032379208,0.3716888969151206,-0.7475417524146696,-0.4937008315630614,0.4188259709856523,0.3592677033347312,-0.6531732441421274,0.5997409684826269,-0.3574036541794688,0.3542153566431681,-0.4471038411623612,0.1176241137454533,0.8487104743602625,0.35173426478422,-0.8649219144627602,-0.1993978763128945,0.4035407975679794,0.3487800418124459,0.4676246110867119,0.831431219897734,-0.2663786310189621,0.348664711853108,0.5451130615380236,-0.2695746855123068,-0.7725448124250722,0.3485304448713232,0.0872720349645673,-0.4374046240377989,-0.8901475016531819,0.2737737671835646,0,1,0,0,0,0,0,0,0,0,0,0,0,0,0,0,0,0,0,0,0,0,0,0,0,0,0,0,0,0,0,1,0,0,0,0,0,0,0,0,0,1,0,0,0,0,0,0,0,0,0,0,0,0,0,0,0,0,0,0,0,0,0,1,0,0,0,0,0,0,0,0,0,0,0,0,0,0,0,0,0,0,0,0,0,0,0,0,0,0,0,0,0,0,0,0,0,0,1,0,0,0,0,0,0,0,0,0,0,0,0,0,0,0,0,0,1,0,0,0,0,0,0,0,0,0,0,0,0,0,0,0,0,0,0,0,1,0,0,0,1,0,0,0,0,0,0,0,0,0,0,0,0,0,0,0,0,0,0,0,0,0,0,0,0,0,0,0,0,0,0,0,0,0,0,0,1,0,0,0,0,0,0,0,0,0,0,0,0,0,0,1,0,0,0,0,0,0,0,0,0,1,0,0,0,0,0,0,0,0,0,0,0,0,0,0,0,0,0,0,0,0,0,0,0,0,1,0,0,0,0,0,0,0,0,0,0,0,0,0,1,0,0,0,0,0,0,0,0,0,0,0,0,0,0,0,0,0,0,0,0,0,0,0,0,0,0,0,0,0,0,0,0,0,0,0,1,0,0,0,0,0,0,0,0,0,0,0,0,0,0,0,0,0,0,0,0,0,1,0,1,0,0,0,0,0,0,0,0,0,0,0,0,0,0,0,0,0,0,0,0,0,0,0,0,0,0,0,0,0,0,0,0,0,0,0,1,0,0,0,0,0,0,0,0,1,0,0,0,0,0,0,0,0,0,0,0,0,0,0,0,0,0,0,0,0,0,0,0,0,0,0,0,0,0,0,1,0,0,0,0,0,0,1,0,0,0,0,0,0,0,0,0,0,0,0,0,0,0,0,0,0,0,1,0,0,0,0,0,0,0,0,0,0,0,0,0,0,0,0,1,0,0,0,0,0,0,0,0,0,0,0,0,0,0,0,0,0,0,0,0,0,0,0,0,0,0,0,0,0,1,0,0,0,0,0,0,0,0,0,0,0,0,0,0,1,0,0,0,0,0,0,0,0,0,0,0,0,0,0,0,1,0,0,0,0,0,0,0,0,0,0,0,0,0,0,0,0,0,0,1,0,0,0,0,0,0,0,0,0,0,0,0,0,0,0,0,0,0,0,0,0,0,1,0,0,0,0,0,0,0,0,0,0,0,0,0,0,0,0,0,0,0,0,0,0,0,0,0,0,0,1,0,0,0,0,0,0,0,0,0,1,0,0,0,0,0,0,0,0,0,0,0,0,0,0,0,0,0,0,0,0,0,1,0,0,0,0,0,0,0,0,0,0,0,0,0,0,0,0,0,0,0,0,0,0,0,0,0,0,1,0,0,0,0,0,0,0,0,0,0,0,0,0,0,0,0,0,0,0,0,1,0,0,0,0,0,0,0,0,0,0,0,1,0,0,0,0,0,0,0,0,0,0,0,0,0,0,0,0,0,0,0,0,0,0,0,0,0,0,0,0,0,0,0,0,1,0,0,0,0,0,0,0,0,0,0,0,0,0,0,0,0,0,0,0,1,0,0,0,0,0,0,0,0,0,0,0,0,0,0,0,0,0,0,0,1,0,0,0,0,0,0,0,0,0,0,0,0,0,0,0,0,0,0,0,0,0,1,0,0,0,0,0,0,0,1,0,0,0,0,0,0,0,0,0,0,0,0,0,0,0,0,1,0,0,0,0,0,0,0,0,0,0,0,0,0,0,0,0,0,0,0,1,0,0,0,0,0,0,0,0,0,0,0,0,0,0,0,0,1,0,0,0,0,0,0,0,0,0,0,0,0,0,0,0,0,0,0,0,1,0,0,0,0,0,0,0,0,0,0,0,0,0,0,0,0,0,0,0,0,0,0,0,0,0,0,0,0,0,0,0,0,0,0,0,0,0,1,0,0,0,0,1,0,0,0,0,0,0,0,0,0,0,0,0,0,0,0,0,0,0,0,0,0,0,0,0,0,0,0,0,0,0,0,0,1,0,0,0,0,0,0,0,0,0,1,0,0,0,0,0,0,0,0,0,0,0,0,0,0,1,0,0,0,0,0,0,0,0,0,0,0,0,0,0,0,0,0,0,0,0,0,1,0,0,0,0,0,0,0,0,0,0,0,0,0,0,0,0,0,1,0,0,0,0,0,0,0,0,0,0,0,0,0,0,0,0,0,0,0,0,0,1,0,0,0,0,0,0,0,0,0,0,0,0,0,0,0,0
8.75,83,1.0,4.343146956785227e-18,1.3992305966518465e-17,1.0542784406206775,-0.4688647031245757,-0.2114942582691708,-0.0669527752413561,0.5898802712516472,0.7820472996769217,0.6019649988075967,8.881823215988336e-18,0.5796358258938961,0.7758518654808463,-0.5172701457250202,-0.0346627079267052,0.557682343761556,0.1052405484006261,-0.4100883315676428,-0.728087981300662,0.5159293777171592,0.0157636411027972,0.7491211854081307,0.2233994032019007,0.4670709711734872,0.0176568130160011,-0.4033889824064111,0.6969237343739599,0.4658697314161405,0.3916372342441908,-0.8201574998856799,0.2264671223503613,0.452844885225052,0.3564667617494266,0.857317242794877,0.0342256166230534,0.4512887913676517,-0.1961416544536072,0.6407199083617776,0.0554135786645597,0.4297526341862486,0.3657375463547357,-0.4318517987226256,-0.6742984873878023,0.421746978830159,0.2893787167309,0.8139273193539933,-0.2398177040707635,0.4094033848718399,0.5878800577857471,-0.5163191306236996,-0.4453660856430188,0.4082054741048539,0.2289729079499058,-0.6118194403268642,0.584799548645916,0.3988743075481604,0.8152343499199469,-0.2842364707765719,0.0342525055916431,0.3972759660768828,-0.0530716669722221,0.6282634937545213,0.4388537530390584,0.3853277952621051,0.8255795944969245,0.4776243267954356,-0.0052875482570693,0.3845254925138795,-0.5443276214622159,-0.34800165448259,-0.1358511739738886,0.3815970348068541,0.2360751372344533,-0.8853652146828251,0.2129593113903335,0.3314086980704442,0.1151421388193611,-0.9329824402794376,0.093326863312827,0.3252400790324814,-0.8165774492574479,0.2103641391127322,-0.2159901861579866,0.2176611121928705,-0.7289245995993469,-0.5072830197564725,-0.0930614860135936,0.1945029957463848,-0.8202820541031496,-0.1089082900917857,0.1622699515698434,0.1891115216320329,-0.3922890397502291,-0.1037221752306498,0.6804366863328595,0.1801356620196605,-0.4231130831523494,0.29465853416325,-0.7961293576783822,0.1792551856123774,0,0,0,0,0,0,0,0,0,0,1,0,0,0,0,0,0,0,0,0,0,0,0,0,0,0,0,0,0,0,0,1,0,0,0,0,0,0,0,0,1,0,0,0,0,0,0,0,0,0,0,0,0,0,0,0,0,0,0,0,0,0,0,0,0,0,0,0,0,0,0,0,0,0,0,0,1,0,0,0,0,1,0,0,0,0,0,0,0,0,0,0,0,0,0,0,0,0,0,0,1,0,0,0,0,0,0,0,0,0,0,0,0,0,0,0,0,0,0,0,0,0,0,0,0,0,0,0,0,0,1,0,0,0,0,0,0,0,0,0,0,0,0,1,0,0,0,0,0,0,0,0,0,0,0,0,0,0,0,0,0,0,0,0,0,0,0,0,0,1,0,0,0,0,0,0,0,0,0,0,0,0,0,0,0,1,0,0,0,0,0,0,0,0,0,0,0,0,0,0,0,1,0,0,0,0,0,0,0,0,0,0,0,0,0,0,0,0,0,0,0,0,0,0,0,0,0,0,0,0,0,1,0,0,0,0,0,0,0,0,0,0,0,0,0,0,0,0,0,0,1,0,0,0,0,0,0,0,0,0,0,0,0,0,0,0,0,0,1,0,0,0,0,0,0,0,0,0,0,0,0,0,0,0,0,0,0,0,0,0,1,0,0,0,0,0,0,0,0,0,0,0,0,1,0,0,0,0,0,0,0,0,0,0,0,0,0,0,0,0,0,1,0,0,0,0,0,0,0,0,0,0,0,0,0,0,0,0,0,0,0,0,0,1,0,0,0,0,0,0,0,0,0,0,0,0,0,0,0,0,0,1,0,0,0,0,0,0,0,0,0,0,0,0,0,0,0,0,0,0,0,0,0,0,0,1,0,0,0,0,0,0,0,0,0,0,0,0,0,0,0,0,0,0,0,0,0,0,0,1,0,0,0,0,0,0,0,0,0,0,0,0,0,0,0,0,0,0,0,0,0,1,0,0,0,0,0,0,0,0,0,1,0,0,0,0,0,0,0,0,0,0,0,0,0,0,0,0,0,0,0,0,0,0,0,0,1,0,0,0,0,0,0,0,0,0,0,0,0,0,0,0,0,0,0,0,0,0,0,0,1,0,0,0,0,0,0,0,0,0,1,0,0,0,0,0,0,0,0,0,0,0,0,0,0,0,0,0,0,0,0,0,0,0,0,0,0,0,0,0,1,0,0,0,0,0,0,0,0,0,0,0,0,1,0,0,0,0,0,0,0,0,0,0,0,0,0,0,0,0,0,0,0,0,0,0,0,0,0,0,1,0,0,0,0,0,0,0,0,0,0,0,0,0,0,0,1,0,0,0,0,0,0,0,0,0,0,0,0,0,0,0,0,0,0,0,0,0,0,0,0,0,0,0,0,0,1,0,0,0,1,0,0,0,0,0,0,0,0,0,0,0,0,0,0,0,0,0,0,0,0,1,0,0,0,0,0,0,0,0,0,0,0,0,0,0,0,0,0,0,0,0,0,0,0,0,0,0,0,0,0,0,0,0,0,0,1,0,0,0,1,0,0,0,0,0,0,0,0,0,0,0,0,0,0,0,0,0,0,0,1,0,0,0,0,0,0,0,0,0,0,0,0,0,0,0,0,0,0,0,0,0,0,0,0,0,0,0,0,0,1,0,0,0,0,0,0,0,0,0,0,0,0,0,0,0,0,0,1,0,0,0,0,0,0,0,0,0,0,0,0,0,0,0,0,0,0,0,0,0,1,0,0,0,0,0,0,0,0,0,0,0,0,0,0,0,0,0,1,0,0,0,0,0,0,0,0,0,0,0,0,0,0,0,0,0,0,0,0,0,0,0,0,0,0,0,0,0,1,0,0,0,0,0,0,0,1,0,0,0,0,0,0,0,0,0,0,0,0,0,1,0,0,0,0,0,0,0,0,0,0,0,0,0,0,0,0,0,0,0,0,0,0,0,0,0,1,0,0,0,0,0,0,0,0,0,0,0,0,0,0,0,0,0,0,0,0,0,0,0,0,0,0,0,0,0,0,0,1,0,0,0,0,0,0,0,0,0,0,0,0,1,0,0,0,0,0,0,0,0,0,0,0,0,0,0,0,0,0,0,0,0,0,0,0,0,1,0,0,0,0,0,0,0,0,0,0,0,0,1,0,0,0,0,0,0,0,0,0,0,0,0,0,0,0,0,0,0,0,1,0,0,0,0,0,0,0,0,0,0,0,0,0,0,0,0,0,0,0,0,0,0,0,0,0,0,1,0,0,0
6.93,84,1.0,2.616731737605309e-18,1.2725653685612004e-17,1.050879574647165,0.8852733426735149,0.4623628062449842,1.420770309167821e-17,0.5855420628366883,0.7425861892852507,-0.6324981452654812,0.0603538027628864,0.5736301354122321,-0.2543707986335793,0.7563619134595576,-0.3587772072198835,0.5159293777171592,0.0584468744899676,0.81396606095681,-0.457449781469569,0.4880024554564429,0.022478461817989,-0.7354731727348518,-0.6274495843411014,0.4875939004263158,-0.3034113421960182,-0.6064069177049529,0.5113473559073892,0.4845916937475892,-0.2147121734632115,-0.6140150964611387,0.5282299272644122,0.4795645465726976,-0.0797265799798131,-0.703359254227998,0.625586692265942,0.4611699891137651,0.4813735044347252,0.8443051978044901,-0.1470319837292449,0.4550734527661728,0.3935557835127861,-0.8058088662471571,-0.3760737905631516,0.4541604845462615,0.4001347028120626,-0.7188414090741926,0.5093540591107223,0.4424654948780908,-0.750091248651563,0.4406831773839091,0.0232412565551136,0.4359454089724209,-0.7974189544208535,-0.4644738405858071,-0.170859189793903,0.4097509522708351,0.8453526642371474,-0.4222615511746094,-0.011286423687893,0.3984530094038957,0.9398910853041736,0.2941790384757888,0.0993811395293076,0.3837816761566012,-0.8055749863744331,0.2148090407213092,0.2871572367761159,0.3679507697979411,0.0446969719575683,0.5937250678811583,-0.7228496870016646,0.3620608925397356,0.274668863905733,0.8992118611938181,0.2198379109449685,0.3599185220740658,0.5947346679375121,0.7526060503782153,-0.2570721487316478,0.340127621342012,0.5228654533736896,-0.3747050208394689,0.6979893960091641,0.3090860133829829,-0.8936882634829616,-0.1171205812127041,0.1910261238703615,0.2938486285496569,-0.3510698610963071,0.2217125417993409,-0.8266415045101264,0.2697958783835149,0.1812330119041079,0.7779279485999849,0.508122956732957,0.2687518921624851,0.236453543944462,-0.7913417930822302,0.4477397088415177,0.247801771690577,0,0,0,0,0,0,0,0,0,1,0,0,0,0,0,0,0,0,0,0,0,0,0,0,0,0,0,0,0,0,0,1,0,0,0,0,0,0,0,0,0,0,0,0,0,0,0,0,0,0,1,0,0,0,0,0,0,0,0,0,1,0,0,0,0,0,0,0,0,0,0,0,0,0,0,0,0,0,0,0,0,0,0,0,0,0,0,0,0,1,0,0,0,0,0,0,0,0,0,0,0,0,0,1,0,0,0,0,0,0,0,0,0,0,0,0,0,0,0,0,0,0,0,0,0,0,0,0,0,0,1,0,0,0,0,0,0,0,0,0,0,0,0,0,0,1,0,0,0,0,0,0,0,0,0,0,0,0,0,0,0,0,0,0,0,0,0,0,0,0,1,0,0,0,0,0,0,0,0,0,0,0,0,0,0,0,0,0,0,0,0,1,0,0,0,0,0,0,0,0,0,0,0,0,0,0,0,0,0,1,0,0,0,0,0,0,0,0,0,0,0,0,0,0,0,0,0,0,0,0,0,0,0,0,0,0,1,0,0,0,0,0,0,0,0,0,0,0,0,1,0,0,0,0,0,0,0,0,0,0,0,0,0,0,0,0,0,0,1,0,0,0,0,0,0,0,0,0,0,0,0,0,0,0,0,0,0,0,0,1,0,0,0,0,0,0,0,0,0,0,0,0,0,0,0,0,0,0,1,0,0,0,0,0,0,0,0,0,0,0,0,0,0,0,0,0,0,0,0,1,0,0,0,0,0,0,0,0,0,0,0,0,0,1,0,0,0,0,0,0,0,0,0,0,0,0,0,0,0,0,0,0,0,0,0,0,0,0,0,0,1,0,0,0,0,0,0,0,0,0,0,0,0,1,0,0,0,0,0,0,0,0,0,0,0,0,0,0,0,0,0,0,0,0,0,0,0,0,0,1,0,0,0,0,0,0,0,0,0,0,1,0,0,0,0,0,0,0,0,0,0,0,0,0,0,0,0,0,0,0,0,0,0,0,0,0,0,0,0,1,0,0,0,0,0,0,0,0,0,0,0,0,0,1,0,0,0,0,0,0,0,0,0,0,0,0,0,0,0,0,1,0,0,0,0,0,0,0,0,0,0,0,0,0,0,0,0,0,0,0,0,0,0,0,0,0,0,0,0,0,0,0,0,0,0,0,1,0,0,0,0,0,0,0,0,0,0,0,0,0,0,0,0,0,0,0,0,0,1,0,0,0,0,0,0,0,1,0,0,0,0,0,0,0,0,0,0,0,0,0,0,0,0,0,0,0,0,0,0,1,0,0,0,0,0,0,0,0,0,0,0,0,0,0,0,0,1,0,0,0,0,0,0,0,0,0,0,0,0,0,0,0,0,0,0,0,0,0,0,0,1,0,0,0,0,0,0,0,0,0,0,0,0,0,0,0,0,0,0,0,0,0,0,0,0,0,1,0,0,0,1,0,0,0,0,0,0,0,0,0,0,0,0,0,0,0,0,0,0,0,1,0,0,0,0,0,0,0,0,0,0,0,0,0,0,0,0,0,0,0,0,1,0,0,0,0,0,0,0,0,0,0,0,0,0,0,0,0,0,0,1,0,0,0,0,0,0,0,0,0,0,0,0,0,0,0,0,0,0,0,0,0,0,0,0,0,0,0,0,0,1,0,0,0,0,0,0,0,0,0,0,0,0,1,0,0,0,0,0,0,0,0,0,0,0,0,0,0,0,0,0,0,0,0,0,0,0,0,0,0,1,0,0,0,0,0,0,0,0,0,0,0,0,0,0,0,1,0,0,0,0,0,0,0,0,0,0,0,0,0,0,0,0,0,0,0,0,0,0,1,0,0,0,0,0,0,0,0,0,0,0,0,0,1,0,0,0,0,0,0,0,0,0,0,0,0,0,0,0,0,0,0,0,0,0,0,0,0,0,0,0,0,0,0,0,0,0,0,1,0,0,0,0,0,0,0,0,0,0,0,0,1,0,0,0,0,0,0,0,0,0,1,0,0,0,0,0,0,0,0,0,0,0,0,0,0,0,0,0,0,0,0,0,0,0,0,1,0,0,0,0,0,0,0,0,0,0,0,0,0,0,0,0,0,0,0,0,0,0,0,1,0,0,0,0,0,0,0,0,0,0,0,0,0,0,0,0,0,1,0,0,0,0,0,0,0,0,0,0,0,0,0,0,0,0,0,0,0,0,1,0,0,0,0,0,0,0,0,0,0,0,0,0,0,0,0,0,0,1,0,0,0,0,0,0,0,0,0,0,0
8.98,85,1.0,-1.5152900193856465e-17,-1.2413500135371384e-17,1.0461005065458728,0.8170837362647363,0.5726165627291369,-4.502408880888063e-18,0.5736445040920718,0.8060986485297305,-0.5561524794801318,0.1396696623871858,0.5418335839926625,0.0743735775082903,-0.6147433199772934,-0.760410798905431,0.5296229837885282,0.0330849436648932,0.9480485872981252,0.1754705017502099,0.5068981267632895,0.3979016305219444,-0.7204628874295389,0.5145758646262836,0.451966702888507,0.3583201782200732,0.913056476560641,-0.0737335326087345,0.4489281906648948,0.4204280724986444,-0.6258331505254271,-0.6273141408049951,0.4220405481587655,0.1424096039744734,-0.8374332664704868,0.4049437930679461,0.4060415040616333,-0.04872028040179,0.6482841932071515,-0.6950411934459951,0.4041006163990819,0.1953440792868081,-0.1791814994165514,0.8617093548860041,0.4004761996910829,0.6210294744904921,-0.712892678402841,-0.2807098799146849,0.3987661516969262,0.8968840828902023,-0.3474060994100238,0.1553088201690811,0.3864152352311952,0.3146845105751279,-0.360922745793162,0.8256043000711571,0.3813429614768837,0.2379234487927236,-0.8341170856893138,0.4052239399786858,0.3799807929467053,0.9092696323302544,0.3966068898109353,0.0278646349178854,0.376830169481488,0.1733511785265509,-0.2172859846983605,0.8555814863753264,0.3751401677397908,0.1815433931943912,0.8055500888239342,-0.4924451640041222,0.3738630230456873,0.4196949577712091,0.8980386953912702,0.0656099138934065,0.2996587705637501,-0.0512101937519826,0.8133600469317621,-0.4259287993996228,0.2891346715713828,0.6075746635911838,-0.7476502203442953,-0.1878691939803,0.2871278069178357,0.2916467480968189,-0.5928821212563584,-0.7182851503839294,0.2865009985968862,0.0511203632586894,-0.1200696171724878,-0.9456915478823996,0.2602650733443812,0.3559506751734517,0.7124412086883836,-0.56663100035601,0.2303893139947584,0.4061596323319016,-0.2733820013098298,0.8450107746963388,0.2290993384275722,0,0,0,0,0,0,0,0,0,0,0,1,0,0,0,0,0,0,0,0,0,0,0,0,0,0,0,0,0,0,0,1,0,0,0,0,0,0,0,0,0,0,0,0,0,0,0,0,0,1,0,0,0,0,0,0,0,0,0,0,1,0,0,0,0,0,0,0,0,0,0,0,0,0,0,0,0,0,0,0,0,0,0,0,0,0,0,0,0,0,0,1,0,0,0,0,0,0,0,0,0,0,0,1,0,0,0,0,0,0,0,0,0,0,0,0,0,0,0,0,1,0,0,0,0,0,0,0,0,0,0,0,0,0,0,0,0,0,0,0,0,0,0,0,0,1,0,0,0,0,0,0,0,0,0,0,0,0,0,0,0,0,0,0,0,0,0,0,0,1,0,0,0,0,0,0,0,0,0,0,0,0,0,0,0,0,1,0,0,0,0,0,0,0,0,0,0,0,0,0,0,0,0,0,0,0,0,0,0,0,0,1,0,0,0,0,0,0,0,0,0,0,0,1,0,0,0,0,0,0,0,0,0,0,0,0,0,0,0,0,0,0,0,0,0,0,0,0,0,1,0,0,0,0,0,0,0,0,0,0,0,0,0,1,0,0,0,0,0,0,0,0,0,0,0,0,0,0,0,0,1,0,0,0,0,0,0,0,0,0,0,0,0,0,0,0,0,0,0,0,0,0,0,0,0,0,0,0,0,0,0,1,0,0,0,0,0,0,0,0,0,0,0,0,0,0,0,0,0,0,0,1,0,0,0,0,0,0,0,0,0,0,0,0,0,0,0,0,1,0,0,0,0,0,0,0,0,0,0,0,0,0,0,0,0,0,0,0,0,1,0,0,0,0,0,0,0,0,0,0,0,0,0,0,0,0,0,0,1,0,0,0,0,0,0,0,0,0,0,0,0,0,0,0,0,0,0,0,0,0,0,1,0,0,0,0,0,0,0,0,0,0,0,0,0,0,0,0,1,0,0,0,0,0,0,0,0,0,0,0,0,0,0,0,0,0,0,0,0,0,0,1,0,0,0,0,0,0,0,0,1,0,0,0,0,0,0,0,0,0,0,0,0,0,0,0,0,0,0,0,0,0,0,0,0,0,0,0,0,0,0,1,0,0,0,0,0,0,0,0,0,0,0,0,0,0,1,0,0,0,0,0,0,0,0,0,0,0,0,0,0,0,0,0,0,0,0,0,0,0,0,1,0,0,0,0,0,0,0,0,0,0,0,1,0,0,0,0,0,0,0,0,0,0,0,0,0,0,0,0,0,0,0,0,0,0,0,0,0,0,0,1,0,0,0,0,0,0,0,0,0,0,0,0,0,0,0,0,1,0,0,0,0,0,0,0,0,0,0,0,0,0,0,0,0,0,0,0,0,1,0,0,0,0,0,0,0,0,0,0,0,0,0,0,0,0,0,0,0,0,0,0,0,0,0,0,1,0,0,0,0,0,0,0,0,0,0,0,0,0,0,1,0,0,0,0,0,0,0,0,0,0,0,0,0,0,0,0,1,0,0,0,0,0,0,0,0,0,0,0,0,0,0,0,0,0,0,0,0,1,0,0,0,0,0,0,0,0,0,0,0,0,0,1,0,0,0,0,0,0,0,0,0,0,0,0,0,0,0,0,0,0,0,0,0,0,0,0,0,1,0,0,0,0,0,0,0,0,0,0,0,0,0,0,0,0,0,0,0,0,0,1,0,0,0,0,0,0,0,0,0,0,0,0,0,0,0,0,0,1,0,0,0,0,0,0,0,0,0,0,0,0,0,1,0,0,0,0,0,0,0,0,0,0,0,0,0,0,0,0,0,0,0,0,0,0,0,0,0,0,0,1,0,0,0,0,0,0,0,0,0,0,0,0,0,0,0,0,0,0,0,0,0,0,0,0,1,0,0,0,1,0,0,0,0,0,0,0,0,0,0,0,0,0,0,0,0,0,0,0,0,0,0,1,0,0,0,0,0,0,0,0,0,0,0,0,0,0,0,0,1,0,0,0,0,0,0,0,0,0,0,0,0,0,0,0,0,0,0,0,0,0,0,0,0,0,0,0,0,0,0,0,0,0,0,0,1,0,0,0,0,0,0,0,0,0,0,0,0,1,0,0,0,0,0,0,0,0,0,0,0,0,0,1,0,0,0,0,0,0,0,0,0,0,0,0,0,0,0,0,0,0,0,0,0,0,0,0,0,0,0,1,0,0,0,0,0,0,0,0,0,0,0,1,0,0,0,0,0,0,0,0,0,0,0,0,0,0,0,0
7.48,86,1.0,-1.3927865241211322e-17,8.185066133457407e-18,1.046720852110222,0.7309597049110188,-0.5548346570338025,0.3690296222718522,0.5795694224274558,0.867469853506145,0.4937497202032299,-7.734239898202072e-18,0.5679411430013024,-0.3038799257496597,0.6687548787862211,-0.6113633342486312,0.5296229837885282,0.1359439269006441,0.636000149254073,-0.7092650156855022,0.4853279842010756,0.0269818516440806,-0.9510755482272446,-0.2127983301102738,0.4733694737579234,0.3737017581149201,-0.4052856447084511,0.809457661112801,0.4573639419539603,0.3828493038055301,-0.9019034341145308,0.0593578008037646,0.4506868440315451,0.4975618003385729,0.7818032718856928,-0.3491277569408851,0.4482614697387823,0.205882061811362,-0.2606452884508442,0.8542228128575096,0.4095357834406499,0.840067261895404,-0.4058153813659954,0.2950087824269954,0.3901975064002825,0.889661955654141,0.3962355976728565,0.2087081490323957,0.3779145199178872,0.1954792016772283,-0.3998774937100829,0.8136294758339423,0.3771675533525727,0.2866641152259369,-0.3177729611244489,0.8679518208438157,0.369150617963465,0.2356538142614997,0.95253296922781,-0.0628613884094497,0.3539962986855258,0.1408477970611787,0.928421463519219,0.1473447127334043,0.3532645760778519,-0.4207069460755759,-0.203452123594647,-0.8243499227320402,0.3444215247864607,0.2395400659963487,0.9099722862363996,0.1621216333036169,0.3439226071461916,0.126240887286735,0.4147827916712985,-0.8521091568049737,0.3425808340227944,0.6181349847526689,0.6554646784297494,-0.4040849323759807,0.3388430593174932,0.4082472370916406,-0.8761468899698379,0.1098262410387214,0.3047922784986543,0.7865033389959114,-0.1504823025000718,-0.541640452595191,0.2922264594810809,-0.1592112091841323,0.2403155200295617,-0.8965265787132092,0.2824313428779496,-0.2789025279118955,-0.1000821559398311,-0.8910168629431249,0.2686938450334931,0.3512510089492347,0.3748290598003844,-0.8109651206143325,0.257662627049881,1,0,0,0,0,0,0,0,0,0,0,0,0,0,0,0,0,0,0,0,0,0,0,0,0,0,0,0,0,0,0,1,0,0,0,0,0,0,0,0,1,0,0,0,0,0,0,0,0,0,0,0,0,0,0,0,0,0,0,0,0,0,0,1,0,0,0,0,0,0,0,0,0,0,0,0,0,0,0,0,0,0,0,0,0,0,0,0,0,0,0,1,0,0,0,0,0,0,0,0,1,0,0,0,0,0,0,0,0,0,0,0,0,0,0,0,0,0,0,0,0,0,0,0,0,0,0,0,0,0,0,1,0,0,0,0,0,0,0,0,0,0,0,0,0,1,0,0,0,0,0,0,0,0,0,0,0,0,0,0,0,0,0,0,0,0,0,0,0,0,0,1,0,0,0,0,0,0,0,0,0,0,0,0,0,0,0,0,0,0,0,1,0,0,0,0,0,0,0,0,1,0,0,0,0,0,0,0,0,0,0,0,0,0,0,0,0,0,0,0,0,0,0,0,0,0,0,0,0,0,0,0,0,0,0,0,1,0,0,0,1,0,0,0,0,0,0,0,0,0,0,0,0,0,0,0,0,0,0,0,0,0,0,1,0,0,0,0,0,0,0,0,0,0,0,0,0,0,0,0,1,0,0,0,0,0,0,0,0,0,0,0,0,0,0,0,0,0,0,0,1,0,0,0,0,0,0,0,0,0,0,0,0,0,0,0,0,0,0,0,0,0,0,0,0,0,0,0,0,0,0,1,0,0,0,0,0,0,0,0,0,0,0,1,0,0,0,0,0,0,0,0,0,0,0,0,0,0,0,0,1,0,0,0,0,0,0,0,0,0,0,0,0,0,0,0,0,0,0,0,0,0,0,0,0,0,0,0,1,0,0,0,0,0,0,0,0,0,0,0,1,0,0,0,0,0,0,0,0,0,0,0,0,0,0,0,0,0,0,0,0,0,0,0,0,0,1,0,0,0,0,0,0,0,0,0,0,0,0,0,0,0,0,0,0,0,0,0,0,0,0,1,0,0,0,0,0,0,0,0,0,0,0,0,0,0,0,0,0,0,0,0,0,0,0,0,1,0,0,0,1,0,0,0,0,0,0,0,0,0,0,0,0,0,0,0,0,0,0,0,0,0,0,0,0,0,0,0,1,0,0,0,0,0,0,0,0,0,0,0,1,0,0,0,0,0,0,0,0,0,0,0,0,0,0,0,0,0,0,0,0,0,0,0,0,0,0,0,1,0,0,0,0,0,0,0,0,0,0,0,0,0,0,0,0,0,0,0,0,0,0,1,0,0,0,0,0,0,0,0,0,0,0,1,0,0,0,0,0,0,0,0,0,0,0,0,0,0,0,0,0,0,0,0,0,0,0,0,0,0,0,1,0,0,0,0,0,0,0,0,0,0,0,0,0,0,0,0,1,0,0,0,0,0,0,0,0,0,0,0,0,0,0,0,0,0,0,0,0,1,0,0,0,0,0,0,0,0,0,0,0,0,0,0,0,0,0,0,1,0,0,0,0,0,0,0,0,0,0,0,0,0,0,0,0,0,0,0,0,0,0,1,0,0,0,0,0,0,0,0,0,0,0,0,0,0,0,0,1,0,0,0,0,0,0,0,0,0,0,0,0,0,0,0,0,0,0,0,0,1,0,0,0,0,0,0,0,0,0,0,1,0,0,0,0,0,0,0,0,0,0,0,0,0,0,0,0,0,0,0,0,0,0,0,0,0,0,0,0,0,0,1,0,0,0,0,0,0,0,0,0,0,0,0,0,0,1,0,0,0,0,0,0,0,0,0,0,0,0,0,0,0,0,0,0,0,0,0,0,0,0,0,1,0,0,0,0,0,0,0,0,0,0,0,0,0,0,0,0,0,0,1,0,0,0,0,0,0,0,0,0,0,0,0,0,0,0,0,0,0,0,0,0,0,0,0,0,0,1,0,0,0,0,0,0,0,0,1,0,0,0,0,0,0,0,0,0,0,0,0,0,0,0,0,0,0,0,0,0,1,0,0,0,0,0,0,0,0,0,0,0,0,0,1,0,0,0,0,0,0,0,0,0,0,0,0,0,0,0,0,0,0,0,0,0,0,0,0,0,1,0,0,0,0,0,0,0,0,0,0,0,0,0,1,0,0,0,0,0,0,0,0,0,0,0,0,0,0,0,0,0,0,0,0,0,0,0,0,0,1,0,0,0,0,0,0,0,0,0,0,0,0,0,0,0,0,0,0,0,0,0,0,0,0,0,0,1,0,0,0
9.04,87,1.0,-7.420599655412434e-18,6.642253998366442e-18,1.0471960540396756,0.8466662044833203,0.5294095667827432,-9.268995938709313e-18,0.5653745902102114,0.7877747361191868,-0.5750573315141332,-0.1853392338470635,0.5496623054066324,0.1557456443318952,0.8125902087166725,0.5461130174191691,0.4875324729291585,0.4149169455354419,0.8790636676629244,0.2073934952302735,0.4508110553757187,0.4151238165484642,-0.8898103025907129,0.1411919319228193,0.4436470942043173,0.108773270673621,-0.9694366146248852,0.0676315481029063,0.4315842172706445,0.53225182767873,-0.5128359970579013,-0.653351720932605,0.417598632432644,0.1539850573093426,-0.5303160199009757,-0.8106100871355395,0.4128472621130067,0.0684389705285572,0.9706555061432238,-0.1565081676035064,0.398536250698597,0.8991808135727016,-0.3962637301692599,-0.0491935934407972,0.3881347385501866,-0.1510537976473741,0.9214442026098076,-0.2420440102081927,0.3760524373084978,0.2783665974165121,-0.9310498236872344,0.0126617561878682,0.3750491071983998,0.9111979193037052,0.3765542424964218,-0.1436694894446847,0.3745103682607343,-0.0218777460968102,0.8785843363966664,-0.3348267079654555,0.3726879603610807,0.3181128061950097,-0.5906994986005998,0.7061047027790135,0.3611660904947598,0.4196457998454036,-0.707663492045745,0.5545709011769342,0.3606866735095146,0.3039650097057021,-0.6612363588142639,0.6193690452889093,0.353790976778716,-0.0302715012687286,0.9378152827536776,-0.2325156085979809,0.3319254028271168,0.5044186415627891,0.8146496187647791,0.2496985162442536,0.2962742521277284,0.6251674825615938,-0.416227507654418,-0.6328850274027192,0.2846731752999737,0.5484573874844711,0.8293991044748587,0.0110797934629292,0.2421737888675485,-0.7209061277801838,-0.4724247305825003,0.0624592991795235,0.2352030242778194,0.6532686094698904,-0.536479424971816,0.5192226498335374,0.1561951826108747,-0.8012724872641833,-0.4741748706260983,0.0889191792042889,0.152290281591618,0,0,0,0,0,0,0,0,0,0,0,0,1,0,0,0,0,0,0,0,0,0,0,0,0,0,0,0,0,0,0,1,0,0,0,0,0,0,0,0,1,0,0,0,0,0,0,0,0,0,0,0,0,0,0,0,0,0,0,0,1,0,0,0,0,0,0,0,0,0,0,0,0,0,0,0,0,0,0,0,0,0,0,0,0,0,0,0,0,0,0,0,1,0,0,0,0,0,0,0,0,0,0,1,0,0,0,0,0,0,0,0,0,0,0,0,0,0,0,0,1,0,0,0,0,0,0,0,0,0,0,0,0,0,0,0,0,0,0,0,0,0,0,0,0,0,1,0,0,0,0,0,0,0,0,0,0,0,0,0,1,0,0,0,0,0,0,0,0,0,0,0,0,0,0,0,0,0,0,0,0,0,0,1,0,0,0,0,0,0,0,0,0,0,0,0,0,0,0,0,0,0,0,0,0,0,0,0,0,0,0,0,1,0,0,0,0,0,0,0,0,0,0,1,0,0,0,0,0,0,0,0,0,0,0,0,0,0,0,0,0,0,0,0,0,0,0,0,0,0,0,0,1,0,0,0,0,0,0,0,0,0,0,0,0,0,0,0,1,0,0,0,0,0,0,0,0,0,0,0,0,0,0,0,0,0,0,0,0,0,0,0,1,0,0,0,0,0,0,0,1,0,0,0,0,0,0,0,0,0,0,0,0,0,0,0,0,0,0,0,0,0,0,0,0,0,0,0,0,0,0,0,1,0,0,0,0,0,0,0,0,0,0,0,0,0,0,0,0,0,0,0,0,0,0,0,1,0,0,0,1,0,0,0,0,0,0,0,0,0,0,0,0,0,0,0,0,0,0,0,0,0,0,1,0,0,0,0,0,0,0,0,0,0,0,0,0,0,0,0,0,0,0,0,0,0,0,0,0,0,0,0,1,0,0,0,0,0,0,0,0,0,0,0,0,0,1,0,0,0,0,0,0,0,0,0,0,0,0,0,1,0,0,0,0,0,0,0,0,0,0,0,0,0,0,0,0,0,0,0,0,0,0,0,0,0,0,0,1,0,0,0,0,0,0,0,0,0,0,0,0,0,0,0,0,0,0,0,0,0,0,0,1,0,0,0,0,0,0,0,0,0,0,0,0,0,0,0,1,0,0,0,0,0,0,0,0,0,0,0,1,0,0,0,0,0,0,0,0,0,0,0,0,0,0,0,0,0,0,0,0,0,0,0,0,0,0,0,0,0,0,0,0,0,0,0,1,0,0,0,1,0,0,0,0,0,0,0,0,0,0,0,0,0,0,0,0,0,0,0,0,0,0,0,0,0,0,0,1,0,0,0,0,0,0,0,0,0,0,0,0,0,0,0,0,0,0,0,0,0,0,0,1,0,0,0,0,0,0,0,0,0,0,0,0,0,0,0,1,0,0,0,0,0,0,0,0,0,0,0,0,0,0,0,0,0,0,0,0,0,0,0,1,0,0,0,0,0,0,0,0,0,0,1,0,0,0,0,0,0,0,0,0,0,0,0,0,0,0,0,0,0,0,0,0,0,0,0,0,0,0,0,1,0,0,0,0,0,0,0,0,0,0,0,0,0,0,0,1,0,0,0,0,0,0,0,0,0,0,0,1,0,0,0,0,0,0,0,0,0,0,0,0,0,0,0,0,0,0,0,0,0,0,0,0,0,0,0,1,0,0,0,0,0,0,0,0,0,0,0,1,0,0,0,0,0,0,0,0,0,0,0,0,0,0,0,0,0,0,0,0,0,0,0,0,0,0,0,0,0,0,1,0,0,0,0,0,0,0,0,0,0,0,0,0,0,0,0,0,0,0,0,0,0,1,0,0,0,0,0,0,0,0,0,0,0,0,0,0,0,0,1,0,0,0,0,0,0,0,0,1,0,0,0,0,0,0,0,0,0,0,0,0,0,0,0,0,0,0,0,0,0,0,0,0,1,0,0,0,0,0,0,0,0,0,0,0,0,0,0,0,0,0,0,0,0,1,0,0,0,0,0,0,0,0,0,0,0,0,0,0,0,0,0,0,0,0,0,0,0,0,0,0,0,0,0,1,0,0,0,0,0,0,0,0,0,0,0,0,0,0,0,1,0,0,0,0,0,0,0,0,0,0,0,0,0,0,0,0,0,0,0,0,0,0,0,0,0,1,0,0,0,0,0,0,0,1,0,0,0,0,0,0,0,0,0,0,0,0,0,1,0,0,0,0,0,0,0,0,0,0,0,0,0,0,0,0,0,0,0
6.33,89,1.0,-1.2782845810004637e-17,1.388843258224301e-17,1.050089697600099,0.8713922836461512,0.4857525166834183,1.796604356465178e-18,0.5701770687160562,0.7819156478305821,-0.5978226700800418,0.0652812125192199,0.5538791270972682,-0.1003716015701237,0.9356440547826338,-0.0458864233496508,0.520644916019056,-0.1718175656969542,-0.9337744172212608,0.244393701459936,0.5071397328026307,0.3353719046459388,-0.8409639790675654,0.3915755410468131,0.4654392955526643,0.4289481586328878,-0.2005503541824397,-0.8247315380209062,0.4590072996523463,0.4422896991070112,0.8800484319152785,-0.0034033008302667,0.4543395750666819,-0.3004292125455648,0.7333859682162416,-0.4792305088333123,0.4456426403875884,0.6094373527519482,-0.6559937389105079,-0.3826852042529919,0.4016105316669177,0.4234691361931507,-0.4912955451727194,-0.7085620725992461,0.395932451578249,-0.7263245781661155,-0.0978914282959558,-0.5522939722695946,0.3933339195396693,-0.2129036652882108,-0.9504706218305718,-0.0114327631896895,0.3906303169701979,-0.0480050576566478,0.6097903285305346,-0.7173862435341787,0.389634995080078,-0.3052600581705822,0.8197934805369375,0.358311333308534,0.3879156690536777,0.8634824412673658,-0.4057973700290871,0.1729320483116911,0.3877898160083936,0.2775749172212566,-0.7106145727606503,0.5230509142948127,0.3827107163622579,0.9392547941404984,0.315418916239945,-0.0229566555963219,0.3739936057965458,0.3370949267081568,-0.7746903857675359,0.4629007188310365,0.3579506018397644,-0.7323138676348013,0.095158809934345,-0.5309085310893114,0.3508278145046634,-0.644973517208123,0.4999033819699036,-0.4144086596065955,0.3470233054371676,0.4512661973757719,0.8463294598051376,-0.2415723113574953,0.3438316647182064,-0.7537304908541739,0.5094323465184089,-0.1521442461610054,0.3310170019361785,0.3763017371586536,0.8426656717307045,0.340416029074238,0.3308849265321034,0.0332456275624637,0.7982040856505938,0.5471073086748732,0.3140698684753828,0,0,0,0,0,0,0,0,0,0,0,0,0,0,0,1,0,0,0,0,0,0,0,0,0,0,0,0,0,0,0,1,0,0,0,0,0,0,0,0,0,0,0,0,0,0,0,0,0,0,0,0,0,0,1,0,0,0,0,0,1,0,0,0,0,0,0,0,0,0,0,0,0,0,0,0,0,0,0,0,0,0,0,0,0,0,0,0,0,0,0,0,0,0,0,1,0,0,0,0,0,0,0,1,0,0,0,0,0,0,0,0,0,0,0,0,0,0,0,0,0,0,0,0,0,0,0,0,0,0,0,0,0,0,1,0,0,0,0,0,0,0,0,0,0,0,0,0,0,0,0,1,0,0,0,0,0,0,0,0,0,0,0,0,0,0,0,0,0,0,0,0,0,0,0,1,0,0,0,0,0,0,0,0,0,0,0,0,0,0,0,0,0,0,0,0,0,1,0,0,0,0,0,0,0,0,0,0,0,0,0,0,0,0,0,1,0,0,0,0,0,0,0,1,0,0,0,0,0,0,0,0,0,0,0,0,0,0,0,0,0,0,0,0,0,0,1,0,0,0,0,0,0,0,0,0,0,0,0,0,0,0,0,0,0,1,0,0,0,0,0,0,0,0,0,0,0,0,0,0,0,0,0,0,0,0,0,0,0,0,0,0,0,0,1,0,0,0,0,0,0,0,0,1,0,0,0,0,0,0,0,0,0,0,0,0,0,0,0,0,0,0,0,0,0,0,0,0,0,0,0,0,1,0,0,0,0,0,0,0,1,0,0,0,0,0,0,0,0,0,0,0,0,0,0,0,0,0,0,0,0,0,0,0,0,0,0,0,0,0,0,0,0,0,0,1,0,0,0,0,1,0,0,0,0,0,0,0,0,0,0,0,0,0,0,0,0,0,0,0,0,0,0,0,0,0,1,0,0,0,0,0,0,0,0,0,0,0,0,0,0,0,0,0,0,0,0,0,0,0,0,1,0,0,0,0,0,0,0,0,0,0,0,0,0,0,0,0,0,0,0,0,1,0,0,0,0,0,0,0,0,0,0,0,0,0,0,0,1,0,0,0,0,0,0,0,0,0,0,0,0,0,0,0,0,0,0,0,0,0,0,0,0,0,0,1,0,0,0,0,0,0,0,0,0,0,0,0,0,1,0,0,0,0,0,0,0,0,0,0,0,0,0,0,0,0,0,0,0,0,0,0,1,0,0,0,0,0,0,0,0,0,0,0,0,0,0,0,0,0,0,0,0,0,0,0,1,0,0,0,0,0,0,0,0,0,0,0,0,0,0,0,0,0,1,0,0,0,0,0,0,0,0,1,0,0,0,0,0,0,0,0,0,0,0,0,0,0,0,0,0,0,0,0,0,0,0,0,0,0,0,0,0,0,0,1,0,0,0,0,0,0,0,0,0,0,1,0,0,0,0,0,0,0,0,0,0,0,0,0,0,0,0,0,0,0,0,0,0,0,0,0,0,0,0,1,0,0,0,0,0,0,0,0,0,0,0,0,1,0,0,0,0,0,0,0,0,0,0,0,0,0,0,0,0,0,0,0,0,0,0,0,0,0,1,0,0,0,0,0,0,0,0,0,0,0,0,0,0,0,0,0,0,0,0,0,1,0,0,0,0,0,0,0,0,0,0,0,0,0,0,0,0,0,0,1,0,0,0,0,0,0,0,0,0,0,0,0,1,0,0,0,0,0,0,0,0,0,0,0,0,0,0,0,0,0,0,0,0,0,0,0,1,0,0,0,0,0,0,0,0,0,0,1,0,0,0,0,0,0,0,0,0,0,0,0,0,0,0,0,0,0,0,0,0,0,0,0,0,0,0,0,1,0,0,0,0,0,0,0,0,0,0,1,0,0,0,0,0,0,0,0,0,0,0,0,0,0,0,0,0,0,0,0,0,0,0,0,0,0,0,0,0,0,1,0,0,0,0,0,0,0,0,0,0,0,1,0,0,0,0,0,0,0,0,0,0,0,0,0,0,0,0,0,0,0,0,0,0,0,0,0,1,0,0,0,0,0,0,0,0,0,0,0,0,0,1,0,0,0,0,0,0,0,0,0,0,0,0,0,0,0,0,0,0,0,0,0,0,0,0,0,0,0,1,0,0,0,0,0,0,0,0,1,0,0,0,0,0,0,0,0,0,0,0,0,0,0,0,0,0,0,0,0,0,0,0,0,0,0,0,0,0,0,1,0,0,0,0,0,0,0,0,1,0,0,0,0,0,0,0,0,0,0,0,0,0,0,0,0
7.08,90,1.0,1.3822516044070969e-17,1.1707844259714548e-17,1.048671338010021,0.8157031055684467,0.5635454652921419,6.424217740416895e-19,0.5869009810591159,0.7731849127995549,-0.5472278160152899,-0.2600586186360249,0.5605819159415268,-0.1007590800960603,0.8139387738219812,0.3318012306230553,0.5012846572733974,0.3493669786351378,-0.9227023990198968,-0.0303908162956588,0.4614855498616675,-0.1547000559490951,0.5611723789130709,0.5993080661509824,0.4590072996523462,0.3838663194687523,0.8594610002378966,0.2062187725243582,0.4507533607693644,-0.7775160385121576,-0.203801670455818,0.2663493891692972,0.4286659725460527,-0.3600422431719899,0.793973377679397,0.0527789323984433,0.419916563810606,0.1304242689293416,-0.9270427005527636,-0.1148661628659642,0.4178669245255156,0.5554283213599325,-0.3721046473873624,-0.697896167265411,0.4162464597607229,0.8929748676370475,-0.3948656749740588,-0.0937947578624934,0.3925124422728675,0.2172585039248907,-0.9216982398032304,-0.1214910078815992,0.3876377063460601,0.8876332273346307,0.4102071944825961,-0.1277369286204516,0.3845602352954794,0.1844264202162038,-0.2619125585973481,-0.9049764946134816,0.3785490684960244,-0.2509134870961257,0.822502264657232,-0.2553434867414067,0.3671643234519007,0.3460854585167742,0.9139931194634816,-0.0449521745444569,0.355372394498206,0.3125660479741897,-0.838605626740385,0.2839770435945482,0.3546667680049028,-0.6903759835156388,-0.0068319666295991,0.4798514023530787,0.3478690205973674,-0.6307697655483038,0.5462102021644288,0.1564227072546394,0.325427830413568,-0.6287864472986343,0.3489175745184055,0.4378883821635867,0.3119284977656539,-0.2828487142392841,-0.2652071959474127,0.7558961514345106,0.2967859861928968,-0.7700712802928126,0.3760742343283588,0.0463118396638901,0.2871611925353373,-0.3180507991899511,-0.4019859012541196,0.6596553239449064,0.2787646626408662,0.3195080533806703,-0.6388260522632229,0.6242679709524214,0.2781046974103086,0,0,0,0,0,0,1,0,0,0,0,0,0,0,0,0,0,0,0,0,0,0,0,0,0,0,0,0,0,0,0,1,0,0,0,0,0,0,0,0,0,0,0,0,0,0,0,0,0,0,0,0,0,0,0,1,0,0,0,0,1,0,0,0,0,0,0,0,0,0,0,0,0,0,0,0,0,0,0,0,0,0,0,0,0,0,1,0,0,0,0,0,0,0,0,0,0,0,0,0,0,0,0,1,0,0,0,0,0,0,0,0,0,0,0,0,0,0,0,0,0,0,0,0,0,0,0,0,0,0,0,0,0,0,0,1,0,0,0,0,0,0,0,0,0,0,0,0,0,0,0,1,0,0,0,0,0,0,0,0,0,0,0,0,0,0,1,0,0,0,0,0,0,0,0,0,0,0,0,0,0,0,0,1,0,0,0,0,0,0,0,0,0,0,0,0,0,0,0,0,0,0,0,0,0,0,0,0,0,0,0,0,0,0,0,1,0,0,0,0,0,0,0,0,0,1,0,0,0,0,0,0,0,0,0,0,0,0,0,0,0,0,0,0,0,0,0,0,0,0,0,0,0,0,0,1,0,0,0,0,0,0,0,1,0,0,0,0,0,0,0,0,0,0,0,0,0,0,0,0,0,0,0,0,0,0,0,0,0,0,0,0,1,0,0,0,0,0,0,0,0,0,0,0,0,0,0,0,0,0,0,0,0,0,0,0,1,0,0,0,0,0,0,0,0,0,0,0,0,0,0,0,0,0,1,0,0,0,0,0,1,0,0,0,0,0,0,0,0,0,0,0,0,0,0,0,0,0,0,0,0,0,0,0,0,0,1,0,0,0,0,0,0,0,0,0,0,0,0,0,0,0,0,0,0,0,0,0,1,0,0,0,0,0,0,0,0,0,0,0,0,0,0,0,0,0,1,0,0,0,0,0,0,0,0,0,0,0,0,0,1,0,0,0,0,0,0,0,0,0,0,0,0,0,0,0,0,0,0,0,0,0,0,0,0,0,1,0,0,0,0,0,0,0,0,0,0,0,0,0,0,0,0,0,0,0,1,0,0,0,0,0,0,0,0,0,0,0,0,0,0,0,0,0,0,0,1,0,0,0,0,0,0,0,0,0,0,0,0,0,0,0,0,0,0,0,0,0,1,0,0,0,0,0,0,0,0,0,0,0,0,0,0,0,0,0,0,0,0,0,0,0,0,0,0,1,0,0,0,0,0,0,0,0,0,0,0,0,0,0,0,0,0,0,0,0,1,0,0,0,0,0,0,0,0,0,1,0,0,0,0,0,0,0,0,0,0,0,0,0,0,0,0,0,0,0,0,0,0,0,0,0,0,0,0,0,1,0,0,0,0,0,0,0,0,0,0,0,0,0,0,0,0,0,1,0,0,0,0,0,0,0,0,0,0,0,0,0,0,0,0,0,0,0,0,0,1,0,0,0,0,0,0,0,0,0,0,0,0,0,0,0,0,0,0,1,0,0,0,0,0,0,0,0,0,0,1,0,0,0,0,0,0,0,0,0,0,0,0,0,0,0,0,0,0,0,1,0,0,0,0,0,0,0,0,0,0,0,0,0,0,0,0,1,0,0,0,0,0,0,0,0,0,0,0,0,0,0,0,0,0,0,0,0,0,0,0,0,0,0,0,0,1,0,0,0,0,0,0,0,1,0,0,0,0,0,0,0,0,0,0,0,0,0,0,0,0,0,0,0,0,0,0,0,0,0,0,0,0,0,0,0,0,0,1,0,0,0,0,0,0,0,0,1,0,0,0,0,0,0,0,0,0,0,0,0,0,0,0,0,0,0,0,0,0,0,0,0,0,0,0,0,0,0,1,0,0,0,0,0,0,0,0,0,0,0,0,0,0,0,0,1,0,0,0,0,0,0,0,0,0,0,0,0,0,0,0,0,0,0,0,0,1,0,0,0,0,0,0,0,0,0,0,0,0,0,0,0,1,0,0,0,0,0,0,0,0,0,0,0,0,0,0,0,0,0,0,0,0,0,0,0,0,0,1,0,0,0,0,0,0,0,0,0,0,0,1,0,0,0,0,0,0,0,0,0,0,0,0,0,0,0,0,0,0,0,0,0,0,0,0,0,1,0,0,0,0,0,0,0,0,0,0,0,0,0,0,0,1,0,0,0,0,0,0,0,0,0,0,0,0,0,0,0,0,0,1,0,0,0,0,0,0,0,0,0,0,0,0,0,0,0,0,0,0,0,0,0,1,0,0,0,0,0,0,0,0,0,0,0
8.76,91,1.0,-1.876250017036657e-17,1.4773174171398457e-17,1.0448641868977648,0.7383744129428014,-0.6285657127350044,-0.0448972201716255,0.5766384739689052,0.8657611123199056,0.4967103871767777,3.2350833497683e-17,0.5441389213494764,0.1648745892119046,0.9199875446942644,0.1191343808080429,0.5035016533390795,0.5332917711863161,-0.6341159902739512,-0.257351344117995,0.4792840077504229,0.5322795359951799,-0.713814053376847,-0.1928400773420718,0.4505414885686767,0.4088310625347948,-0.3603884822890846,0.7333913494064889,0.4410977346904087,0.4721531512445356,0.8588574760672436,8.71159381298614e-05,0.4346728233247026,0.6730413042895207,-0.6402374079829531,0.3140788055235826,0.3859354878902582,0.9281593948941642,0.3330100327848538,0.0044034131240025,0.3651097501295229,0.5934519705686416,-0.4490876638706228,0.5862176594390662,0.3584492632939759,0.2869567978748319,0.5242539465254026,0.6247752748023432,0.3328458492032736,0.3509463859653635,0.8730254772206664,-0.2953418687220813,0.3301517579033517,0.4603060873346781,0.7756110341312873,0.1986305399249805,0.3216032719519994,0.3634749968647631,0.7959427456786002,-0.3548612089366968,0.3206965726594452,0.3769691437527094,0.7854759101857568,-0.3808961699024775,0.3123577826226745,0.4037622807157118,0.6394007619950057,0.4417551940681134,0.2917502758184981,0.6491966991002615,-0.691366818060027,0.2302028938645954,0.2826726075641703,0.5243322323993849,0.7360396421754624,0.0855124028768717,0.2765445284225632,0.1453870574388368,0.885882125475114,-0.3499457048267027,0.2719094549703013,0.0121445223458265,0.8656328630634684,-0.3236302985947721,0.2548396501469948,0.4859861819918685,-0.4394240242521182,0.7157386091764146,0.2291733433697164,0.0334515821881777,-0.5890583563907605,0.7608984956731571,0.2214613836034132,0.1052509536646958,0.8351168965674078,-0.3509147640742332,0.2189525028972855,0.4239156389529066,0.0374260305593611,0.8330231289644967,0.1788508061634206,0,0,0,0,0,0,0,1,0,0,0,0,0,0,0,0,0,0,0,0,0,0,0,0,0,0,0,0,0,0,0,1,0,0,0,0,0,0,0,0,0,0,0,0,0,0,0,1,0,0,0,0,0,0,0,0,0,0,0,0,0,0,0,1,0,0,0,0,0,0,0,0,0,0,0,0,0,0,0,0,0,0,0,0,0,0,1,0,0,0,0,0,0,0,0,0,0,0,0,0,1,0,0,0,0,0,0,0,0,0,0,0,0,0,0,0,0,0,0,0,0,0,0,0,0,0,1,0,0,0,0,0,0,0,0,0,0,0,0,0,0,0,0,0,0,0,1,0,0,0,0,0,0,0,0,0,0,0,0,0,0,0,0,0,0,0,0,1,0,0,0,0,0,0,0,0,0,0,0,0,0,0,0,0,0,0,1,0,0,0,0,0,0,0,0,0,0,0,0,0,0,0,0,0,0,0,0,1,0,0,0,0,0,0,0,0,0,0,0,0,0,0,0,0,0,0,1,0,0,0,0,0,0,0,0,0,0,0,0,0,0,0,0,0,0,0,0,0,0,1,0,0,0,0,0,0,0,0,0,0,0,0,0,0,0,1,0,0,0,0,0,0,0,0,0,0,0,0,0,0,0,0,0,0,0,0,1,0,0,0,0,0,0,0,0,0,0,0,0,0,0,0,0,1,0,0,0,0,0,0,0,0,0,0,0,0,0,0,0,0,0,0,0,0,0,0,0,1,0,0,0,0,0,0,0,0,0,0,0,0,1,0,0,0,0,0,0,0,0,0,0,0,0,0,0,0,0,0,0,0,0,0,0,0,0,0,1,0,0,0,0,0,0,0,0,0,0,0,0,0,0,0,0,0,0,0,0,0,0,0,0,0,0,0,0,0,1,0,0,0,0,0,0,0,0,0,0,0,0,1,0,0,0,0,0,0,0,0,0,0,0,0,0,0,0,0,0,0,0,0,0,1,0,0,0,0,0,0,0,0,0,0,0,0,0,0,0,0,0,0,0,0,0,0,0,1,0,0,0,0,0,0,0,0,0,0,0,0,0,0,0,0,0,0,0,0,1,0,0,0,0,0,0,0,0,0,1,0,0,0,0,0,0,0,0,0,0,0,0,0,0,0,0,1,0,0,0,0,0,0,0,0,0,0,0,0,0,0,0,0,0,0,0,0,0,0,1,0,0,0,0,0,0,0,0,0,0,0,0,0,0,0,0,0,0,0,0,0,0,0,0,1,0,0,0,0,0,0,0,0,0,0,0,0,0,0,1,0,0,0,0,0,0,0,0,0,0,0,0,0,0,0,0,0,0,0,0,0,1,0,0,0,0,0,0,0,0,0,0,0,0,0,0,0,0,0,1,0,0,0,0,0,0,0,0,0,0,0,0,0,0,0,0,0,0,0,0,0,1,0,0,0,0,0,0,0,0,0,0,0,0,0,0,0,0,0,0,0,0,0,0,0,0,0,0,1,0,0,0,0,1,0,0,0,0,0,0,0,0,0,0,0,0,0,0,0,0,0,0,0,0,0,0,0,0,0,0,1,0,0,0,0,0,0,0,0,0,0,0,0,0,0,0,0,0,0,0,0,0,0,0,0,0,0,0,0,1,0,0,0,0,0,0,0,0,0,1,0,0,0,0,0,0,0,0,0,0,0,0,0,0,0,0,0,0,1,0,0,0,0,0,0,0,0,0,0,0,0,0,0,0,0,0,0,0,0,1,0,0,0,0,0,0,0,0,0,0,0,0,0,0,0,0,1,0,0,0,0,0,0,0,0,0,0,0,0,0,0,0,0,0,0,0,0,0,0,1,0,0,0,0,0,0,0,0,0,0,0,0,0,0,0,0,0,0,0,0,0,1,0,0,0,0,0,0,0,0,0,0,0,0,0,0,0,0,0,0,0,0,1,0,0,0,0,0,0,0,0,0,0,0,0,0,1,0,0,0,0,0,0,0,0,0,0,0,0,0,0,0,0,0,0,0,0,0,0,0,0,0,1,0,0,0,0,0,0,0,0,0,0,0,0,0,0,0,0,0,0,0,0,0,0,0,0,0,0,1,0,0,0,0,0,0,0,0,0,1,0,0,0,0,0,0,0,0,0,0,0,0,0,0,0,0,0,0,0,0,0,1,0,0,0,0,0,0,0,0,0,0,0,0,0,0,0,0,0,0,0,0,1,0,0,0,0,0,0,0,0,0,0,0,0,0,0,0,0,0,0,1,0,0,0,0,0,0,0,0,0,0,0
7.24,92,1.0,-1.2936606328338565e-17,-4.978424540142505e-18,1.0469449917924938,0.7567786451846246,0.6509739356751298,-3.693386633951833e-19,0.6031082851738039,0.8067361091527226,-0.4761769738521159,-0.3158182910792533,0.541627946327203,-0.0727326943583057,0.7030363429088237,0.6413706742233167,0.481163251019696,0.0557551194332963,-0.3432691700944291,-0.9128457432245926,0.4630338924578387,0.2977522783825556,0.8950628244372636,0.2932256997075084,0.4630193766646643,-0.3820414920598915,0.7025956219715732,0.460406533798905,0.4410977346904087,0.4754599879095571,-0.3896476179344189,-0.7662355185576619,0.4351877340743735,0.5280524645369784,-0.8339924652344785,-0.0160885956770963,0.4150701295257656,-0.4439000600788547,-0.4517945078100683,0.6979568334456235,0.3937798688845523,0.8228989291921731,0.5257039572164406,-0.1811071318307166,0.3931122078478042,0.1893572815776336,-0.7540481991471955,0.2167980691343317,0.3900672857451414,0.924691561930872,-0.2352065987250661,-0.2354573743561714,0.3884384975521706,0.3159428594913964,-0.8499436288497476,0.2027588096666702,0.3868109686197805,0.0990116944681527,-0.7853547903637405,0.2988459867030991,0.3852074284145241,-0.0547835026108731,0.448352700619622,0.8032471186594229,0.3788046588612543,0.3252561089955378,-0.8937376418131832,-0.1098628565192465,0.3757724604791251,0.3125434986141774,0.8954644302594538,0.1678002060124067,0.360674709753967,0.2157353479129016,0.9331615268341787,0.1675110780557697,0.3534670571124916,0.1880545047291043,0.3973607772142667,0.7627982516067731,0.3234393465148899,-0.5477312677091997,0.2152088615327688,0.7091919267460335,0.3217319431558647,0.5458393055871836,-0.7608098991383508,0.0759617666386591,0.3074361960978636,0.5298739735396154,-0.3390945500021473,-0.7476977995209373,0.2997201900142491,-0.3206043347369843,-0.3674053249712827,0.8191348036159078,0.2811929744028129,-0.3595919389245671,0.230746742834098,0.8177697408280139,0.2751524737005162,0,0,0,0,0,0,0,0,0,1,0,0,0,0,0,0,0,0,0,0,0,0,0,0,0,0,0,0,0,0,0,1,0,0,0,0,0,0,0,0,0,0,0,0,0,0,0,1,0,0,0,0,0,0,0,0,0,0,0,0,1,0,0,0,0,0,0,0,0,0,0,0,0,0,0,0,0,0,0,0,0,0,0,0,0,0,0,0,0,1,0,0,0,0,0,0,0,0,0,0,0,0,0,1,0,0,0,0,0,0,0,0,0,0,0,0,0,0,0,0,0,0,0,0,0,0,0,1,0,0,0,0,0,0,0,0,0,0,0,0,0,0,0,0,0,0,0,0,0,0,0,1,0,0,0,0,0,0,0,0,0,0,0,0,0,0,0,0,0,1,0,0,0,0,0,0,0,0,0,0,0,0,0,0,0,0,0,0,0,0,0,0,0,0,0,0,1,0,0,0,0,0,0,0,0,0,0,1,0,0,0,0,0,0,0,0,0,0,0,0,0,0,0,1,0,0,0,0,0,0,0,0,0,0,0,0,0,0,0,0,0,0,0,0,0,0,0,1,0,0,0,0,0,0,0,0,0,0,0,0,0,0,0,0,0,1,0,0,0,0,0,0,0,0,0,0,0,0,0,0,0,0,0,0,0,0,0,0,0,1,0,0,0,0,0,0,0,0,0,0,1,0,0,0,0,0,0,0,0,0,0,0,0,0,0,0,0,0,0,0,0,0,0,0,0,0,0,0,0,1,0,0,0,0,0,0,0,0,0,0,0,0,0,1,0,0,0,0,0,0,0,0,0,0,0,0,0,0,0,0,0,0,0,0,0,0,0,0,0,0,0,0,0,0,0,1,0,0,0,0,0,0,0,0,0,0,0,0,0,0,0,0,0,0,0,0,1,0,0,0,0,0,0,0,0,0,0,1,0,0,0,0,0,0,0,0,0,0,0,0,0,0,0,0,0,0,0,0,0,0,0,0,0,0,0,0,1,0,0,0,0,0,0,0,0,0,0,0,0,1,0,0,0,0,0,0,0,0,0,0,0,0,0,0,0,0,0,0,1,0,0,0,0,0,0,0,0,0,0,0,0,0,0,0,0,0,0,0,0,1,0,0,0,0,0,0,0,0,0,0,0,0,0,0,0,0,1,0,0,0,0,0,0,0,0,0,0,0,0,0,0,0,0,0,0,0,0,0,0,1,0,0,0,0,0,0,0,0,0,0,0,0,0,1,0,0,0,0,0,0,0,0,0,0,0,0,0,0,0,0,0,0,0,0,0,0,0,0,0,1,0,0,0,0,0,0,0,0,0,0,0,0,0,0,0,0,0,0,1,0,0,0,0,0,0,0,0,0,0,0,0,0,0,0,0,0,1,0,0,0,0,0,0,0,0,0,0,0,0,0,1,0,0,0,0,0,0,0,0,0,0,0,0,0,0,0,0,0,0,0,0,0,0,0,0,0,0,0,0,1,0,0,0,0,0,0,0,0,0,0,0,0,0,0,0,0,0,0,1,0,0,0,0,0,0,0,0,0,0,0,0,0,0,0,0,0,0,1,0,0,0,0,0,0,0,0,0,0,0,0,0,0,0,0,0,0,1,0,0,0,0,0,0,0,0,0,0,0,0,0,0,0,0,0,0,0,0,1,0,0,0,0,0,0,0,0,0,0,0,0,0,0,0,0,0,0,1,0,0,0,0,0,0,0,0,0,0,0,0,0,0,0,0,0,0,0,1,0,0,0,0,0,0,0,0,0,0,0,0,0,0,0,0,0,0,0,0,0,0,0,0,0,0,0,0,0,1,0,0,0,0,0,0,0,0,0,1,0,0,0,0,0,0,0,0,0,0,0,0,0,0,0,0,0,0,0,1,0,0,0,0,0,0,0,0,0,0,0,0,0,0,0,0,0,0,0,0,0,0,1,0,0,0,0,0,0,0,0,0,0,0,0,0,1,0,0,0,0,0,0,0,0,0,0,0,0,0,0,0,0,0,0,0,0,0,0,0,0,0,0,0,1,0,0,0,0,0,0,0,0,0,0,0,0,0,0,0,0,0,0,0,1,0,0,0,0,0,0,0,0,0,0,0,0,0,0,0,0,0,0,0,0,0,0,0,1,0,0,0,0,1,0,0,0,0,0,0,0,0,0,0,0,0,0,0,0,0,0,0,0,0,0,0,0,0,0,1,0,0,0,0,0,0,0,0,0,0,0,0,0,0,0,0,1,0,0,0,0,0,0,0,0,0,0,0,0,0,0,0,0
9.12,93,1.0,1.183507215752014e-18,8.517240431236399e-18,1.0501937123273086,0.7485163793280541,-0.638455908017078,0.0716006056446026,0.5700565056316097,0.871472279060413,0.4888803704839673,4.646974090177339e-18,0.5593234916053218,-0.4950750990080435,0.2539692304346083,-0.5640085992030766,0.51865629482725,0.0982365745990948,0.9470107091012236,0.1532588786392096,0.5049613178818848,0.2600625329299318,-0.8692375249995916,0.3681384973999305,0.4833983186985777,-0.0609137615369948,-0.9368437476133024,0.1850127324837695,0.4494166409668645,0.4546887424958883,0.8769280437580461,-0.0412449883248007,0.4428286765309224,-0.058880164423448,-0.3485603165233132,0.8355678188904421,0.4262217899022545,0.1242019913104874,-0.568213536410075,0.757984754569961,0.4175666508010221,0.5853155377438033,-0.6674928323896363,-0.3719199453196645,0.4064035687741884,0.3344199052208822,-0.5753113508138185,-0.6571490868455069,0.4056978161678103,0.8370941467687084,-0.4558345318205593,0.200399180124157,0.3968827242702074,0.9464707057891384,0.3060432743859523,0.0050234929272441,0.3709621555768031,-0.1013444158107483,-0.5299380909891523,0.7718146301920035,0.3673888329566939,-0.5588314297262376,0.0544736274848748,-0.6302732018383277,0.3588388437153269,0.196878785939486,-0.917626848199783,0.2601055558435017,0.3542427699631871,0.3371701867657277,0.8142893852477983,-0.4345920014843765,0.3464420219558936,0.4879161491381381,0.8452866773908874,0.167638443942263,0.3034786786943847,0.32588911005207,-0.4422488391428469,0.7594961937665244,0.3027180659454723,0.3126959649870841,0.6471394537822783,-0.6223005558053172,0.2967325057783518,0.0428308723848433,0.6469040353542483,-0.5428919806818977,0.2476070709197119,0.1319133794071949,0.7762272150236348,0.5870750616255576,0.2452546781053847,0.0426844960761197,0.498960499574034,-0.7438757196001174,0.2369655950244665,-0.4775225708630805,-0.2170862580376892,-0.6896425399042106,0.2351686012298602,0,0,0,0,0,0,0,0,0,0,0,1,0,0,0,0,0,0,0,0,0,0,0,0,0,0,0,0,0,0,0,1,0,0,0,0,0,0,0,0,0,0,0,0,0,0,0,0,0,0,0,1,0,0,0,0,0,0,0,0,0,0,0,1,0,0,0,0,0,0,0,0,0,0,0,0,0,0,0,0,0,0,0,0,0,0,0,0,0,1,0,0,0,0,0,0,0,0,0,0,1,0,0,0,0,0,0,0,0,0,0,0,0,0,0,0,0,0,0,0,0,0,0,0,0,1,0,0,0,0,0,0,0,0,0,0,0,0,0,0,0,0,0,0,0,0,0,0,0,0,0,0,0,0,0,0,1,0,0,0,0,0,0,0,0,0,0,0,0,1,0,0,0,0,0,0,0,0,0,0,0,0,0,0,0,0,1,0,0,0,0,0,0,0,0,0,0,0,0,0,0,0,0,0,0,0,0,0,0,0,0,1,0,0,0,0,0,0,0,0,0,0,0,1,0,0,0,0,0,0,0,0,0,0,0,0,0,0,0,0,0,0,0,0,0,0,0,0,0,0,0,1,0,0,0,0,0,0,0,0,0,0,0,0,0,0,0,0,1,0,0,0,0,0,0,0,0,0,0,0,0,0,0,0,0,0,0,0,0,1,0,0,0,0,0,0,0,0,0,0,0,0,0,1,0,0,0,0,0,0,0,0,0,0,0,0,0,0,0,0,0,0,0,0,0,0,0,0,0,0,0,1,0,0,0,0,0,0,0,0,0,0,0,0,0,0,0,0,1,0,0,0,0,0,0,0,0,0,0,0,0,0,0,0,0,0,0,0,0,0,0,1,0,0,0,0,0,0,0,0,0,0,0,1,0,0,0,0,0,0,0,0,0,0,0,0,0,0,0,0,0,0,0,0,0,0,0,0,0,0,0,1,0,0,0,0,0,0,0,0,1,0,0,0,0,0,0,0,0,0,0,0,0,0,0,0,0,0,0,0,0,0,0,0,0,0,0,0,0,0,0,1,0,0,0,0,0,0,0,0,0,0,0,0,0,0,0,0,0,0,0,0,0,0,0,0,1,0,0,0,0,0,0,0,0,0,0,0,0,0,0,1,0,0,0,0,0,0,0,0,0,0,0,0,0,0,1,0,0,0,0,0,0,0,0,0,0,0,0,0,0,0,0,0,0,0,0,0,0,1,0,0,0,0,0,0,0,0,0,0,0,0,0,0,0,0,0,0,0,0,0,0,0,0,0,0,1,0,0,0,0,0,0,0,0,0,0,0,0,0,0,1,0,0,0,0,0,0,0,0,0,0,0,0,0,0,0,0,1,0,0,0,0,0,0,0,0,0,0,0,0,0,0,0,0,1,0,0,0,0,0,0,0,0,0,0,0,0,0,0,1,0,0,0,0,0,0,0,0,0,0,0,0,0,0,0,0,0,0,0,0,0,0,0,0,0,0,0,0,0,0,1,0,0,0,0,0,0,0,0,0,0,0,0,0,0,0,0,1,0,0,0,0,0,0,0,0,0,0,0,0,0,0,0,0,0,0,0,0,1,0,0,0,0,0,0,0,0,0,0,0,0,0,1,0,0,0,0,0,0,0,0,0,0,0,0,0,0,0,0,0,0,0,0,0,0,0,0,0,1,0,0,0,0,0,0,0,0,0,0,0,0,0,0,0,0,0,0,0,0,0,1,0,0,0,0,0,0,0,0,0,0,0,0,0,0,0,0,0,0,0,1,0,0,0,0,0,0,0,0,0,0,0,1,0,0,0,0,0,0,0,0,0,0,0,0,0,0,0,0,0,0,0,0,0,0,0,0,0,1,0,0,0,0,0,0,0,0,0,0,0,0,0,0,0,0,0,0,1,0,0,0,0,0,0,0,0,0,0,0,0,0,0,0,0,0,0,0,0,1,0,0,0,0,0,0,0,0,0,0,0,0,0,0,0,0,0,0,1,0,0,0,0,0,0,0,0,0,0,0,0,0,0,0,0,0,0,1,0,0,0,0,0,0,0,0,0,0,0,0,0,0,0,0,0,0,0,0,0,0,0,0,0,0,0,0,1,0,0,0,0,0,0,0,0,0,0,0,0,1,0,0,0,0,0,0,0,0,0,0,0,0,0,0,0,0,0,0,1,0,0,0,0,0,0,0,0,0,0,0,0,0,0,0,0,1,0,0,0,0,0,0,0,0,0,0,0,0,0,0,0,0,0,0,0,0,0,0,0,0,0,1,0,0,0,0,0,0,0,0
8.52,94,1.0,-3.2754197186585746e-18,-1.2247026948511849e-17,1.046385586587714,0.8606709764488061,0.5055303358512334,-1.09526663684908e-17,0.564598662570038,0.7920987945686204,-0.5923277038241983,-0.1237516422547744,0.5483528250073675,0.1350126474484646,0.864524237641537,0.4418874208192955,0.5290547583018526,0.4140533110358,0.8934498317961767,0.11827182058934,0.4593076084090861,0.4091192658533842,-0.8790076772943788,0.1819879228776693,0.4455342971616167,-0.003495375894561,0.8003384848501668,-0.548008610203529,0.4350354649607523,0.2311140631601151,-0.481901985754733,-0.7605838209174223,0.4177127223925782,0.5558374280064684,-0.5625223979694719,-0.5724791968482738,0.4153261698601976,0.2074487474381826,-0.5865791272988907,0.5909080685515278,0.4071002607004021,0.1347194495406625,-0.6113717965205427,0.6198512809843324,0.4021303675968915,0.2150523035543837,-0.9432841255651548,0.0296457873721024,0.3952622148232893,0.2114638075560301,-0.9224044681879556,0.1217337764786132,0.3914872249094997,0.901339659493446,-0.4127358197876739,0.0029294174911395,0.3889589050554735,0.1426351145397113,0.9274213206539912,-0.2899989766879947,0.388667419489156,0.3236132560006823,-0.6990920177970927,0.5544403771495434,0.3866716126867458,0.9232890094518844,0.353798721495092,-0.1130220294950481,0.3719204848614874,0.2218865845991135,0.7971204890238519,-0.480735605875138,0.3495681163898322,0.4834278978074694,0.8368772929237679,0.2257671784076677,0.301893855453588,-0.4017636812775281,0.8138747642435394,0.0857574081089818,0.3002305997796444,0.609671685820232,-0.5248682188101266,-0.5600391211071736,0.2964706411197902,-0.0831028593553183,0.9639956472079324,-0.1582431939715858,0.2819517674347798,-0.4863272821110624,0.8119182124790006,0.0351017552421816,0.2807958347848868,-0.3488106662027479,0.9027317438369103,0.0310126258550998,0.2528059855919918,0.4899100110569837,0.860917276382113,0.0385637545159652,0.2351589341472486,0,1,0,0,0,0,0,0,0,0,0,0,0,0,0,0,0,0,0,0,0,0,0,0,0,0,0,0,0,0,0,1,0,0,0,0,0,0,0,0,0,0,0,0,0,0,0,0,0,0,0,1,0,0,0,0,0,0,0,0,1,0,0,0,0,0,0,0,0,0,0,0,0,0,0,0,0,0,0,0,0,1,0,0,0,0,0,0,0,0,0,0,0,0,0,0,0,0,0,0,0,0,0,1,0,0,0,0,0,0,0,0,0,0,0,0,0,0,0,0,0,0,0,0,0,0,0,0,0,0,0,1,0,0,0,0,0,0,0,0,0,0,0,0,0,0,1,0,0,0,0,0,0,0,0,0,0,0,0,0,0,0,0,0,0,0,0,0,0,0,0,1,0,0,0,0,0,0,0,0,0,0,0,1,0,0,0,0,0,0,0,0,0,0,0,0,0,0,0,0,0,1,0,0,0,0,0,0,0,0,0,0,0,0,0,0,0,0,0,0,0,0,0,1,0,0,0,0,0,0,0,0,0,0,0,0,0,0,0,0,0,0,0,0,0,0,0,0,0,0,0,1,0,0,0,0,0,0,0,0,0,0,0,0,0,0,0,0,1,0,0,0,0,0,0,0,0,0,0,0,0,1,0,0,0,0,0,0,0,0,0,0,0,0,0,0,0,0,0,0,0,0,0,0,0,0,0,0,0,0,0,0,0,0,0,0,1,0,0,0,0,1,0,0,0,0,0,0,0,0,0,0,0,0,0,0,0,0,0,0,1,0,0,0,0,0,0,0,0,0,0,0,0,0,0,0,0,0,0,0,0,1,0,0,0,0,0,0,0,0,0,0,0,0,0,0,0,0,0,0,0,0,0,0,0,0,0,0,1,0,0,0,0,0,0,0,0,0,0,0,0,1,0,0,0,0,0,0,0,0,0,0,0,0,0,0,0,0,0,0,0,0,0,0,0,0,0,0,1,0,0,0,0,0,0,0,0,0,0,0,0,1,0,0,0,0,0,0,0,0,0,0,0,0,0,0,0,0,0,0,0,0,0,0,0,0,0,0,1,0,0,0,0,0,0,0,0,0,0,0,0,1,0,0,0,0,0,0,0,0,0,0,0,0,0,0,0,0,0,0,0,0,0,0,0,0,0,0,1,0,0,0,0,0,0,0,0,0,0,0,0,1,0,0,0,0,0,0,0,0,0,0,0,0,0,0,0,0,0,0,0,0,0,0,0,0,1,0,0,0,0,0,0,0,0,0,0,0,0,0,0,0,0,0,0,0,0,0,0,0,0,1,0,0,0,0,0,0,0,0,0,0,0,1,0,0,0,0,0,0,0,0,0,0,0,0,0,0,0,0,0,1,0,0,0,0,0,0,0,0,0,0,0,0,0,0,0,0,0,0,0,0,0,1,0,0,0,0,0,0,0,0,0,0,0,0,0,0,0,0,0,0,0,0,0,0,0,0,0,0,0,1,0,0,0,0,0,0,0,0,0,0,0,0,0,0,0,0,0,0,0,0,0,0,0,0,1,0,0,0,0,0,0,0,0,0,0,0,0,0,0,1,0,0,0,0,0,0,0,0,0,0,0,0,0,0,0,0,1,0,0,0,0,0,0,0,0,0,0,0,0,0,0,0,0,0,0,0,0,0,0,1,0,0,0,0,0,0,0,0,0,0,0,0,0,0,0,0,0,0,0,1,0,0,0,0,0,0,0,0,0,0,0,0,0,0,0,0,0,0,0,1,0,0,0,0,0,0,0,0,0,0,0,0,0,0,0,0,1,0,0,0,0,0,0,0,0,0,0,0,0,0,0,0,0,0,0,0,0,0,0,0,0,0,1,0,0,0,0,0,0,0,0,0,0,0,0,0,0,0,0,1,0,0,0,0,0,0,0,0,0,0,0,0,0,0,0,0,0,0,0,1,0,0,0,0,0,0,0,0,0,0,0,1,0,0,0,0,0,0,0,0,0,0,0,0,0,0,0,0,0,0,0,0,0,0,0,0,0,0,0,1,0,0,0,0,0,0,0,0,0,0,0,0,0,0,0,0,1,0,0,0,0,0,0,0,0,0,0,0,0,0,0,0,0,0,0,0,0,0,0,1,0,0,0,0,0,0,0,0,0,0,0,1,0,0,0,0,0,0,0,0,0,0,0,0,0,0,0,0,0,0,0,0,0,0,0,0,0,0,0,1,0,0,0,0,0,0,0,0,0,0,0,0,0,1,0,0,0,0,0,0,0,0,0,0,0,0,0,0
8.46,96,1.0,2.068493448136469e-17,1.3967801684927928e-17,1.0476291657364645,0.844822877305619,0.533626047459268,-9.054717798022722e-19,0.552911947793905,0.7839975482672894,-0.6001336447191946,-0.0490882443458259,0.5512839464507954,0.1068541734130072,0.9074910983609248,0.2288189661675296,0.47921845907673,0.3835813446689942,-0.8727446704153875,0.156900444170635,0.4524880554949113,0.0502603163169426,-0.9263423339896912,-0.0317654078140927,0.4506924255332268,0.4050815431362843,0.8983980640111856,0.0355752606219354,0.4477412928515658,0.8192544202297041,-0.490995051293271,0.0950969851675523,0.4021165443896744,0.6251335962700753,-0.524813418302426,-0.4155753382227211,0.3984912107679935,0.0501090446184326,-0.5904768816568893,0.6921517368834275,0.3945662372951587,0.4020295040914138,-0.4523794125636909,-0.6185951920212529,0.3773587615218506,0.9142020818535505,0.3784624290749942,-0.0645912083445977,0.3682272911794088,0.2483409534458839,0.8650040315478462,-0.2841330145412157,0.3563624770358925,0.2219082682211023,-0.7238907563001251,0.6311610377159359,0.3538859233346895,0.3513145200105859,-0.8651378472697345,0.0709490609326511,0.3328715539036304,0.1353249409601981,0.7789921075761568,-0.4959668366089769,0.3290305017549574,0.072491167618735,-0.6629809490342994,0.6940886926429969,0.3212901576153329,0.3854633521774382,0.8837310123475504,0.1661215111076543,0.3169292568286386,0.1016564380574843,0.7674921823133113,-0.5635112131944502,0.3145140589401227,0.4111235630067559,0.6486448667557816,0.4645011300032265,0.3060874971141168,0.6011793699909797,-0.4958776948981305,-0.3436682386991664,0.2496279797753994,0.3895024487848876,0.7784756207165648,0.3269861255217205,0.2325348354915709,0.372680140588168,-0.6291636708804279,0.6208272204250993,0.2297977933009127,0.4519483610887404,-0.5578698580973921,-0.2095758797730183,0.2033295008215763,0.1067734882720063,0.9223072866181022,-0.0232260639887347,0.1904725057557564,0,0,0,0,0,0,0,0,0,0,0,1,0,0,0,0,0,0,0,0,0,0,0,0,0,0,0,0,0,0,0,1,0,0,0,0,0,0,0,0,0,0,0,0,0,0,0,0,0,0,0,0,0,0,1,0,0,0,0,0,1,0,0,0,0,0,0,0,0,0,0,0,0,0,0,0,0,0,0,0,0,0,0,0,0,0,0,0,0,0,0,1,0,0,0,0,0,0,0,0,0,0,0,1,0,0,0,0,0,0,0,0,0,0,0,0,0,0,0,0,0,0,0,0,0,0,0,0,0,0,0,0,0,0,1,0,0,0,0,0,0,0,0,0,0,0,1,0,0,0,0,0,0,0,0,0,0,0,0,0,0,0,0,0,0,0,0,0,0,0,0,1,0,0,0,0,0,0,0,0,0,0,0,1,0,0,0,0,0,0,0,0,0,0,0,0,0,0,0,0,0,0,0,0,0,0,0,0,0,0,0,1,0,0,0,0,0,0,0,0,0,0,0,0,0,0,0,0,1,0,0,0,0,0,0,0,0,0,0,0,0,0,0,0,0,0,0,0,0,0,0,0,0,0,1,0,0,0,0,0,0,0,0,1,0,0,0,0,0,0,0,0,0,0,0,0,0,0,0,0,0,0,0,0,0,0,0,0,0,0,0,1,0,0,0,0,0,0,0,0,0,0,0,0,0,0,1,0,0,0,0,0,0,0,0,0,0,0,0,0,0,0,0,0,0,0,0,0,0,0,0,1,0,0,0,0,0,0,0,0,1,0,0,0,0,0,0,0,0,0,0,0,0,0,0,0,0,0,0,0,0,0,0,0,0,0,0,0,0,0,0,1,0,0,0,0,0,0,0,0,0,0,0,0,0,0,0,0,1,0,0,0,0,0,0,0,0,0,0,0,0,0,0,0,0,0,0,0,0,0,0,1,0,0,0,0,0,0,0,0,0,0,0,0,0,0,0,0,0,0,0,0,0,0,0,0,1,0,0,0,0,0,0,0,0,0,0,0,0,0,0,0,0,0,1,0,0,0,0,0,0,0,0,0,0,0,0,0,0,0,0,0,0,0,0,0,1,0,0,0,0,0,0,0,0,0,0,0,0,0,0,0,0,0,1,0,0,0,0,0,0,0,0,1,0,0,0,0,0,0,0,0,0,0,0,0,0,0,0,0,0,0,0,0,0,0,0,0,0,0,0,1,0,0,0,0,0,0,0,0,0,0,0,1,0,0,0,0,0,0,0,0,0,0,0,0,0,0,0,0,0,0,0,0,0,0,0,0,0,0,0,1,0,0,0,0,0,0,0,0,0,0,0,0,0,0,0,0,1,0,0,0,0,0,0,0,0,0,0,0,0,0,0,0,0,0,0,0,0,0,0,0,0,0,1,0,0,0,0,0,0,0,0,0,0,0,0,0,1,0,0,0,0,0,0,0,0,0,0,0,0,0,0,0,0,0,0,0,0,0,0,1,0,0,0,0,0,0,0,0,0,0,0,0,0,0,0,0,1,0,0,0,0,0,0,0,0,0,0,0,0,0,0,0,0,0,0,0,0,0,0,0,0,0,1,0,0,0,0,0,0,0,0,0,0,0,0,0,0,0,0,1,0,0,0,0,0,0,0,0,0,0,0,0,0,0,0,0,0,0,0,0,0,0,1,0,0,0,0,0,0,0,0,0,0,0,0,0,1,0,0,0,0,0,0,0,0,0,0,0,0,1,0,0,0,0,0,0,0,0,0,0,0,0,0,0,0,0,0,0,0,0,0,0,0,0,0,0,0,0,0,0,0,0,0,0,1,0,0,0,0,0,0,0,0,0,0,0,0,0,0,1,0,0,0,0,0,0,0,0,0,0,0,0,0,0,0,0,0,0,0,1,0,0,0,0,0,0,0,0,0,1,0,0,0,0,0,0,0,0,0,0,0,0,0,0,0,0,0,0,1,0,0,0,0,0,0,0,0,0,0,0,0,0,0,0,0,0,0,0,0,0,0,0,0,0,0,0,0,0,0,1,0,0,0,0,0,0,0,0,0,0,0,1,0,0,0,0,0,0,0,0,0,0,0,0,0,0,0,0,0,0,0,0,0,0,0,0,0,0,0,1,0,0,0,0,0,0,0,0,0,0,0,0,0,1,0,0,0,0,0,0,0,0,0,0,0,0,0,0,0,0,0,0,0,0,0,0,0,0,0,0,0,0,1,0,0,0,0,0,0,0,0,1,0,0,0,0,0,0,0,0,0,0,0,0,0,0,0,0
8.31,97,1.0,8.424345535399833e-18,-1.5567300365417462e-18,1.046908084577383,0.8362997537103164,0.5407480238951855,-2.291721247077389e-17,0.5707777180046059,0.8042418542370644,-0.5487390353878807,-0.1115869902304058,0.5429060392374561,0.1390329348663984,0.8449585419701154,0.2853291202337586,0.4971890717269326,0.3905741135004621,0.8782335588206529,0.1186995818694246,0.4606960060356347,0.4675479073285944,-0.79274279006306,0.2355176590472231,0.4340634145020809,0.1982309067225596,-0.5281987365313194,-0.7198301134521057,0.4200957065386497,0.5297256946660668,-0.5746148057906925,-0.5430400644976924,0.4188745636533408,0.2400863842003502,-0.8246122607240425,0.1635775479959168,0.4034766640163927,0.0905698625479977,0.7641010019777842,-0.3319959712055739,0.4010627007447018,0.914345935712758,-0.3431386364087726,-0.0760706341791795,0.3882497793059712,0.2295018642480203,-0.5401848607370263,0.7051493696616438,0.376503923559387,0.8868219528637693,0.4112426541287012,-0.1043111997420794,0.3759255689169636,0.1622837238877132,0.893772317789178,-0.1371652215611573,0.3745203711729801,0.2504342692014114,-0.5429977234687436,0.6406708906840415,0.3727574685413583,0.4044749403683477,-0.6078207706975697,0.5950280111448281,0.369329047645773,0.340848896258924,-0.8541780951262232,0.1014945755042457,0.358150906095045,0.3744137273466904,0.824436237345993,0.209771870092459,0.3349152019849236,0.5746630961995358,-0.5602245433273784,-0.5150312561828363,0.3120615312330547,0.4040983010566846,0.5313773161918626,0.5150720152264893,0.2904644556538744,0.3821140794882927,0.6853061895542213,0.3822728134616039,0.2817667840508223,0.1339602865046258,0.8315541771035844,-0.2820589113502705,0.2787152291195537,0.246217252541422,0.841614239574304,0.1038573632288409,0.2514386787786852,-0.1424503994214162,0.9270723211324134,-0.0372438782254923,0.2288134764376845,-0.5255186829327724,0.6784807069698668,0.1230628235738162,0.2255569230071732,0,0,0,0,0,0,0,0,0,0,0,1,0,0,0,0,0,0,0,0,0,0,0,0,0,0,0,0,0,0,0,1,0,0,0,0,0,0,0,0,0,0,0,0,0,0,0,0,0,0,0,1,0,0,0,0,0,0,0,0,1,0,0,0,0,0,0,0,0,0,0,0,0,0,0,0,0,0,0,0,0,0,0,0,0,0,0,0,0,0,0,1,0,0,0,0,0,0,0,0,0,0,0,1,0,0,0,0,0,0,0,0,0,0,0,0,0,0,0,0,0,0,0,0,0,0,0,0,0,0,0,1,0,0,0,0,0,0,0,0,0,0,0,0,0,0,1,0,0,0,0,0,0,0,0,0,0,0,0,0,0,0,0,0,0,0,0,0,0,0,0,1,0,0,0,0,0,0,0,0,0,0,0,1,0,0,0,0,0,0,0,0,0,0,0,0,0,0,0,0,0,0,0,0,0,0,0,0,0,0,0,1,0,0,0,0,0,0,0,0,0,0,0,1,0,0,0,0,0,0,0,0,0,0,0,0,0,0,0,0,0,0,0,0,0,0,0,0,0,0,0,1,0,0,0,0,0,0,0,0,0,0,0,0,0,0,0,0,0,0,0,0,0,0,0,0,1,0,0,0,0,0,0,0,0,0,0,0,0,0,0,1,0,0,0,0,0,0,0,0,1,0,0,0,0,0,0,0,0,0,0,0,0,0,0,0,0,0,0,0,0,0,0,0,0,0,0,0,0,0,0,1,0,0,0,0,0,0,0,0,0,0,0,0,0,0,0,0,1,0,0,0,0,0,0,0,0,0,0,0,0,0,0,0,0,0,0,0,0,0,0,1,0,0,0,0,0,0,0,0,0,0,0,0,0,0,0,0,1,0,0,0,0,0,0,0,0,0,0,0,0,0,0,0,0,0,0,0,0,0,0,1,0,0,0,0,0,0,0,0,0,0,0,0,0,0,1,0,0,0,0,0,0,0,0,0,0,0,0,0,0,0,0,0,0,0,0,0,0,0,0,1,0,0,0,0,0,0,0,0,0,0,0,0,0,0,0,0,1,0,0,0,0,0,0,0,0,0,0,0,0,0,0,0,0,0,0,0,0,0,0,1,0,0,0,0,0,0,0,0,0,0,0,0,0,0,0,0,0,0,0,0,0,0,0,0,1,0,0,0,0,0,0,0,0,0,0,0,0,0,0,1,0,0,0,0,0,0,0,0,0,0,0,1,0,0,0,0,0,0,0,0,0,0,0,0,0,0,0,0,0,0,0,0,0,0,0,0,0,0,0,1,0,0,0,0,0,0,0,0,0,0,0,0,0,0,0,0,1,0,0,0,0,0,0,0,0,0,0,0,0,0,0,0,0,0,0,0,0,0,0,1,0,0,0,0,0,0,0,0,0,0,0,1,0,0,0,0,0,0,0,0,0,0,0,0,0,0,0,0,0,0,0,0,0,0,0,0,0,0,0,1,0,0,0,0,0,0,0,0,0,0,0,0,0,0,0,0,1,0,0,0,0,0,0,0,0,0,0,0,0,0,0,0,0,0,0,0,0,0,0,1,0,0,0,0,0,0,0,0,0,0,0,0,0,0,0,0,0,0,0,1,0,0,0,0,0,0,0,0,0,0,0,0,0,0,0,0,0,0,0,1,0,0,0,0,0,0,0,0,0,0,0,0,0,0,0,0,0,0,0,1,0,0,0,0,0,0,0,0,0,0,0,0,0,0,0,0,0,0,0,0,0,0,1,0,0,0,0,0,0,0,0,0,0,0,0,0,0,0,0,0,0,0,0,0,1,0,0,0,0,0,0,0,0,0,0,0,0,0,0,0,0,0,1,0,0,0,0,0,1,0,0,0,0,0,0,0,0,0,0,0,0,0,0,0,0,0,0,0,0,0,0,0,0,0,0,0,0,0,0,1,0,0,0,0,0,0,0,0,0,0,0,0,0,0,0,0,1,0,0,0,0,0,0,0,0,0,0,0,0,0,0,0,0,0,0,0,0,0,0,1,0,0,0,0,0,0,0,0,0,0,0,0,0,1,0,0,0,0,0,0,0,0,0,0,0,0,0,0,0,0,0,0,0,0,0,0,0,0,0,1,0,0,0,0,0,0,0,0,0,0,0,1,0,0,0,0,0,0,0,0,0,0,0,0,0,0,0,0,0,0,0,0,0,0,0,0,0,0,0,1,0,0,0,0,0,0,0,0,0,0,0,0,0,0,0,0,1,0,0,0,0,0,0,0,0,0,0,0
8.47,98,1.0,5.178740705009095e-18,1.8547169765201575e-17,1.0471979721254587,0.7581789613982111,-0.4083288130652587,-0.1226912575381169,0.5668070366179687,0.8777439487789076,0.4324418846484137,-0.0028065424349886,0.5595794473178566,0.1875394820664935,0.7111713852088337,0.2510318486233753,0.5135977297067364,0.3245318884584384,-0.7313825419494817,0.0679818593263871,0.4652072213664143,0.4735481141700582,0.7239363150512571,0.089551268181114,0.4591258364237134,0.553463014173435,-0.3362635614994576,-0.4581055256909609,0.4149144799100005,0.1051343891559658,-0.7693606364879514,0.0016926135256883,0.3986043388388954,0.1357729463828856,-0.776292924545267,-0.0690581859567408,0.3957547347565791,0.8529405696768535,-0.2582013205979629,0.0024222498079079,0.3919476748908581,0.2670979186888154,-0.6071578267290729,0.4317940383372148,0.3850365445526459,0.0510801364515613,-0.5707826107620845,0.5077410145203192,0.3806638081514169,0.3251939411499412,-0.2991503265992986,-0.6117010792998416,0.3760559941098207,0.917107893437222,0.3447516607424392,-0.0759812745844496,0.3689824988591993,0.3350399407651654,0.7133619887750765,-0.1810222099250659,0.3630009225474877,0.1399136785111821,-0.5457505352497162,0.5361125260573021,0.3613572769252604,0.2747322499817853,0.6379094967097297,-0.3291921868537681,0.3503071365913882,0.3776408660642641,0.6114295957779883,-0.2153590152410848,0.3048091449900498,0.4006300113459476,0.824897921433672,0.2538170235007149,0.3003857402916985,0.4823902567102253,-0.2707361809662751,-0.4982273821351686,0.2858564448368165,0.4393947633955715,-0.4345624166859362,0.4303724716948496,0.2592974535926082,0.4382348594431467,-0.2558704613744432,-0.3511467604565381,0.2523000248585224,0.1191953610379022,0.5418788507437563,0.460108546502421,0.2477519793985529,-0.4492376293839675,0.7365989442943706,-0.1956652245356108,0.1869524789772806,0.212565397415283,0.7791586402145937,0.4830839317177567,0.1747606153156487,0,0,0,0,0,0,0,0,0,0,0,1,0,0,0,0,0,0,0,0,0,0,0,0,0,0,0,0,0,0,0,1,0,0,0,0,0,0,0,0,0,0,0,0,0,0,0,0,0,0,0,1,0,0,0,0,0,0,0,0,0,0,0,1,0,0,0,0,0,0,0,0,0,0,0,0,0,0,0,0,0,0,0,0,0,0,0,0,0,0,0,1,0,0,0,0,0,0,0,0,1,0,0,0,0,0,0,0,0,0,0,0,0,0,0,0,0,0,0,0,0,0,0,0,0,0,0,0,0,0,0,1,0,0,0,0,0,0,0,0,0,0,0,0,0,0,1,0,0,0,0,0,0,0,0,0,0,0,0,0,0,0,0,0,0,0,0,0,0,0,0,1,0,0,0,0,0,0,0,0,0,0,0,1,0,0,0,0,0,0,0,0,0,0,0,0,0,0,0,0,0,0,0,0,0,0,0,0,0,0,0,1,0,0,0,0,0,0,0,0,0,0,0,1,0,0,0,0,0,0,0,0,0,0,0,0,0,0,0,0,0,0,0,0,0,0,0,0,0,0,0,1,0,0,0,0,0,0,0,0,1,0,0,0,0,0,0,0,0,0,0,0,0,0,0,0,0,0,0,0,0,0,0,0,0,0,0,0,0,0,0,1,0,0,0,0,0,0,0,0,0,0,0,0,0,0,0,0,1,0,0,0,0,0,0,0,0,0,0,0,0,0,0,0,0,0,0,0,0,0,0,1,0,0,0,0,0,0,0,0,0,0,0,0,0,0,0,0,1,0,0,0,0,0,0,0,0,0,0,0,0,0,0,0,0,0,0,0,0,0,0,1,0,0,0,0,0,0,0,0,0,0,0,0,0,0,1,0,0,0,0,0,0,0,0,0,0,0,0,0,0,0,0,0,0,0,0,0,0,0,0,1,0,0,0,0,0,0,0,0,0,0,0,1,0,0,0,0,0,0,0,0,0,0,0,0,0,0,0,0,0,0,0,0,0,0,0,0,0,0,0,1,0,0,0,0,0,0,0,0,0,0,0,0,0,0,0,0,1,0,0,0,0,0,0,0,0,0,0,0,0,0,0,0,0,0,0,0,0,0,0,1,0,0,0,0,0,0,0,0,0,0,0,0,0,0,0,0,0,0,0,0,0,0,0,0,1,0,0,0,0,0,0,0,0,0,0,0,0,0,0,1,0,0,0,0,0,0,0,0,0,0,0,0,0,0,0,0,0,0,0,0,0,0,0,0,1,0,0,0,0,0,0,0,0,0,0,0,0,0,0,1,0,0,0,0,0,0,0,0,0,0,0,1,0,0,0,0,0,0,0,0,0,0,0,0,0,0,0,0,0,0,0,0,0,0,0,0,0,0,0,1,0,0,0,0,0,0,0,0,0,0,0,0,0,0,0,0,1,0,0,0,0,0,0,0,0,0,0,0,0,0,0,0,0,0,0,0,0,0,0,1,0,0,0,0,0,0,0,0,0,0,0,0,0,0,0,0,1,0,0,0,0,0,0,0,0,0,0,0,0,0,0,0,0,0,0,0,0,0,0,1,0,0,0,0,0,0,0,0,0,0,0,0,0,0,0,0,1,0,0,0,0,0,0,0,0,0,0,0,0,0,0,0,0,0,0,0,0,0,0,1,0,0,0,0,0,0,0,0,0,0,0,0,0,0,0,0,0,0,0,1,0,0,0,0,0,0,0,0,0,0,0,0,0,0,0,0,0,0,0,0,0,0,0,0,0,0,0,1,0,0,0,0,0,0,0,0,0,0,0,1,0,0,0,0,0,0,0,0,0,0,0,0,0,0,0,0,0,0,0,1,0,0,0,0,0,0,0,0,0,0,0,1,0,0,0,0,0,0,0,0,0,0,0,0,0,0,0,0,0,0,0,0,0,0,0,0,0,0,0,0,0,0,0,0,0,0,0,1,0,0,0,0,0,1,0,0,0,0,0,0,0,0,0,0,0,0,0,0,0,0,0,0,0,0,0,0,0,0,0,1,0,0,0,0,0,0,0,0,0,0,0,0,0,0,0,0,0,0,0,0,0,0,0,0,1,0,0,0,0,0,0,0,0,0,0,0,0,0,0,1,0,0,0,0,0,0,0,0,0,0,0,0,0,0,0,0,1,0,0,0,0,0,0,0,0,0,0,0,0,0,0,0,0,0,0,0,0,0,0,1,0,0,0,0,0,0,0,0,1,0,0,0,0,0,0,0,0,0,0,0,0,0,0,0,0,0,0,0
8.27,99,1.0,4.826699006357692e-18,-7.903305624420955e-18,1.0487574487965712,0.8702060446181031,0.4867205704282378,-4.9780418686862025e-18,0.5595171318550431,0.7893527013285594,-0.5921756099619946,-0.0751568093125173,0.5503842573729304,0.1898449188758781,0.877854609527256,0.151909411520544,0.4949841708128918,0.4253117109984174,0.8890446689118926,0.0601584928865923,0.463187274687208,0.41938918211917,-0.8483277975320258,0.2552314875505469,0.4390622265552005,0.2214818793277032,-0.560618175270357,-0.6809009635214183,0.4232815976005596,0.5405505693671009,-0.6095111734895556,-0.5211330192470467,0.4220520699532854,0.1941534890852221,-0.732141516084445,0.4843552362151596,0.4169436413996196,-0.0414196814946716,-0.6549074831686091,0.5155362744552778,0.4018460715254647,0.8969010753961191,-0.3764697374775756,-0.0002020840923833,0.3956056528342787,0.182831844575702,-0.9128269756951634,0.1799245913623585,0.392360937526322,0.2926910481474266,0.8636290639053195,0.1894652977563749,0.3787474507835732,0.1182356051509003,-0.5470838472509314,0.5829430555903381,0.3747227905421926,0.9360666476722574,0.3329190628552894,-0.0372195931549448,0.3667185369099042,0.2895770632488673,0.8847848963337774,-0.1279308609926958,0.3514756858136469,0.2906979299880157,0.7551975788364381,-0.2178784080514041,0.341768825162453,0.188454931169507,0.6196209699934692,0.3635737154806904,0.3219511452955991,0.2036616677865879,0.7565845745677418,0.2909600097659641,0.3206663960915771,0.4341948144131837,-0.7582633292405838,0.3201453922034482,0.3164381842695064,0.1285187725532165,-0.6895073561826979,0.473264658214448,0.3144665277396627,0.5492614597170687,-0.5651163637739938,-0.5552571665656626,0.2497556112727556,0.272636509256044,0.7906727261703376,-0.3436925087013623,0.2416684152672869,0.0906253133755593,0.8445170878351526,0.2965523917081419,0.2274383696959005,-0.4604010116935342,0.8180003192172142,0.0158510824135085,0.187760598676406,0,0,0,0,0,0,0,0,0,0,0,0,0,0,0,0,0,0,0,1,0,0,0,0,0,0,0,0,0,0,0,1,0,0,0,0,0,0,0,0,0,0,0,0,0,0,0,0,0,0,0,1,0,0,0,0,0,0,0,0,1,0,0,0,0,0,0,0,0,0,0,0,0,0,0,0,0,0,0,0,0,0,0,0,0,0,0,0,0,0,0,0,0,0,0,0,0,0,0,1,0,0,0,1,0,0,0,0,0,0,0,0,0,0,0,0,0,0,0,0,0,0,0,0,0,0,0,0,0,0,0,1,0,0,0,0,0,0,0,0,0,0,0,0,0,0,1,0,0,0,0,0,0,0,0,0,0,0,0,0,0,0,0,0,0,0,0,0,0,0,0,1,0,0,0,0,0,0,0,0,0,0,0,1,0,0,0,0,0,0,0,0,0,0,0,0,0,0,0,0,0,0,0,0,0,0,0,0,0,0,0,0,0,0,0,0,0,0,0,1,0,0,0,1,0,0,0,0,0,0,0,0,0,0,0,0,0,0,0,0,0,0,0,0,0,0,0,0,0,0,0,0,0,0,0,0,0,0,0,1,0,0,0,0,0,0,0,0,0,0,0,0,0,0,0,0,1,0,0,0,0,0,0,0,0,0,0,0,0,0,0,0,0,0,0,0,0,0,0,1,1,0,0,0,0,0,0,0,0,0,0,0,0,0,0,0,0,0,0,0,0,0,0,0,0,0,0,0,0,0,0,0,0,0,0,0,0,0,0,1,0,0,0,1,0,0,0,0,0,0,0,0,0,0,0,0,0,0,0,0,0,0,0,0,0,0,0,0,0,0,0,0,0,0,0,0,0,0,0,1,0,0,0,0,0,0,0,0,1,0,0,0,0,0,0,0,0,0,0,0,0,0,0,0,0,0,0,0,0,0,0,0,0,0,0,0,0,0,0,1,0,0,0,0,0,0,1,0,0,0,0,0,0,0,0,0,0,0,0,0,0,0,0,0,0,0,0,0,0,0,0,0,0,0,0,0,0,0,0,1,0,0,0,0,0,0,0,0,1,0,0,0,0,0,0,0,0,0,0,0,0,0,0,0,0,0,0,0,0,0,0,1,0,0,0,0,0,0,0,0,0,0,0,0,0,0,0,0,0,0,0,1,0,0,0,0,0,0,0,0,0,0,0,0,0,0,0,0,0,0,0,0,0,0,0,0,0,0,0,1,0,0,0,0,0,0,0,0,1,0,0,0,0,0,0,0,0,0,0,0,0,0,0,0,0,0,0,0,0,0,0,1,0,0,0,0,0,0,0,0,0,0,0,0,0,0,0,0,0,0,0,0,0,0,0,0,1,0,0,0,0,0,0,0,0,0,0,0,0,0,0,1,0,0,0,0,0,0,0,0,0,0,0,1,0,0,0,0,0,0,0,0,0,0,0,0,0,0,0,0,0,0,0,0,0,0,0,0,0,0,0,1,0,0,0,0,0,0,0,0,0,0,0,0,0,0,0,0,1,0,0,0,0,0,0,0,0,0,0,0,0,0,0,0,0,0,0,0,0,0,0,1,0,0,0,0,0,0,0,0,0,0,0,0,0,0,0,0,0,0,0,0,0,0,0,0,1,0,0,0,0,0,0,0,0,0,0,0,0,0,0,1,0,0,0,0,0,0,0,0,1,0,0,0,0,0,0,0,0,0,0,0,0,0,0,0,0,0,0,0,0,0,0,0,0,0,0,0,0,0,0,0,0,0,0,0,0,0,0,1,0,0,0,1,0,0,0,0,0,0,0,0,0,0,0,0,0,0,0,0,0,0,0,0,0,0,0,0,0,0,0,0,0,0,0,0,0,0,0,1,0,0,0,0,0,0,0,0,1,0,0,0,0,0,0,0,0,0,0,0,0,0,0,0,0,0,0,0,0,0,0,0,0,0,0,1,0,0,0,0,0,0,0,0,0,0,0,0,0,0,0,1,0,0,0,0,0,0,0,0,0,0,0,0,0,0,0,0,0,0,0,1,0,0,0,0,0,0,0,0,0,0,0,0,0,0,0,0,1,0,0,0,0,0,0,0,0,0,0,0,0,0,0,0,0,0,0,0,0,0,0,1,0,0,0,0,0,0,0,0,0,0,0,0,0,1,0,0,0,0,0,0,0,0,0,0,0,0,0,0,0,0,0,0,0,0,0,0,0,0,0,1,0,0,0,0,0,0,0,0,0,0,0,0,0,0,0,0,1,0,0,0,0,0,0,0,0,0,0,0
8.41,100,1.0,-2.027203825374047e-17,3.9542831360159454e-18,1.0466587665588871,0.8583437850215777,0.5095854947126697,-7.115761561289965e-18,0.5661170044787145,0.7860849561869191,-0.5876614532155413,0.0337296450583284,0.5511925689161852,0.1144107402377117,0.9186904777235616,0.1372800369335615,0.4936966825047421,0.3580150761025197,-0.8316684422717314,0.292463259022207,0.4599869413817073,0.4175806526290132,0.889152419500404,-0.0042740905539798,0.4557565368055715,0.1481563267886186,-0.8091161033336105,0.2590097615523449,0.4362152554203327,0.0912484446775138,-0.8060922223532362,0.4379300915750507,0.4316018913900821,0.8367839331961452,-0.4146904133411716,0.1819449918374013,0.4013058791239636,0.6166245274229057,-0.6123334774273983,-0.3714238583979642,0.4009756966078325,0.3748277785801135,-0.589946612689334,-0.5467443252212048,0.3830749158948619,0.9273790681259962,0.3462451974027397,-0.0170805007761916,0.3719855184394879,0.282468065185589,0.833463696528789,-0.3339492775583842,0.3591112662006346,0.213923565991755,0.7119320914039586,-0.4535630169233661,0.3355520385115808,0.3873727795443167,0.8571344986730809,0.1953892216309041,0.3305977419911848,0.3508405522425062,-0.782608159367868,0.3092100592165965,0.3232478514430412,0.6385819199720998,-0.5618218551498917,-0.3756006849334014,0.3027419816043737,0.0702546402259491,0.7405170970050394,-0.4749951559315969,0.2985047961553025,0.0055658090957464,0.7621311211983134,0.3940518540835235,0.2903307531949582,0.1810539118682004,0.8238355357461422,0.365061506742792,0.2773142739695779,-0.1642781905612298,0.6585792805981184,-0.5465400198251349,0.2545039536942369,0.4809295711462826,0.7881758270118673,0.1355660384965902,0.2512292584739824,0.696066387577927,-0.5621812914500612,-0.1954939912558295,0.2298623206869074,-0.0530288289979126,0.5843128006757755,-0.6852718465985775,0.2239599296988457,0.0146750931454794,0.5427798509510623,-0.5455564592372842,0.2080964581089648,0,0,0,0,0,0,0,0,0,0,0,0,0,0,0,1,0,0,0,0,0,0,0,0,0,0,0,0,0,0,0,1,0,0,0,0,0,0,0,0,0,0,0,0,0,0,0,0,0,0,0,0,0,0,0,0,0,0,0,1,1,0,0,0,0,0,0,0,0,0,0,0,0,0,0,0,0,0,0,0,0,0,0,0,0,0,0,0,0,0,0,0,0,0,0,1,0,0,0,0,0,0,0,1,0,0,0,0,0,0,0,0,0,0,0,0,0,0,0,0,0,0,0,0,0,0,0,0,0,0,0,0,0,0,0,0,0,0,0,1,0,0,0,0,0,0,1,0,0,0,0,0,0,0,0,0,0,0,0,0,0,0,0,0,0,0,0,0,0,0,0,0,0,0,0,1,0,0,0,0,0,0,0,1,0,0,0,0,0,0,0,0,0,0,0,0,0,0,0,0,0,0,0,0,0,0,0,0,0,0,0,0,0,0,0,0,0,0,0,1,0,0,0,1,0,0,0,0,0,0,0,0,0,0,0,0,0,0,0,0,0,0,0,0,0,0,0,0,0,0,0,0,0,0,0,1,0,0,0,0,0,0,0,0,0,0,0,0,1,0,0,0,0,0,0,0,0,0,0,0,0,0,0,0,0,0,0,0,0,0,0,0,0,0,0,1,0,0,0,0,0,0,0,0,0,0,0,0,1,0,0,0,0,0,0,0,0,0,0,0,0,0,0,0,0,0,0,0,0,0,0,0,0,0,0,1,0,0,0,0,0,0,0,0,0,0,1,0,0,0,0,0,0,0,0,0,0,0,0,0,0,0,0,0,0,0,0,0,0,0,0,0,0,0,0,1,0,0,0,0,1,0,0,0,0,0,0,0,0,0,0,0,0,0,0,0,0,0,0,0,0,0,0,0,0,0,0,0,0,0,0,0,0,0,0,1,0,0,0,0,0,0,0,0,0,0,0,0,0,0,0,0,0,0,0,0,1,0,0,0,0,0,0,0,0,0,0,0,0,0,0,0,0,0,0,0,0,0,0,1,0,0,0,0,0,0,0,0,0,0,0,0,0,0,0,0,1,0,0,0,0,0,0,0,0,0,0,0,0,0,0,0,0,0,0,0,0,0,0,1,0,0,0,1,0,0,0,0,0,0,0,0,0,0,0,0,0,0,0,0,0,0,0,0,0,0,0,0,0,0,0,0,0,0,0,0,0,0,0,1,0,0,0,0,0,0,0,0,1,0,0,0,0,0,0,0,0,0,0,0,0,0,0,0,0,0,0,0,0,0,0,0,0,0,0,0,0,0,0,1,0,0,0,0,0,0,0,0,0,0,0,1,0,0,0,0,0,0,0,0,0,0,0,0,0,0,0,0,0,0,0,0,0,0,0,1,0,0,0,0,0,0,0,0,0,0,0,0,0,0,0,0,0,0,0,0,0,1,0,0,0,0,0,0,0,0,0,0,0,0,0,0,0,0,0,0,0,0,0,1,0,0,0,0,0,0,0,0,0,0,0,1,0,0,0,0,0,0,0,0,0,0,0,0,0,0,0,0,0,0,0,0,0,0,0,0,0,0,0,1,0,0,0,1,0,0,0,0,0,0,0,0,0,0,0,0,0,0,0,0,0,0,0,0,0,0,0,0,0,0,0,1,0,0,0,0,0,0,0,0,0,0,0,0,0,0,0,0,0,0,0,0,0,0,0,0,1,0,0,0,0,0,0,0,0,0,0,0,0,0,0,1,0,0,0,0,0,0,0,0,1,0,0,0,0,0,0,0,0,0,0,0,0,0,0,0,0,0,0,0,0,0,0,0,0,0,0,0,0,0,0,0,0,0,0,0,0,0,0,1,0,0,0,0,0,0,0,0,1,0,0,0,0,0,0,0,0,0,0,0,0,0,0,0,0,0,0,0,0,0,0,0,0,0,0,0,0,0,0,1,0,0,0,0,0,1,0,0,0,0,0,0,0,0,0,0,0,0,0,0,0,0,0,0,0,0,0,0,0,0,0,0,0,0,0,0,0,0,0,1,0,0,0,0,0,1,0,0,0,0,0,0,0,0,0,0,0,0,0,0,0,0,0,0,0,0,0,0,0,0,0,0,0,0,0,0,0,0,0,1,0,0,0,0,0,0,0,0,1,0,0,0,0,0,0,0,0,0,0,0,0,0,0,0,0,0,0,0,0,0,0,0,0,0,0,0,0,0,0,1,0,0,0,0,0,0,0,0,1,0,0,0,0,0,0,0,0,0,0,0
8.21,101,1.0,2.4980166382994163e-18,8.591517621345708e-18,1.0466488830080125,0.8409749619385533,0.5363374621911488,6.306986351121566e-19,0.5936067842347801,0.7904666385145787,-0.5762283706762522,0.0093345695929428,0.5485690991181502,0.0610552965634727,0.924982527224237,0.1991037327847262,0.5030808783764197,0.3784484906501318,0.9025733532176738,0.0594185919127641,0.4673720373431151,0.4044302227137021,-0.8554999831402872,0.225816399475369,0.4433565078373253,0.1798495902700962,-0.8794420740195573,0.1295278799539571,0.4177211087988749,0.6268306398592361,-0.586912756638893,-0.3815310129681138,0.4036511530154657,0.8171070932034532,-0.3909446605242322,0.1551306346783331,0.4011796872968611,0.220445756360924,-0.7361650784983779,0.4407240620637006,0.3894038164875999,0.9125659692470344,0.3736674506041683,-0.0639787372884227,0.3860944133254381,0.2133733038325691,0.8940978889167546,-0.2383538224043257,0.3634888103621048,-0.0364899400062213,0.7621910440799231,-0.4600838760009229,0.3549389718341416,0.3786262793168223,0.8178230877649973,0.2070323294988785,0.3363532114367247,0.4107191284580468,-0.5966195422087126,-0.4449785875598531,0.3334916130741082,0.1006275526970513,-0.5945233276715114,0.5346931616861365,0.3323657267198944,0.575201932114894,-0.5091079884176622,-0.5364889496332806,0.3320454194874128,0.1087801508164257,-0.5848840145452601,0.4567690312464302,0.3306448362505761,0.3593664782884002,-0.8370054846125485,0.2174541702620455,0.3220714222118305,-0.0884360329459229,0.6044548177625395,-0.5586490432084363,0.31690317180303,0.5250116673132736,-0.446927321746304,-0.6348894127740032,0.3143693064970722,0.2931954176917286,0.7109189821574595,0.353839575903937,0.2932160176126525,0.2232375335163393,0.5425408830177014,0.4978067408231296,0.2882218926399267,0.4097944256113236,0.7980262166280789,0.1207869939580332,0.2833744651787656,0.140658718738698,0.8732014197941442,-0.2565322091273719,0.2771615464275011,0,0,0,0,0,0,0,0,0,0,0,0,0,0,0,0,0,0,0,1,0,0,0,0,0,0,0,0,0,0,0,1,0,0,0,0,0,0,0,0,0,0,0,0,0,0,0,0,0,0,0,0,0,0,0,1,0,0,0,0,1,0,0,0,0,0,0,0,0,0,0,0,0,0,0,0,0,0,0,0,0,0,0,0,0,0,0,0,0,0,0,0,0,0,0,0,0,0,0,1,0,0,0,1,0,0,0,0,0,0,0,0,0,0,0,0,0,0,0,0,0,0,0,0,0,0,0,0,0,0,0,0,0,0,0,1,0,0,0,0,0,0,0,0,0,0,1,0,0,0,0,0,0,0,0,0,0,0,0,0,0,0,0,0,0,0,0,0,0,0,0,0,0,0,0,1,0,0,0,0,0,0,0,1,0,0,0,0,0,0,0,0,0,0,0,0,0,0,0,0,0,0,0,0,0,0,0,0,0,0,0,0,0,0,0,0,0,0,0,1,0,0,0,1,0,0,0,0,0,0,0,0,0,0,0,0,0,0,0,0,0,0,0,0,0,0,0,0,0,0,0,0,0,0,0,0,0,0,0,1,0,0,0,0,0,0,0,0,1,0,0,0,0,0,0,0,0,0,0,0,0,0,0,0,0,0,0,0,0,0,0,0,0,0,0,0,0,0,0,1,1,0,0,0,0,0,0,0,0,0,0,0,0,0,0,0,0,0,0,0,0,0,0,0,0,0,0,0,0,0,0,0,0,0,0,0,0,0,0,1,0,0,0,0,0,0,1,0,0,0,0,0,0,0,0,0,0,0,0,0,0,0,0,0,0,0,0,0,0,0,0,0,0,0,0,0,0,0,0,1,0,0,0,1,0,0,0,0,0,0,0,0,0,0,0,0,0,0,0,0,0,0,0,0,0,0,0,0,0,0,0,0,0,0,0,1,0,0,0,0,0,0,0,0,0,0,0,0,0,0,0,0,0,0,0,0,1,0,0,0,0,0,0,0,0,0,0,0,0,0,0,0,0,0,0,1,0,0,0,0,0,0,0,1,0,0,0,0,0,0,0,0,0,0,0,0,0,0,0,0,0,0,0,0,0,0,0,0,0,0,0,0,0,0,0,1,0,0,0,0,0,0,0,0,0,0,0,0,0,0,0,0,0,0,0,0,0,1,0,0,0,0,0,0,0,0,0,0,0,0,0,0,0,0,0,1,0,0,0,0,0,0,0,0,0,0,0,0,0,0,0,1,0,0,0,0,0,0,0,0,0,0,0,0,0,0,0,0,0,0,0,0,0,0,0,0,0,0,0,1,0,0,0,0,0,0,0,0,0,0,0,0,0,0,0,0,1,0,0,0,0,0,0,0,0,0,0,0,0,0,0,0,0,0,0,0,0,0,0,1,0,0,0,0,0,0,0,0,1,0,0,0,0,0,0,0,0,0,0,0,0,0,0,0,0,0,1,0,0,0,0,0,0,0,0,0,0,0,0,0,0,0,0,0,0,0,0,0,0,0,0,1,0,0,0,0,0,0,0,0,0,0,0,0,0,0,0,0,0,0,0,0,0,0,0,0,0,0,0,1,0,0,0,0,0,0,0,0,1,0,0,0,0,0,0,0,0,0,0,0,0,0,0,0,0,0,0,0,0,0,0,0,0,0,0,0,0,0,0,1,0,0,0,1,0,0,0,0,0,0,0,0,0,0,0,0,0,0,0,0,0,0,0,0,0,0,0,0,0,0,0,0,0,0,0,1,0,0,0,0,0,0,0,0,0,0,0,0,0,1,0,0,0,0,0,0,0,0,0,0,0,0,0,0,0,0,1,0,0,0,0,0,0,0,0,0,0,0,0,0,0,0,0,0,0,1,0,0,0,0,0,0,0,0,0,0,0,0,0,0,0,0,0,0,0,0,0,0,0,0,0,0,0,0,0,0,0,0,0,1,1,0,0,0,0,0,0,0,0,0,0,0,0,0,0,0,0,0,0,0,0,0,0,0,0,0,0,0,0,0,0,0,0,0,0,0,0,0,0,1,0,0,0,0,0,0,0,0,0,0,0,0,0,0,0,0,1,0,0,0,0,0,0,0,0,0,0,0,0,0,0,0,0,0,0,1,0,0,0,0,0,0,0,0,0,1,0,0,0,0,0,0,0,0,0,0,0,0,0,0,0,0,0,0,0,0,0,0,0,0,0,0,0,0,0,1,0,0,0,0,0,0,0,0,0,0,0,0,1,0,0,0,0,0,0,0,0,0,0,0
8.47,102,1.0,-3.811911857930952e-17,1.4646632688412602e-17,1.046965783734685,0.8449526586869286,0.524414016246392,2.083083080553541e-17,0.5674628554446676,0.7751129458481554,-0.5952072738420355,0.049945059618914,0.5572699901202058,0.2940086944371338,-0.8658229570278643,0.2942358211480756,0.4731394843461026,0.4110660098495593,0.8815281565038605,-0.0601293662611029,0.4495809687903979,0.2391713287128981,0.9148419729301434,-0.0259591923124361,0.4253491583929498,0.0959910367763506,-0.8569254570282053,0.1749791733148803,0.409222150847335,0.8346519811622455,-0.420955478673962,0.2513037321295135,0.4028174621928625,0.6557044017951874,-0.5820775325882049,-0.3819042296958616,0.3943759400496217,0.1007832669253221,-0.9140315782517424,0.184447753898705,0.3927306817866776,0.1571317162850893,-0.6872914141810644,0.6588589882145183,0.3867078137725043,0.2713830637219303,0.7948496888172442,-0.0872932574790616,0.3812256550692428,0.9193815691621852,0.3553728598723067,-0.0042435570977558,0.3747139234005371,0.234155078767742,0.8600567809338934,-0.0974815034628255,0.3601023379814991,0.1982292097523136,-0.5370928140472971,0.719335158867872,0.3468573183548489,0.0968563278607682,-0.4416121208889703,0.8369953842930425,0.3413646802759555,0.1626329201906136,0.7785530768281946,-0.1285602481821658,0.3206838160688022,0.2175490607652296,0.6907261472576727,-0.0815059756766991,0.3171406422151284,0.2324543265206329,0.6342156033944153,-0.0352610888305629,0.3171014607858883,0.6559765137814426,-0.5571936557211891,-0.4169729184262559,0.3066585590158933,0.2094446627869834,0.7068939846521783,-0.0882696136754433,0.3039618445043562,0.1370243926184348,0.6762958153463742,-0.0861667866482108,0.2895767953231873,0.3131571210226717,-0.5273391902368214,-0.7095587415622245,0.2853523599813828,0.5762591711022164,-0.5276287061922376,-0.4402536024400823,0.2420791883785803,-0.0164970758916616,0.508808247213547,-0.2346492635785408,0.2367739485636859,0,0,0,0,0,0,1,0,0,0,0,0,0,0,0,0,0,0,0,0,0,0,0,0,0,0,0,0,0,0,0,1,0,0,0,0,0,0,0,0,0,0,0,0,0,0,0,0,0,0,0,0,0,0,0,0,0,0,0,1,1,0,0,0,0,0,0,0,0,0,0,0,0,0,0,0,0,0,0,0,0,0,0,0,0,0,1,0,0,0,0,0,0,0,0,0,0,0,0,0,0,0,0,1,0,0,0,0,0,0,0,0,0,0,0,0,0,0,0,0,0,0,0,0,0,0,1,0,0,0,0,0,0,0,0,0,0,0,0,0,0,0,0,1,0,0,0,0,0,0,0,0,0,0,0,0,0,0,0,0,0,0,0,0,0,0,0,0,0,0,0,0,0,0,0,0,0,0,0,1,0,0,0,1,0,0,0,0,0,0,0,0,0,0,0,0,0,0,0,0,0,0,0,0,0,0,0,0,0,0,0,0,0,0,0,0,0,0,0,1,0,0,0,0,0,0,1,0,0,0,0,0,0,0,0,0,0,0,0,0,0,0,0,0,0,0,1,0,0,0,0,0,0,0,0,0,0,0,0,0,0,0,0,0,0,0,0,0,1,0,0,0,0,0,0,0,0,0,0,0,0,0,0,0,0,0,1,0,0,0,0,0,0,0,0,0,0,0,0,0,0,0,0,0,0,0,1,0,0,0,0,0,0,0,0,0,0,0,0,0,0,0,0,0,0,0,1,0,0,0,0,0,0,0,0,0,0,0,0,0,1,0,0,0,0,0,0,0,0,0,0,0,0,0,0,0,0,0,0,0,0,0,0,0,0,0,1,0,0,0,0,0,0,0,0,0,0,0,0,0,0,0,0,0,0,0,0,0,1,0,0,0,0,0,0,0,0,0,0,0,0,0,0,0,0,0,1,0,0,0,0,0,0,0,0,0,0,0,0,0,0,0,0,1,0,0,0,0,0,0,0,0,0,0,0,0,0,0,0,0,0,0,0,0,0,0,0,0,0,0,0,0,0,0,0,0,0,0,0,1,0,0,0,0,0,0,0,0,0,0,0,1,0,0,0,0,0,0,0,0,0,0,0,0,0,0,0,0,0,0,0,0,0,0,0,0,0,0,0,1,0,0,0,0,0,0,0,0,0,0,0,0,0,0,0,0,1,0,0,0,0,0,0,0,0,0,0,0,0,0,0,0,0,0,0,0,0,0,0,1,0,0,0,1,0,0,0,0,0,0,0,0,0,0,0,0,0,0,0,0,0,0,0,0,0,0,1,0,0,0,0,0,0,0,0,0,0,0,0,0,0,0,0,0,0,0,0,0,1,0,0,0,0,0,0,0,0,0,0,0,0,0,0,0,0,0,1,0,0,0,0,0,0,0,0,0,0,0,0,0,0,0,0,0,0,0,0,0,1,0,0,0,0,0,0,0,0,0,0,0,0,0,0,0,0,0,0,0,0,0,0,0,0,0,0,0,0,0,0,1,0,0,0,0,0,0,0,0,1,0,0,0,0,0,0,0,0,0,0,0,0,0,0,0,0,0,0,0,0,0,0,0,0,0,0,1,0,0,0,0,1,0,0,0,0,0,0,0,0,0,0,0,0,0,0,0,0,0,0,0,0,0,0,0,0,0,0,0,0,0,0,0,0,0,0,1,0,0,0,0,0,0,0,0,0,0,0,0,0,0,0,0,0,0,0,0,1,0,0,0,0,0,0,0,0,0,0,0,0,0,1,0,0,0,0,0,0,0,0,0,0,0,0,0,0,0,0,0,0,0,0,1,0,0,0,0,0,0,0,0,0,0,0,0,0,0,0,0,0,0,0,0,0,0,0,0,0,0,0,1,0,0,0,1,0,0,0,0,0,0,0,0,0,0,0,0,0,0,0,0,0,0,0,0,0,0,0,0,0,0,0,0,0,0,0,0,0,0,0,1,0,0,0,0,0,1,0,0,0,0,0,0,0,0,0,0,0,0,0,0,0,0,0,0,0,0,1,0,0,0,0,0,0,0,0,0,0,0,0,0,0,0,0,0,0,0,0,0,0,0,0,0,0,0,0,0,1,0,0,0,0,0,0,0,0,0,0,0,0,0,1,0,0,0,0,0,0,0,0,0,0,0,0,0,0,1,0,0,0,0,0,0,0,0,0,0,0,0,0,0,0,0,0,0,0,0,0,0,0,0,0,0,0,0,0,0,0,0,0,1,0,0,0,0,0,0,0,0,1,0,0,0,0,0,0,0,0,0,0,0
8.23,103,1.0,-3.8364851549452255e-18,1.1712428698735902e-17,1.0481812183524444,0.8275773562474228,0.552252807602541,8.371128714148886e-18,0.5546718685769074,0.8261321321874332,-0.5337173565248232,-0.079765689932238,0.5328174890982451,0.1384583873518187,0.8739881496190142,0.2442550090732887,0.466714489173987,0.3626186651068883,0.9015818040138855,0.0825954474878062,0.4619921045845718,0.4272096513217732,-0.8764337395714168,0.1569679539242125,0.4428549894692404,0.1861687092246377,-0.5605173132273196,0.6866190191209622,0.424239464787813,0.2154916471362162,-0.9488966518306092,-0.0043839079185756,0.4045196707701854,0.91660369879417,-0.3164551833134684,0.0950722586427258,0.3937601558732791,0.6703272887825833,-0.4770098970322529,-0.5208660581122846,0.3914951473223984,0.2649790084540001,-0.9070984800944032,0.0539858820145392,0.3899013265222305,0.131871373706853,0.9291225761419368,-0.0791447524629404,0.374255177089665,0.2653594796062561,0.8232750058498886,0.0908909551410251,0.367719841544028,0.8925789657476291,0.4200756063694696,-0.0798551224321965,0.3653138828064629,0.3140521941168673,-0.7423412230906574,0.5290268215730873,0.3640580848259078,0.094711414601705,0.8226308513791182,-0.247478525928006,0.334489676138111,0.6603704632863868,-0.4390838888809724,-0.5663805500871743,0.3144185481917251,0.1579435344419913,0.8553730493910168,-0.2373969743234324,0.3071043388693256,0.3132427176103612,-0.3861917553568653,-0.8408778286692294,0.286887979321297,0.2853484066153141,0.5820468779488179,0.34141223961234,0.2695836515964955,0.2137825160719108,0.6698720793247017,0.0389864585234943,0.2492885766988969,0.033304275858922,0.8117282517075081,-0.0541966147002153,0.2419602951645353,0.6124592112875796,-0.3565870851987318,-0.575743544217419,0.236450486478912,0.49584663631579,-0.5918100262102075,0.5308651978696985,0.2217135008040674,-0.1259914406770985,0.9102352731354292,-0.1699080689034178,0.2116647416522271,0,0,0,0,0,0,0,0,0,0,1,0,0,0,0,0,0,0,0,0,0,0,0,0,0,0,0,0,0,0,0,1,0,0,0,0,0,0,0,0,0,0,0,0,0,0,1,0,0,0,0,0,0,0,0,0,0,0,0,0,1,0,0,0,0,0,0,0,0,0,0,0,0,0,0,0,0,0,0,0,0,0,0,0,0,0,0,0,0,0,1,0,0,0,0,0,0,0,0,0,0,0,0,1,0,0,0,0,0,0,0,0,0,0,0,0,0,0,0,0,0,0,0,0,0,0,1,0,0,0,0,0,0,0,0,0,0,0,0,0,0,0,0,0,0,0,1,0,0,0,0,0,0,0,0,0,0,0,0,0,0,0,0,0,0,0,1,0,0,0,0,0,0,0,0,0,0,0,0,0,0,0,0,1,0,0,0,0,0,0,0,0,0,0,0,0,0,0,0,0,0,0,0,0,0,0,0,0,0,0,1,0,0,0,0,0,0,0,0,0,0,0,0,1,0,0,0,0,0,0,0,0,0,0,0,0,0,0,0,0,0,0,0,0,0,0,0,0,0,0,1,0,0,0,0,0,0,0,0,0,0,0,0,0,0,0,0,0,1,0,0,0,0,0,0,0,0,0,0,0,0,0,0,0,0,0,0,0,0,0,1,0,0,0,0,0,0,0,0,0,0,0,0,0,0,0,0,0,1,0,0,0,0,0,0,0,0,0,0,0,0,0,0,0,0,0,0,0,0,0,1,0,0,0,0,0,0,0,0,0,0,0,0,0,0,0,1,0,0,0,0,0,0,0,0,0,0,0,0,0,0,0,0,0,0,0,0,0,0,0,1,0,0,0,0,0,0,0,0,0,1,0,0,0,0,0,0,0,0,0,0,0,0,0,0,0,0,0,0,0,0,0,0,0,0,0,0,0,0,0,1,0,0,0,0,0,0,0,0,0,0,0,0,0,0,0,0,0,1,0,0,0,0,0,0,0,0,0,0,0,0,0,0,0,0,0,1,0,0,0,0,0,0,0,0,0,0,0,0,0,0,0,0,1,0,0,0,0,0,0,0,0,0,0,0,0,0,0,0,0,0,0,0,0,0,0,1,0,0,0,0,0,0,0,0,0,0,0,0,0,0,0,0,0,0,0,0,0,0,0,0,1,0,0,0,0,0,0,0,0,0,0,0,0,0,0,1,0,0,0,0,0,0,0,0,0,0,0,0,0,0,0,0,0,0,0,0,0,0,0,0,0,0,0,0,0,1,0,0,0,0,0,0,0,0,0,0,0,0,0,1,0,0,0,0,0,0,0,0,0,0,0,0,1,0,0,0,0,0,0,0,0,0,0,0,0,0,0,0,0,0,0,0,0,0,0,1,0,0,0,0,0,0,0,0,0,0,0,0,0,0,0,0,0,0,0,0,0,1,0,0,0,0,0,0,0,0,0,0,0,0,0,0,0,0,0,1,0,0,0,0,0,0,0,0,0,0,0,0,0,0,0,0,0,0,0,0,0,0,0,0,1,0,0,0,0,0,0,0,0,0,0,0,0,0,0,1,0,0,0,0,0,0,0,0,0,0,0,0,0,0,0,0,0,0,0,0,0,1,0,0,0,0,0,0,0,0,0,0,0,0,0,0,0,0,0,0,0,0,0,1,0,0,0,0,0,0,0,0,0,0,0,0,0,0,0,0,0,0,0,0,0,0,0,0,0,1,0,0,0,0,0,0,0,0,0,0,0,0,0,0,0,0,0,0,0,0,0,0,1,0,0,0,0,0,0,0,0,0,0,0,0,0,0,0,0,1,0,0,0,0,0,0,0,0,0,0,0,0,0,0,0,0,0,0,0,0,0,0,1,1,0,0,0,0,0,0,0,0,0,0,0,0,0,0,0,0,0,0,0,0,0,0,0,0,0,1,0,0,0,0,0,0,0,0,0,0,0,0,0,0,0,0,0,0,1,0,0,0,0,0,0,0,0,0,0,0,0,0,0,0,0,0,0,0,0,1,0,0,0,0,0,0,0,0,0,0,0,0,0,0,0,0,0,0,1,0,0,0,0,0,0,0,0,0,0,0,0,0,0,0,0,0,0,0,0,0,0,0,0,1,0,0,0,0,0,0,0,0,0,0,0,0,1,0,0,0,0,0,0,0,0,0,0,0,0,0,0,0,0,0,0,0,0,0,0,1,0,0,0,0,0,0,0,0,0,0,0,0,0,0,0,0,1,0,0,0,0,0,0,0,0,0,0,0,0,0,0,0,0
8.27,104,1.0,1.8634015256485864e-18,5.243278596878552e-18,1.0484836486628493,0.7696022287367986,-0.6020099826619429,-0.03961208752903,0.5587267623803835,0.8744050272562273,0.4751902251278671,1.4369448437274226e-17,0.5573473884432067,0.3032727117765335,-0.9010963561667912,0.2026858465603069,0.4706423775684687,0.4644390095518337,0.8607204340385517,0.0247587110845567,0.4541042668210401,0.2150147828525293,0.8868957265187288,0.1437486074042364,0.4261762209142603,0.0577257589244936,-0.9226578785805016,0.0759759391006183,0.4228232494248113,0.6192957118019102,-0.552661337714822,-0.4697354048828748,0.4001684409708815,0.8344452730716734,-0.4444771578297621,0.1359600213852052,0.3955038398943256,0.2067614925292607,-0.7020175906867163,0.6097879297321912,0.3872550088632426,0.150176645930656,-0.9329838708865512,0.0526719838675991,0.3793673300508598,0.1888073255913968,-0.528940027682824,0.6941795544127212,0.3704640809224854,0.9275111779565852,0.3229274664835774,-0.0532325245304872,0.3689505788788483,0.291715764515967,0.8204775481190602,-0.1026024916758482,0.3642472057729374,0.3339454344836415,0.8675273594371007,0.0630560700722001,0.3633437611050899,0.1954818411194236,0.713802137875117,-0.2043239454133238,0.3455543411896095,0.1848590099379745,-0.5093527850273047,0.7067415295689394,0.3379736524098927,0.3132032075081532,0.6895972227822683,-0.213516559651749,0.3165102452755233,0.5664821267393993,-0.4359868081161984,-0.6451445593954628,0.3068836174327091,0.4457912183096216,-0.3296516275305868,-0.7831197850498185,0.2685781577353283,0.3552150389242007,-0.5390661997756846,-0.5850766178429135,0.2628243972867174,0.1856372112661208,0.7405282522951072,0.0242679034846571,0.2377076310259609,0.214147579799975,0.5956424020527997,0.0852623957804743,0.2374016731770937,0.1583126395639299,0.8557139884136985,0.0832160339153165,0.2366173775451663,-0.2562347112024154,0.821358039298984,-0.0767082728594642,0.1690631019940678,0,0,0,0,0,0,1,0,0,0,0,0,0,0,0,0,0,0,0,0,0,0,0,0,0,0,0,0,0,0,0,1,0,0,0,0,0,0,0,0,0,0,0,0,0,0,1,0,0,0,0,0,0,0,0,0,0,0,0,0,0,0,0,1,0,0,0,0,0,0,0,0,0,0,0,0,0,0,0,0,0,0,0,0,0,0,0,0,0,0,1,0,0,0,0,0,0,0,0,0,1,0,0,0,0,0,0,0,0,0,0,0,0,0,0,0,0,0,0,0,0,0,0,0,0,0,1,0,0,0,0,0,0,0,0,0,0,0,0,0,0,0,0,1,0,0,0,0,0,0,0,0,0,0,0,0,0,0,0,0,0,0,0,0,0,0,0,0,0,0,1,0,0,0,0,0,0,0,0,0,0,0,0,1,0,0,0,0,0,0,0,0,0,0,0,0,0,0,0,0,0,0,0,0,0,0,0,0,0,0,1,0,0,0,0,0,0,0,0,0,0,0,0,0,0,0,1,0,0,0,0,0,0,0,0,0,0,0,0,0,0,0,0,0,0,0,1,0,0,0,0,0,0,0,0,0,0,0,0,0,0,0,0,0,0,0,0,0,1,0,0,0,0,0,0,0,0,0,0,0,0,0,0,0,0,0,1,0,0,0,0,0,0,0,0,0,0,0,0,0,1,0,0,0,0,0,0,0,0,0,0,0,0,0,0,0,0,0,0,0,0,0,0,0,0,0,1,0,0,0,0,0,0,0,0,0,0,0,0,0,0,0,0,0,0,0,1,0,0,0,0,0,0,0,0,0,0,0,0,0,0,0,0,0,0,0,1,0,0,0,0,0,0,0,0,0,0,0,0,0,0,0,0,1,0,0,0,0,0,0,0,0,0,0,0,0,0,0,0,0,0,0,0,0,0,0,1,0,0,0,0,0,0,0,0,0,0,0,0,0,0,0,0,0,0,0,0,0,1,0,0,0,0,0,0,0,0,0,0,0,0,0,0,0,0,0,1,0,0,0,0,0,0,0,0,0,0,0,0,0,0,0,0,0,0,0,0,0,1,0,0,0,0,0,0,0,0,0,0,0,0,0,0,0,0,0,0,0,0,0,1,0,0,0,0,0,0,0,0,0,0,0,0,0,0,0,0,0,0,0,0,0,0,0,0,0,1,0,0,0,0,0,0,0,0,0,0,0,0,0,1,0,0,0,0,0,0,0,0,0,0,0,0,1,0,0,0,0,0,0,0,0,0,0,0,0,0,0,0,0,0,0,0,0,0,0,0,0,0,0,1,0,0,0,0,0,0,0,0,0,0,0,0,0,0,0,0,0,0,0,0,1,0,0,0,0,0,0,0,0,0,0,0,0,0,0,0,0,0,0,1,0,0,0,0,0,0,0,0,0,0,0,0,0,0,0,0,0,1,0,0,0,0,0,0,0,0,0,0,0,0,0,0,0,0,0,1,0,0,0,0,0,0,0,0,0,0,0,0,0,0,0,0,0,0,0,0,0,1,0,0,0,0,0,0,0,0,0,0,0,0,0,0,0,0,0,0,0,0,0,1,0,0,0,0,0,0,0,0,0,0,0,0,0,0,0,0,0,1,0,0,0,0,0,0,0,0,0,0,0,0,0,0,0,0,0,0,0,1,0,0,0,0,0,0,0,0,0,0,0,0,0,0,0,0,0,0,0,0,0,0,1,0,0,0,0,0,0,0,0,0,0,0,0,0,0,0,0,1,0,0,0,0,0,0,0,0,0,0,0,0,0,0,0,0,1,0,0,0,0,0,0,0,0,0,0,0,0,0,0,0,0,0,0,0,0,1,0,0,0,0,0,0,0,0,0,0,0,0,0,0,0,0,0,0,0,0,0,0,0,0,0,0,0,0,0,1,0,0,0,0,0,0,0,0,0,1,0,0,0,0,0,0,0,0,0,0,0,0,0,1,0,0,0,0,0,0,0,0,0,0,0,0,0,0,0,0,0,0,0,0,0,0,0,0,0,1,0,0,0,0,0,0,0,0,0,0,0,0,0,0,0,0,0,0,0,0,0,0,0,0,0,0,0,0,0,1,0,0,0,0,0,0,0,0,0,0,0,0,0,1,0,0,0,0,0,0,0,0,0,0,0,0,0,0,1,0,0,0,0,0,0,0,0,0,0,0,0,0,0,0,0,0,0,0,0,0,0,0,0,1,0,0,0,0,0,0,0,0,0,0,0,0,1,0,0,0,0,0,0,0,0,0,0,0,0,0,0,0,0
8.27,105,1.0,-1.3492762696225258e-17,-9.27487429314692e-18,1.0476671081514983,0.8620598221373653,0.499787157688991,-1.832669738802057e-17,0.5696800636091712,0.7724573338749795,-0.5774203355645036,0.0532408959290114,0.5579237033847412,0.3112376080515281,-0.8752501973323363,0.2732362464816743,0.4700016884730612,0.4485896357209563,0.8517309583924793,-0.0081436976692199,0.45577261719462,-0.0124686307263344,-0.953524997765954,0.1312188900142131,0.4491750487494454,0.2730663913963086,0.8683656019628272,0.0518383962652593,0.448640665012929,0.8124370054556733,-0.4059811630751275,0.2417804312365888,0.4002535316230171,0.6513827784112132,-0.5601759073485748,-0.3573218030209968,0.3947806443821325,0.3116352564508485,0.7366648218280554,-0.0100365511194364,0.3818154804591153,0.2101942693523147,-0.6839089472122143,0.5490357176603503,0.3792170077102511,0.5716397044435312,-0.3659475942673754,-0.6060704324325743,0.377284829746337,0.9161851265567352,0.3576097264834358,-0.0143221854549334,0.374532220208119,0.2639098952264975,0.8981455251295731,-0.0729792590150381,0.3557617050191047,0.2298245542469637,-0.8793891404893734,0.2639609316192887,0.3540236722621624,0.6055783721704462,-0.4268702853404623,-0.577989704298372,0.3493473630445032,0.2562043179909486,0.8332471487524789,-0.0602931508162736,0.3349149771029685,0.2418575467981498,0.7634363709055306,-0.1165937766741524,0.326279488830192,0.2349444234017388,0.5689277311733716,-0.0404583964565013,0.3025309355862653,-0.0838243419751179,-0.5397254697210935,0.6355216223285519,0.3025191454236201,0.1474632267335158,0.7019501392710299,-0.0720707067206618,0.2938106784740586,0.2020792042436105,0.5186184916065183,0.2706582886564153,0.2715371866992342,0.3926180907975403,-0.6014086460194282,-0.5499357222647497,0.2454712740373978,0.3355443881618499,-0.462988767923718,0.6779182052912167,0.242159606683369,-0.2454606412350767,-0.5935462387124409,0.5316728016370474,0.240713799235875,0,0,0,0,0,0,0,0,1,0,0,0,0,0,0,0,0,0,0,0,0,0,0,0,0,0,0,0,0,0,0,1,0,0,0,0,0,0,0,0,0,0,0,0,0,0,1,0,0,0,0,0,0,0,0,0,0,0,0,0,1,0,0,0,0,0,0,0,0,0,0,0,0,0,0,0,0,0,0,0,0,0,0,0,0,0,0,0,1,0,0,0,0,0,0,0,0,0,0,0,0,0,0,1,0,0,0,0,0,0,0,0,0,0,0,0,0,0,0,0,0,0,0,0,0,0,0,0,1,0,0,0,0,0,0,0,0,0,0,0,0,0,0,1,0,0,0,0,0,0,0,0,0,0,0,0,0,0,0,0,0,0,0,0,0,0,1,0,0,0,0,0,0,0,0,0,0,0,0,0,0,0,0,1,0,0,0,0,0,0,0,0,0,0,0,0,0,0,0,0,0,0,0,0,0,0,0,0,1,0,0,0,0,0,0,0,0,0,0,0,0,0,0,0,0,0,0,0,1,0,0,0,0,0,0,0,0,0,0,0,0,0,0,0,0,0,1,0,0,0,0,0,0,0,0,0,0,0,0,0,0,0,0,0,0,0,1,0,0,0,0,0,0,0,0,0,0,0,0,0,0,0,0,0,0,0,0,0,1,0,0,0,0,0,0,0,0,0,0,0,0,0,0,0,0,0,1,0,0,0,0,0,0,0,0,0,0,0,0,0,0,0,0,0,0,0,0,0,1,0,0,0,0,0,0,0,0,0,0,0,1,0,0,0,0,0,0,0,0,0,0,0,0,0,0,0,0,0,0,0,0,0,0,0,0,0,1,0,0,0,0,0,0,0,0,0,0,0,0,0,0,0,0,0,0,0,0,0,0,0,0,1,0,0,0,0,0,0,0,0,0,0,0,0,0,0,0,0,1,0,0,0,0,0,0,0,0,0,0,0,0,0,0,0,1,0,0,0,0,0,0,0,0,0,0,0,0,0,0,0,0,0,0,0,0,0,0,0,1,0,0,0,0,0,0,0,0,0,0,0,0,0,0,0,0,1,0,0,0,0,0,0,0,0,0,0,0,0,0,0,0,0,0,0,0,0,1,0,0,0,0,0,0,0,0,0,0,0,0,0,0,0,0,0,0,0,0,0,0,0,0,0,0,0,0,0,1,0,0,0,0,0,0,0,0,0,1,0,0,0,0,0,0,0,0,0,0,0,0,0,0,0,0,1,0,0,0,0,0,0,0,0,0,0,0,0,0,0,0,0,0,0,0,0,0,0,0,0,1,0,0,0,0,0,0,0,0,0,0,0,0,0,0,0,0,0,0,0,1,0,0,0,0,0,0,0,0,0,0,0,0,0,0,0,0,0,0,0,1,0,0,0,0,0,0,0,0,0,0,0,0,0,0,0,0,0,0,0,0,0,0,1,0,0,0,0,0,0,0,0,0,0,0,0,0,0,1,0,0,0,0,0,0,0,0,0,0,0,0,0,0,0,0,0,0,0,0,0,1,0,0,0,0,0,0,0,0,0,0,0,0,0,0,0,0,0,1,0,0,0,0,0,0,0,0,0,0,0,0,0,0,0,0,0,0,0,0,0,1,0,0,0,0,0,0,0,0,0,0,0,0,0,0,0,0,0,0,0,0,0,1,0,0,0,0,0,0,0,0,0,1,0,0,0,0,0,0,0,0,0,0,0,0,0,0,0,0,0,0,0,0,0,0,0,0,0,0,0,1,0,0,0,0,0,0,0,0,0,0,0,0,0,0,0,1,0,0,0,0,0,0,0,0,0,0,0,0,0,0,0,0,0,0,0,0,0,1,0,0,0,0,0,0,0,0,0,0,0,0,0,0,0,0,0,0,1,0,0,0,0,0,0,0,0,0,0,0,0,0,0,0,0,0,0,0,0,0,0,0,0,1,0,0,0,0,0,0,0,0,0,0,0,0,0,0,0,0,0,0,0,0,0,0,0,0,0,1,0,0,0,0,0,0,0,0,0,0,0,1,0,0,0,0,0,0,0,0,0,0,0,0,0,0,0,0,0,0,0,0,0,0,0,0,0,0,0,1,0,0,0,0,0,0,0,0,0,0,0,1,0,0,0,0,0,0,0,0,0,0,0,0,0,0,0,0,0,0,0,0,0,0,0,0,0,0,0,0,0,0,0,0,0,0,0,0,0,0,0,1,0,0,0,0,0,0,0,0,0,0,0,0,0,0,0,0,1,0,0,0,0,0,0,0,0,0,0,0,0,0,0
8.09,110,1.0,1.5947223986043262e-17,-8.412175245923562e-18,1.04852906348265,0.7781748213042012,-0.6034994628484264,0.0176622836698972,0.5550333293836472,0.8639115138344036,0.4891185437203901,1.8989058052804813e-17,0.5549969730297679,0.2126687458583742,0.8817689162597089,0.1193428468122056,0.4651917916592079,0.3782076967599099,-0.8342901569256395,0.3702066638938194,0.453979514411554,0.4550475851466745,0.8685517221544453,-0.0507844468269818,0.4431499431546647,0.5542403879857027,-0.6634962798823458,-0.4304779259569041,0.41375231344507,0.1569096846802567,-0.9269170025865028,0.2267907476741981,0.3913924187176505,0.1754272907753909,-0.8731889814267362,0.3720057322279877,0.3874517470714879,0.8561062226711537,-0.4294604477278735,0.0883240847445431,0.3835891992881776,0.1586212125359229,-0.686296354542781,-0.6568637099617116,0.3821099591536073,0.9391239531817064,0.3164460579023523,0.0124822182621217,0.3696188103996798,0.3699361805076494,-0.5740230878908781,0.6818031770338726,0.363963469482618,0.2839577573932829,0.7494674483153941,-0.4013904716398544,0.3543243150964524,0.2995506123764229,0.8698226841585808,-0.3158600196089905,0.3533613104221035,0.3985648586942397,0.8282371276239434,0.0325841561584794,0.3452240124827572,0.4182476993744444,0.8050996869971788,-0.0058374238256258,0.3026042576682511,0.1170448478105943,-0.3669124479854914,0.8707048654214737,0.2985109791821194,0.2950644051705479,0.7234827667571103,-0.5720590115656309,0.2848580935873869,-0.1665002441345819,-0.3552269531080168,0.862361062080323,0.2840312873502268,0.2873050734790271,0.7530211785251131,0.1554976137995831,0.2792403842737598,0.5910145336084749,-0.5937407980073162,-0.5184901299373631,0.2744808644666203,0.5703243847327255,-0.4028659483915657,0.6674969142123508,0.2530283472215108,0.1868407819576384,0.7078625450142695,0.3690370823995568,0.2512396926790528,-0.4520541545178628,0.850723308750148,-0.212110814046241,0.2327439482696572,0,0,0,0,0,0,0,0,1,0,0,0,0,0,0,0,0,0,0,0,0,0,0,0,0,0,0,0,0,0,0,1,0,0,0,0,0,0,0,0,0,0,0,0,0,0,0,0,1,0,0,0,0,0,0,0,0,0,0,0,0,0,0,1,0,0,0,0,0,0,0,0,0,0,0,0,0,0,0,0,0,0,0,0,0,0,0,0,1,0,0,0,0,0,0,0,0,0,0,0,1,0,0,0,0,0,0,0,0,0,0,0,0,0,0,0,0,0,0,0,0,0,0,0,0,0,0,0,1,0,0,0,0,0,0,0,0,0,0,0,0,0,0,0,0,0,1,0,0,0,0,0,0,0,0,0,0,0,0,0,0,0,0,0,0,0,0,0,1,0,0,0,0,0,0,0,0,0,0,0,0,0,0,1,0,0,0,0,0,0,0,0,0,0,0,0,0,0,0,0,0,0,0,0,0,0,0,0,1,0,0,0,0,0,0,0,0,0,0,0,0,0,0,1,0,0,0,0,0,0,0,0,0,0,0,0,0,0,0,0,0,0,0,0,0,0,0,0,1,0,0,0,0,0,0,0,0,0,0,0,1,0,0,0,0,0,0,0,0,0,0,0,0,0,0,0,0,0,0,0,0,0,0,0,0,0,0,0,1,0,0,0,0,0,0,0,0,0,0,0,0,0,0,0,0,0,0,0,1,0,0,0,0,0,0,0,0,0,0,0,0,0,0,0,0,0,0,0,1,0,0,0,0,0,0,0,0,0,0,0,0,0,0,0,0,0,0,0,1,0,0,0,0,0,0,0,0,0,0,0,0,0,0,0,0,0,0,0,1,0,0,0,0,0,0,0,0,0,0,0,0,0,0,0,0,0,1,0,0,0,0,0,0,0,0,0,0,0,0,0,0,0,0,0,0,0,0,0,1,0,0,0,0,0,0,0,0,0,0,0,0,0,0,0,0,0,0,0,0,0,0,0,0,0,0,0,1,0,0,0,0,0,0,0,0,0,0,0,1,0,0,0,0,0,0,0,0,0,0,0,0,0,0,0,0,0,0,0,0,0,0,0,0,0,0,0,1,0,0,0,0,0,0,0,0,0,0,0,1,0,0,0,0,0,0,0,0,0,0,0,0,0,0,0,1,0,0,0,0,0,0,0,0,0,0,0,0,0,0,0,0,0,0,0,0,0,0,0,1,0,0,0,0,0,0,0,0,0,0,0,0,0,0,0,0,0,0,0,1,0,0,0,0,0,0,0,0,0,0,0,0,0,0,0,0,0,0,0,1,0,0,0,0,0,0,0,0,0,0,0,0,0,0,1,0,0,0,0,0,0,0,0,0,0,0,0,0,0,0,0,0,0,0,0,0,0,0,0,1,0,0,0,0,0,0,0,0,0,0,0,0,0,0,0,0,0,0,0,0,0,0,1,0,0,0,0,0,0,0,0,0,0,0,0,0,0,0,0,1,0,0,0,0,0,0,0,0,0,0,0,0,0,0,0,0,1,0,0,0,0,0,0,0,0,0,0,0,0,0,0,0,0,0,0,0,0,0,0,1,0,0,0,0,0,0,0,0,0,0,0,0,0,0,0,1,0,0,0,0,0,0,0,0,0,0,0,0,0,0,0,0,0,0,0,0,0,0,0,1,0,0,0,0,0,0,0,0,0,0,0,0,0,0,0,0,0,0,0,1,0,0,0,0,0,0,0,0,0,0,0,0,0,0,0,0,0,0,0,1,0,0,0,0,0,0,0,0,0,0,0,0,0,0,0,0,1,0,0,0,0,0,0,0,0,0,0,0,0,0,0,0,0,0,0,0,0,0,0,1,0,0,0,0,0,0,0,0,0,0,0,1,0,0,0,0,0,0,0,0,0,0,0,0,0,0,0,0,0,0,0,0,0,0,0,0,0,0,0,1,0,0,0,0,0,0,0,0,0,0,0,0,0,0,0,0,0,0,0,0,0,0,0,0,0,0,0,1,0,0,0,0,0,0,0,0,0,0,0,1,0,0,0,0,0,0,0,0,0,0,0,0,0,0,0,0,0,0,0,0,0,0,0,0,0,0,0,0,0,0,0,0,0,0,0,0,0,0,0,1,0,0,0,0,0,0,0,0,0,0,0,0,0,0,0,0,0,0,0,0,0,0,0,0,0,0,0,1,0,0,0,0,0,0,0,0,0,0,0,1,0,0,0,0,0,0,0,0,0,0,0,0,0,0,0,0,1,0,0,0,0,0,0,0,0,0,0,0,0,0,0
