h_shift,res_index,dx_n_1,dy_n_1,dz_n_1,metric_n_1,dx_n_2,dy_n_2,dz_n_2,metric_n_2,dx_n_3,dy_n_3,dz_n_3,metric_n_3,dx_n_4,dy_n_4,dz_n_4,metric_n_4,dx_n_5,dy_n_5,dz_n_5,metric_n_5,dx_n_6,dy_n_6,dz_n_6,metric_n_6,dx_n_7,dy_n_7,dz_n_7,metric_n_7,dx_n_8,dy_n_8,dz_n_8,metric_n_8,dx_n_9,dy_n_9,dz_n_9,metric_n_9,dx_n_10,dy_n_10,dz_n_10,metric_n_10,dx_n_11,dy_n_11,dz_n_11,metric_n_11,dx_n_12,dy_n_12,dz_n_12,metric_n_12,dx_n_13,dy_n_13,dz_n_13,metric_n_13,dx_n_14,dy_n_14,dz_n_14,metric_n_14,dx_n_15,dy_n_15,dz_n_15,metric_n_15,dx_n_16,dy_n_16,dz_n_16,metric_n_16,dx_n_17,dy_n_17,dz_n_17,metric_n_17,dx_n_18,dy_n_18,dz_n_18,metric_n_18,dx_n_19,dy_n_19,dz_n_19,metric_n_19,dx_n_20,dy_n_20,dz_n_20,metric_n_20,dx_n_21,dy_n_21,dz_n_21,metric_n_21,dx_n_22,dy_n_22,dz_n_22,metric_n_22,dx_n_23,dy_n_23,dz_n_23,metric_n_23,dx_n_24,dy_n_24,dz_n_24,metric_n_24,dx_n_25,dy_n_25,dz_n_25,metric_n_25,is_ALA_n_1,is_ARG_n_1,is_ASN_n_1,is_ASP_n_1,is_CYS_n_1,is_GLN_n_1,is_GLU_n_1,is_GLY_n_1,is_HIS_n_1,is_ILE_n_1,is_LEU_n_1,is_LYS_n_1,is_MET_n_1,is_PHE_n_1,is_PRO_n_1,is_SER_n_1,is_THR_n_1,is_TRP_n_1,is_TYR_n_1,is_VAL_n_1,is_C_n_1,is_CA_n_1,is_CR_n_1,is_CT_n_1,is_CW_n_1,is_H_n_1,is_H1_n_1,is_HA_n_1,is_HC_n_1,is_HO_n_1,is_HS_n_1,is_N_n_1,is_N3_n_1,is_NB_n_1,is_NH1_n_1,is_NH2_n_1,is_O_n_1,is_OH_n_1,is_S_n_1,is_SH_n_1,is_ALA_n_2,is_ARG_n_2,is_ASN_n_2,is_ASP_n_2,is_CYS_n_2,is_GLN_n_2,is_GLU_n_2,is_GLY_n_2,is_HIS_n_2,is_ILE_n_2,is_LEU_n_2,is_LYS_n_2,is_MET_n_2,is_PHE_n_2,is_PRO_n_2,is_SER_n_2,is_THR_n_2,is_TRP_n_2,is_TYR_n_2,is_VAL_n_2,is_C_n_2,is_CA_n_2,is_CR_n_2,is_CT_n_2,is_CW_n_2,is_H_n_2,is_H1_n_2,is_HA_n_2,is_HC_n_2,is_HO_n_2,is_HS_n_2,is_N_n_2,is_N3_n_2,is_NB_n_2,is_NH1_n_2,is_NH2_n_2,is_O_n_2,is_OH_n_2,is_S_n_2,is_SH_n_2,is_ALA_n_3,is_ARG_n_3,is_ASN_n_3,is_ASP_n_3,is_CYS_n_3,is_GLN_n_3,is_GLU_n_3,is_GLY_n_3,is_HIS_n_3,is_ILE_n_3,is_LEU_n_3,is_LYS_n_3,is_MET_n_3,is_PHE_n_3,is_PRO_n_3,is_SER_n_3,is_THR_n_3,is_TRP_n_3,is_TYR_n_3,is_VAL_n_3,is_C_n_3,is_CA_n_3,is_CR_n_3,is_CT_n_3,is_CW_n_3,is_H_n_3,is_H1_n_3,is_HA_n_3,is_HC_n_3,is_HO_n_3,is_HS_n_3,is_N_n_3,is_N3_n_3,is_NB_n_3,is_NH1_n_3,is_NH2_n_3,is_O_n_3,is_OH_n_3,is_S_n_3,is_SH_n_3,is_ALA_n_4,is_ARG_n_4,is_ASN_n_4,is_ASP_n_4,is_CYS_n_4,is_GLN_n_4,is_GLU_n_4,is_GLY_n_4,is_HIS_n_4,is_ILE_n_4,is_LEU_n_4,is_LYS_n_4,is_MET_n_4,is_PHE_n_4,is_PRO_n_4,is_SER_n_4,is_THR_n_4,is_TRP_n_4,is_TYR_n_4,is_VAL_n_4,is_C_n_4,is_CA_n_4,is_CR_n_4,is_CT_n_4,is_CW_n_4,is_H_n_4,is_H1_n_4,is_HA_n_4,is_HC_n_4,is_HO_n_4,is_HS_n_4,is_N_n_4,is_N3_n_4,is_NB_n_4,is_NH1_n_4,is_NH2_n_4,is_O_n_4,is_OH_n_4,is_S_n_4,is_SH_n_4,is_ALA_n_5,is_ARG_n_5,is_ASN_n_5,is_ASP_n_5,is_CYS_n_5,is_GLN_n_5,is_GLU_n_5,is_GLY_n_5,is_HIS_n_5,is_ILE_n_5,is_LEU_n_5,is_LYS_n_5,is_MET_n_5,is_PHE_n_5,is_PRO_n_5,is_SER_n_5,is_THR_n_5,is_TRP_n_5,is_TYR_n_5,is_VAL_n_5,is_C_n_5,is_CA_n_5,is_CR_n_5,is_CT_n_5,is_CW_n_5,is_H_n_5,is_H1_n_5,is_HA_n_5,is_HC_n_5,is_HO_n_5,is_HS_n_5,is_N_n_5,is_N3_n_5,is_NB_n_5,is_NH1_n_5,is_NH2_n_5,is_O_n_5,is_OH_n_5,is_S_n_5,is_SH_n_5,is_ALA_n_6,is_ARG_n_6,is_ASN_n_6,is_ASP_n_6,is_CYS_n_6,is_GLN_n_6,is_GLU_n_6,is_GLY_n_6,is_HIS_n_6,is_ILE_n_6,is_LEU_n_6,is_LYS_n_6,is_MET_n_6,is_PHE_n_6,is_PRO_n_6,is_SER_n_6,is_THR_n_6,is_TRP_n_6,is_TYR_n_6,is_VAL_n_6,is_C_n_6,is_CA_n_6,is_CR_n_6,is_CT_n_6,is_CW_n_6,is_H_n_6,is_H1_n_6,is_HA_n_6,is_HC_n_6,is_HO_n_6,is_HS_n_6,is_N_n_6,is_N3_n_6,is_NB_n_6,is_NH1_n_6,is_NH2_n_6,is_O_n_6,is_OH_n_6,is_S_n_6,is_SH_n_6,is_ALA_n_7,is_ARG_n_7,is_ASN_n_7,is_ASP_n_7,is_CYS_n_7,is_GLN_n_7,is_GLU_n_7,is_GLY_n_7,is_HIS_n_7,is_ILE_n_7,is_LEU_n_7,is_LYS_n_7,is_MET_n_7,is_PHE_n_7,is_PRO_n_7,is_SER_n_7,is_THR_n_7,is_TRP_n_7,is_TYR_n_7,is_VAL_n_7,is_C_n_7,is_CA_n_7,is_CR_n_7,is_CT_n_7,is_CW_n_7,is_H_n_7,is_H1_n_7,is_HA_n_7,is_HC_n_7,is_HO_n_7,is_HS_n_7,is_N_n_7,is_N3_n_7,is_NB_n_7,is_NH1_n_7,is_NH2_n_7,is_O_n_7,is_OH_n_7,is_S_n_7,is_SH_n_7,is_ALA_n_8,is_ARG_n_8,is_ASN_n_8,is_ASP_n_8,is_CYS_n_8,is_GLN_n_8,is_GLU_n_8,is_GLY_n_8,is_HIS_n_8,is_ILE_n_8,is_LEU_n_8,is_LYS_n_8,is_MET_n_8,is_PHE_n_8,is_PRO_n_8,is_SER_n_8,is_THR_n_8,is_TRP_n_8,is_TYR_n_8,is_VAL_n_8,is_C_n_8,is_CA_n_8,is_CR_n_8,is_CT_n_8,is_CW_n_8,is_H_n_8,is_H1_n_8,is_HA_n_8,is_HC_n_8,is_HO_n_8,is_HS_n_8,is_N_n_8,is_N3_n_8,is_NB_n_8,is_NH1_n_8,is_NH2_n_8,is_O_n_8,is_OH_n_8,is_S_n_8,is_SH_n_8,is_ALA_n_9,is_ARG_n_9,is_ASN_n_9,is_ASP_n_9,is_CYS_n_9,is_GLN_n_9,is_GLU_n_9,is_GLY_n_9,is_HIS_n_9,is_ILE_n_9,is_LEU_n_9,is_LYS_n_9,is_MET_n_9,is_PHE_n_9,is_PRO_n_9,is_SER_n_9,is_THR_n_9,is_TRP_n_9,is_TYR_n_9,is_VAL_n_9,is_C_n_9,is_CA_n_9,is_CR_n_9,is_CT_n_9,is_CW_n_9,is_H_n_9,is_H1_n_9,is_HA_n_9,is_HC_n_9,is_HO_n_9,is_HS_n_9,is_N_n_9,is_N3_n_9,is_NB_n_9,is_NH1_n_9,is_NH2_n_9,is_O_n_9,is_OH_n_9,is_S_n_9,is_SH_n_9,is_ALA_n_10,is_ARG_n_10,is_ASN_n_10,is_ASP_n_10,is_CYS_n_10,is_GLN_n_10,is_GLU_n_10,is_GLY_n_10,is_HIS_n_10,is_ILE_n_10,is_LEU_n_10,is_LYS_n_10,is_MET_n_10,is_PHE_n_10,is_PRO_n_10,is_SER_n_10,is_THR_n_10,is_TRP_n_10,is_TYR_n_10,is_VAL_n_10,is_C_n_10,is_CA_n_10,is_CR_n_10,is_CT_n_10,is_CW_n_10,is_H_n_10,is_H1_n_10,is_HA_n_10,is_HC_n_10,is_HO_n_10,is_HS_n_10,is_N_n_10,is_N3_n_10,is_NB_n_10,is_NH1_n_10,is_NH2_n_10,is_O_n_10,is_OH_n_10,is_S_n_10,is_SH_n_10,is_ALA_n_11,is_ARG_n_11,is_ASN_n_11,is_ASP_n_11,is_CYS_n_11,is_GLN_n_11,is_GLU_n_11,is_GLY_n_11,is_HIS_n_11,is_ILE_n_11,is_LEU_n_11,is_LYS_n_11,is_MET_n_11,is_PHE_n_11,is_PRO_n_11,is_SER_n_11,is_THR_n_11,is_TRP_n_11,is_TYR_n_11,is_VAL_n_11,is_C_n_11,is_CA_n_11,is_CR_n_11,is_CT_n_11,is_CW_n_11,is_H_n_11,is_H1_n_11,is_HA_n_11,is_HC_n_11,is_HO_n_11,is_HS_n_11,is_N_n_11,is_N3_n_11,is_NB_n_11,is_NH1_n_11,is_NH2_n_11,is_O_n_11,is_OH_n_11,is_S_n_11,is_SH_n_11,is_ALA_n_12,is_ARG_n_12,is_ASN_n_12,is_ASP_n_12,is_CYS_n_12,is_GLN_n_12,is_GLU_n_12,is_GLY_n_12,is_HIS_n_12,is_ILE_n_12,is_LEU_n_12,is_LYS_n_12,is_MET_n_12,is_PHE_n_12,is_PRO_n_12,is_SER_n_12,is_THR_n_12,is_TRP_n_12,is_TYR_n_12,is_VAL_n_12,is_C_n_12,is_CA_n_12,is_CR_n_12,is_CT_n_12,is_CW_n_12,is_H_n_12,is_H1_n_12,is_HA_n_12,is_HC_n_12,is_HO_n_12,is_HS_n_12,is_N_n_12,is_N3_n_12,is_NB_n_12,is_NH1_n_12,is_NH2_n_12,is_O_n_12,is_OH_n_12,is_S_n_12,is_SH_n_12,is_ALA_n_13,is_ARG_n_13,is_ASN_n_13,is_ASP_n_13,is_CYS_n_13,is_GLN_n_13,is_GLU_n_13,is_GLY_n_13,is_HIS_n_13,is_ILE_n_13,is_LEU_n_13,is_LYS_n_13,is_MET_n_13,is_PHE_n_13,is_PRO_n_13,is_SER_n_13,is_THR_n_13,is_TRP_n_13,is_TYR_n_13,is_VAL_n_13,is_C_n_13,is_CA_n_13,is_CR_n_13,is_CT_n_13,is_CW_n_13,is_H_n_13,is_H1_n_13,is_HA_n_13,is_HC_n_13,is_HO_n_13,is_HS_n_13,is_N_n_13,is_N3_n_13,is_NB_n_13,is_NH1_n_13,is_NH2_n_13,is_O_n_13,is_OH_n_13,is_S_n_13,is_SH_n_13,is_ALA_n_14,is_ARG_n_14,is_ASN_n_14,is_ASP_n_14,is_CYS_n_14,is_GLN_n_14,is_GLU_n_14,is_GLY_n_14,is_HIS_n_14,is_ILE_n_14,is_LEU_n_14,is_LYS_n_14,is_MET_n_14,is_PHE_n_14,is_PRO_n_14,is_SER_n_14,is_THR_n_14,is_TRP_n_14,is_TYR_n_14,is_VAL_n_14,is_C_n_14,is_CA_n_14,is_CR_n_14,is_CT_n_14,is_CW_n_14,is_H_n_14,is_H1_n_14,is_HA_n_14,is_HC_n_14,is_HO_n_14,is_HS_n_14,is_N_n_14,is_N3_n_14,is_NB_n_14,is_NH1_n_14,is_NH2_n_14,is_O_n_14,is_OH_n_14,is_S_n_14,is_SH_n_14,is_ALA_n_15,is_ARG_n_15,is_ASN_n_15,is_ASP_n_15,is_CYS_n_15,is_GLN_n_15,is_GLU_n_15,is_GLY_n_15,is_HIS_n_15,is_ILE_n_15,is_LEU_n_15,is_LYS_n_15,is_MET_n_15,is_PHE_n_15,is_PRO_n_15,is_SER_n_15,is_THR_n_15,is_TRP_n_15,is_TYR_n_15,is_VAL_n_15,is_C_n_15,is_CA_n_15,is_CR_n_15,is_CT_n_15,is_CW_n_15,is_H_n_15,is_H1_n_15,is_HA_n_15,is_HC_n_15,is_HO_n_15,is_HS_n_15,is_N_n_15,is_N3_n_15,is_NB_n_15,is_NH1_n_15,is_NH2_n_15,is_O_n_15,is_OH_n_15,is_S_n_15,is_SH_n_15,is_ALA_n_16,is_ARG_n_16,is_ASN_n_16,is_ASP_n_16,is_CYS_n_16,is_GLN_n_16,is_GLU_n_16,is_GLY_n_16,is_HIS_n_16,is_ILE_n_16,is_LEU_n_16,is_LYS_n_16,is_MET_n_16,is_PHE_n_16,is_PRO_n_16,is_SER_n_16,is_THR_n_16,is_TRP_n_16,is_TYR_n_16,is_VAL_n_16,is_C_n_16,is_CA_n_16,is_CR_n_16,is_CT_n_16,is_CW_n_16,is_H_n_16,is_H1_n_16,is_HA_n_16,is_HC_n_16,is_HO_n_16,is_HS_n_16,is_N_n_16,is_N3_n_16,is_NB_n_16,is_NH1_n_16,is_NH2_n_16,is_O_n_16,is_OH_n_16,is_S_n_16,is_SH_n_16,is_ALA_n_17,is_ARG_n_17,is_ASN_n_17,is_ASP_n_17,is_CYS_n_17,is_GLN_n_17,is_GLU_n_17,is_GLY_n_17,is_HIS_n_17,is_ILE_n_17,is_LEU_n_17,is_LYS_n_17,is_MET_n_17,is_PHE_n_17,is_PRO_n_17,is_SER_n_17,is_THR_n_17,is_TRP_n_17,is_TYR_n_17,is_VAL_n_17,is_C_n_17,is_CA_n_17,is_CR_n_17,is_CT_n_17,is_CW_n_17,is_H_n_17,is_H1_n_17,is_HA_n_17,is_HC_n_17,is_HO_n_17,is_HS_n_17,is_N_n_17,is_N3_n_17,is_NB_n_17,is_NH1_n_17,is_NH2_n_17,is_O_n_17,is_OH_n_17,is_S_n_17,is_SH_n_17,is_ALA_n_18,is_ARG_n_18,is_ASN_n_18,is_ASP_n_18,is_CYS_n_18,is_GLN_n_18,is_GLU_n_18,is_GLY_n_18,is_HIS_n_18,is_ILE_n_18,is_LEU_n_18,is_LYS_n_18,is_MET_n_18,is_PHE_n_18,is_PRO_n_18,is_SER_n_18,is_THR_n_18,is_TRP_n_18,is_TYR_n_18,is_VAL_n_18,is_C_n_18,is_CA_n_18,is_CR_n_18,is_CT_n_18,is_CW_n_18,is_H_n_18,is_H1_n_18,is_HA_n_18,is_HC_n_18,is_HO_n_18,is_HS_n_18,is_N_n_18,is_N3_n_18,is_NB_n_18,is_NH1_n_18,is_NH2_n_18,is_O_n_18,is_OH_n_18,is_S_n_18,is_SH_n_18,is_ALA_n_19,is_ARG_n_19,is_ASN_n_19,is_ASP_n_19,is_CYS_n_19,is_GLN_n_19,is_GLU_n_19,is_GLY_n_19,is_HIS_n_19,is_ILE_n_19,is_LEU_n_19,is_LYS_n_19,is_MET_n_19,is_PHE_n_19,is_PRO_n_19,is_SER_n_19,is_THR_n_19,is_TRP_n_19,is_TYR_n_19,is_VAL_n_19,is_C_n_19,is_CA_n_19,is_CR_n_19,is_CT_n_19,is_CW_n_19,is_H_n_19,is_H1_n_19,is_HA_n_19,is_HC_n_19,is_HO_n_19,is_HS_n_19,is_N_n_19,is_N3_n_19,is_NB_n_19,is_NH1_n_19,is_NH2_n_19,is_O_n_19,is_OH_n_19,is_S_n_19,is_SH_n_19,is_ALA_n_20,is_ARG_n_20,is_ASN_n_20,is_ASP_n_20,is_CYS_n_20,is_GLN_n_20,is_GLU_n_20,is_GLY_n_20,is_HIS_n_20,is_ILE_n_20,is_LEU_n_20,is_LYS_n_20,is_MET_n_20,is_PHE_n_20,is_PRO_n_20,is_SER_n_20,is_THR_n_20,is_TRP_n_20,is_TYR_n_20,is_VAL_n_20,is_C_n_20,is_CA_n_20,is_CR_n_20,is_CT_n_20,is_CW_n_20,is_H_n_20,is_H1_n_20,is_HA_n_20,is_HC_n_20,is_HO_n_20,is_HS_n_20,is_N_n_20,is_N3_n_20,is_NB_n_20,is_NH1_n_20,is_NH2_n_20,is_O_n_20,is_OH_n_20,is_S_n_20,is_SH_n_20,is_ALA_n_21,is_ARG_n_21,is_ASN_n_21,is_ASP_n_21,is_CYS_n_21,is_GLN_n_21,is_GLU_n_21,is_GLY_n_21,is_HIS_n_21,is_ILE_n_21,is_LEU_n_21,is_LYS_n_21,is_MET_n_21,is_PHE_n_21,is_PRO_n_21,is_SER_n_21,is_THR_n_21,is_TRP_n_21,is_TYR_n_21,is_VAL_n_21,is_C_n_21,is_CA_n_21,is_CR_n_21,is_CT_n_21,is_CW_n_21,is_H_n_21,is_H1_n_21,is_HA_n_21,is_HC_n_21,is_HO_n_21,is_HS_n_21,is_N_n_21,is_N3_n_21,is_NB_n_21,is_NH1_n_21,is_NH2_n_21,is_O_n_21,is_OH_n_21,is_S_n_21,is_SH_n_21,is_ALA_n_22,is_ARG_n_22,is_ASN_n_22,is_ASP_n_22,is_CYS_n_22,is_GLN_n_22,is_GLU_n_22,is_GLY_n_22,is_HIS_n_22,is_ILE_n_22,is_LEU_n_22,is_LYS_n_22,is_MET_n_22,is_PHE_n_22,is_PRO_n_22,is_SER_n_22,is_THR_n_22,is_TRP_n_22,is_TYR_n_22,is_VAL_n_22,is_C_n_22,is_CA_n_22,is_CR_n_22,is_CT_n_22,is_CW_n_22,is_H_n_22,is_H1_n_22,is_HA_n_22,is_HC_n_22,is_HO_n_22,is_HS_n_22,is_N_n_22,is_N3_n_22,is_NB_n_22,is_NH1_n_22,is_NH2_n_22,is_O_n_22,is_OH_n_22,is_S_n_22,is_SH_n_22,is_ALA_n_23,is_ARG_n_23,is_ASN_n_23,is_ASP_n_23,is_CYS_n_23,is_GLN_n_23,is_GLU_n_23,is_GLY_n_23,is_HIS_n_23,is_ILE_n_23,is_LEU_n_23,is_LYS_n_23,is_MET_n_23,is_PHE_n_23,is_PRO_n_23,is_SER_n_23,is_THR_n_23,is_TRP_n_23,is_TYR_n_23,is_VAL_n_23,is_C_n_23,is_CA_n_23,is_CR_n_23,is_CT_n_23,is_CW_n_23,is_H_n_23,is_H1_n_23,is_HA_n_23,is_HC_n_23,is_HO_n_23,is_HS_n_23,is_N_n_23,is_N3_n_23,is_NB_n_23,is_NH1_n_23,is_NH2_n_23,is_O_n_23,is_OH_n_23,is_S_n_23,is_SH_n_23,is_ALA_n_24,is_ARG_n_24,is_ASN_n_24,is_ASP_n_24,is_CYS_n_24,is_GLN_n_24,is_GLU_n_24,is_GLY_n_24,is_HIS_n_24,is_ILE_n_24,is_LEU_n_24,is_LYS_n_24,is_MET_n_24,is_PHE_n_24,is_PRO_n_24,is_SER_n_24,is_THR_n_24,is_TRP_n_24,is_TYR_n_24,is_VAL_n_24,is_C_n_24,is_CA_n_24,is_CR_n_24,is_CT_n_24,is_CW_n_24,is_H_n_24,is_H1_n_24,is_HA_n_24,is_HC_n_24,is_HO_n_24,is_HS_n_24,is_N_n_24,is_N3_n_24,is_NB_n_24,is_NH1_n_24,is_NH2_n_24,is_O_n_24,is_OH_n_24,is_S_n_24,is_SH_n_24,is_ALA_n_25,is_ARG_n_25,is_ASN_n_25,is_ASP_n_25,is_CYS_n_25,is_GLN_n_25,is_GLU_n_25,is_GLY_n_25,is_HIS_n_25,is_ILE_n_25,is_LEU_n_25,is_LYS_n_25,is_MET_n_25,is_PHE_n_25,is_PRO_n_25,is_SER_n_25,is_THR_n_25,is_TRP_n_25,is_TYR_n_25,is_VAL_n_25,is_C_n_25,is_CA_n_25,is_CR_n_25,is_CT_n_25,is_CW_n_25,is_H_n_25,is_H1_n_25,is_HA_n_25,is_HC_n_25,is_HO_n_25,is_HS_n_25,is_N_n_25,is_N3_n_25,is_NB_n_25,is_NH1_n_25,is_NH2_n_25,is_O_n_25,is_OH_n_25,is_S_n_25,is_SH_n_25
8.77,8,1.0,-1.6785652738308797e-17,-6.17523116652343e-18,1.009033369179378,0.8460771747003625,0.530052122268253,-4.571999750538005e-18,0.5543743796970714,0.8035156340177874,-0.579166873479353,-0.1198939649681696,0.5376843512217764,0.009196610375692,0.9203342482441024,0.3279399129009009,0.5002082438323684,0.3878065328710025,0.9109746943126684,0.0918736366162142,0.4574147463263888,0.4121214110403115,-0.8778577875525988,0.1795678478128873,0.4453493489978198,0.5889185645526263,-0.5483950665210373,-0.5708086735004472,0.4048003494353442,0.2907046090117103,-0.4871431438497605,-0.7587275041766472,0.4024119114759915,0.1977832031375827,-0.9430816077448771,0.0826966710139822,0.3994654208519241,0.1947571590508678,-0.9206396575230562,0.0684179970138587,0.3939552109033865,0.9143145890669148,-0.3920872939478435,0.0419841887669208,0.381929101283161,0.9190127413041862,0.379659526192298,-0.0626225887618397,0.3650224651744547,0.3858210923877358,-0.685270535723749,0.5825573715486039,0.3621378766685267,0.2189564924168793,0.9177498621605108,-0.2980704080481872,0.3528986105580861,0.1269315837497598,0.8177464233139566,-0.4850862430858032,0.3480839701018157,0.4146551597988221,-0.5147775655710685,0.688078615081764,0.3446531290136978,0.3745230431400069,-0.5219695696142087,0.671394284430773,0.3416277806414424,0.2153770721881074,0.8067103050404058,-0.4623839057667308,0.3317325508298695,0.4290477831092356,0.8612080699853142,0.2642965770512553,0.3047358251532349,0.4551370748147517,0.5401485421689334,0.6858926374395969,0.2974210052944767,0.6424999593629357,-0.4914810997869582,-0.5615691891531733,0.296865618915471,0.7375619290830542,-0.4843856899983275,-0.3899031926223076,0.2707452619674376,0.468170867543442,0.7225425329305447,0.49723442579685,0.2697793936796847,0.2035694240790023,-0.7355729166870286,0.6035745241842247,0.2677188865008977,-0.0675847994998339,-0.752369865646013,0.5914849248538364,0.233669333517203,0,0,0,0,0,0,1,0,0,0,0,0,0,0,0,0,0,0,0,0,0,0,0,0,0,0,0,0,0,0,0,1,0,0,0,0,0,0,0,0,0,0,0,0,0,0,0,0,0,0,0,0,0,0,1,0,0,0,0,0,1,0,0,0,0,0,0,0,0,0,0,0,0,0,0,0,0,0,0,0,0,0,0,0,0,0,1,0,0,0,0,0,0,0,0,0,0,0,0,0,0,0,0,1,0,0,0,0,0,0,0,0,0,0,0,0,0,0,0,0,0,0,0,0,0,0,0,0,0,0,0,0,0,0,1,0,0,0,0,0,0,0,0,0,0,0,1,0,0,0,0,0,0,0,0,0,0,0,0,0,0,0,0,0,0,0,0,0,0,0,0,0,0,0,1,0,0,0,0,0,0,0,0,1,0,0,0,0,0,0,0,0,0,0,0,0,0,0,0,0,0,0,0,0,0,0,1,0,0,0,0,0,0,0,0,0,0,0,0,0,0,0,0,1,0,0,0,0,0,0,0,0,0,0,0,0,0,0,0,0,0,0,0,0,0,0,1,0,0,0,0,0,0,0,0,0,0,0,0,0,1,0,0,0,0,0,0,0,0,0,0,0,0,0,0,0,0,0,0,0,0,0,0,0,0,0,1,0,0,0,0,0,0,0,0,0,0,0,0,0,0,0,0,0,0,0,0,0,0,0,0,0,0,0,0,0,1,0,0,0,0,0,0,0,0,0,1,0,0,0,0,0,0,0,0,0,0,0,0,0,0,0,0,0,0,0,0,0,1,0,0,0,0,0,0,0,0,0,0,0,0,0,0,0,0,0,1,0,0,0,0,0,0,0,0,0,0,0,0,0,0,0,0,0,0,0,0,0,1,0,0,0,0,0,0,0,0,0,0,0,0,0,0,0,0,0,1,0,0,0,0,0,0,0,0,0,0,0,0,0,0,0,0,0,0,0,1,0,0,0,0,0,0,0,0,0,0,0,0,0,0,0,0,0,0,0,0,0,0,0,0,0,0,0,1,0,0,0,0,0,0,0,0,0,0,0,0,0,0,0,0,0,0,0,0,0,1,0,0,0,0,0,0,0,0,0,1,0,0,0,0,0,0,0,0,0,0,0,0,0,0,0,0,1,0,0,0,0,0,0,0,0,0,0,0,0,0,0,0,0,0,0,0,0,0,0,0,0,0,0,0,0,0,0,1,0,0,0,0,0,0,0,0,1,0,0,0,0,0,0,0,0,0,0,0,0,0,0,0,0,0,0,0,0,0,0,0,0,0,0,0,0,0,0,1,0,0,0,0,0,0,0,0,0,0,0,0,0,1,0,0,0,0,0,0,0,0,0,0,0,0,0,0,0,0,0,1,0,0,0,0,0,0,0,0,0,0,0,0,0,0,0,0,0,0,0,0,0,1,0,0,0,0,0,0,0,0,0,0,0,0,0,0,0,0,0,1,0,0,0,0,0,0,0,0,0,0,0,0,0,0,0,0,0,0,0,0,0,1,0,0,0,0,0,0,0,0,0,0,0,0,0,0,0,0,0,0,0,0,0,0,0,0,0,1,0,0,0,0,0,0,0,0,0,0,0,0,0,1,0,0,0,0,0,0,0,0,0,0,0,0,0,0,0,0,0,0,0,0,0,0,0,0,0,1,0,0,0,0,0,0,0,0,0,0,0,0,0,0,0,0,1,0,0,0,0,0,0,0,0,0,0,0,0,0,0,0,1,0,0,0,0,0,0,0,0,0,0,0,0,0,0,0,0,0,0,0,0,0,0,0,0,0,0,0,0,1,0,0,0,0,0,0,0,0,0,0,0,0,0,0,0,0,0,0,0,1,0,0,0,0,0,0,0,0,0,0,0,0,0,0,1,0,0,0,0,0,0,0,0,0,0,0,0,0,0,0,0,0,0,0,0,0,0,0,0,1,0,0,0,0,0,0,0,0,1,0,0,0,0,0,0,0,0,0,0,0,0,0,0,0,0,0,0,0,0,0,1,0,0,0,0,0,0,0,0,0,0,0,0,1,0,0,0,0,0,0,0,0,0,0,0,0,0,0,0,0,0,0,0,0,0,0,0,0,0,1,0,0,0,0,0,0,0,0,0,0,0,0,0,1,0,0,0,0,0,0,0,0,0,0,0,0,0,0,0,0,0,0,0,0,0,0,0,0,0,1,0,0,0,0,0,0,0,0,0,0,0,0,0,0,0,0,0,0,0,0,0,0,0,0,0,0,0,0,0,1,0,0,0
8.103,9,1.0,4.145941776211295e-18,1.83182430352538e-17,1.0099156085043852,0.8462188897635972,0.5306503173409772,5.153073096044524e-18,0.5607260630592812,0.808067016047224,-0.5671303598640427,-0.097382721785516,0.5362028352968112,0.0418805335691694,0.9079803786821056,0.3165837706717564,0.4968123986160441,0.0202841522347384,-0.7480532576820785,-0.5754294323687097,0.4739913804531225,0.3955780051526985,0.8990320066272517,0.1277555597585342,0.4570800603844261,0.4447407246928413,-0.7245152925506625,-0.4724967013326027,0.4390066071631837,0.5818582451926186,-0.7221114554082709,0.306321967734488,0.4052993988839287,0.2208167453093765,-0.8127303724887225,0.4836580888005056,0.3841818943610988,0.9051637326700736,-0.3388808057227312,-0.1312839870758784,0.3829959560740489,0.9164045844815222,0.3804501595610951,-0.0814946669810166,0.3691480147687465,0.2313250868331106,0.8983776584573858,-0.2150466509183378,0.3539618803099447,0.5957752439514357,-0.5206909173002376,0.4398197813265557,0.3526738507306206,0.0742833737150401,-0.789875175024944,0.515290681419533,0.3471218366320023,0.010688228541982,-0.7769647721608812,0.5321955019559172,0.3331082308569646,0.1708285150760833,-0.7137354210071531,0.5480339873208653,0.3319241573342458,0.3998886993135687,0.8384399856397788,0.3274905441527305,0.3270446469540922,0.2248002613534787,0.7780622582745375,-0.3732981185904748,0.3129111067109925,0.2206187536537107,0.8111020096761853,-0.440347719551473,0.306163069874788,0.4965326692614204,-0.6702287017205363,-0.4911862321352874,0.3029753270693966,0.2024961459521707,0.6337901706283992,0.6199370351353461,0.3017886095852312,0.5247506177174421,-0.7731956452853677,0.1725721435297426,0.2830337313267375,0.3157481617756429,0.7367686167352079,0.5177096826167054,0.2621428463807861,0.4794094979944309,0.7902101172177807,0.2342248934032276,0.2448025907128873,0.6532212702408049,-0.6124299897902648,-0.3756092529217162,0.235800126996741,0,0,0,0,0,0,0,0,0,0,0,0,0,0,0,0,1,0,0,0,0,0,0,0,0,0,0,0,0,0,0,1,0,0,0,0,0,0,0,0,0,0,0,0,0,0,1,0,0,0,0,0,0,0,0,0,0,0,0,0,1,0,0,0,0,0,0,0,0,0,0,0,0,0,0,0,0,0,0,0,0,0,0,0,0,0,0,0,0,0,0,0,0,0,0,0,1,0,0,0,0,0,0,1,0,0,0,0,0,0,0,0,0,0,0,0,0,0,0,0,0,0,0,0,0,0,1,0,0,0,0,0,0,0,0,0,0,0,0,0,0,0,0,0,0,0,1,0,0,0,0,0,0,0,0,0,0,0,0,0,0,0,0,0,0,0,0,0,0,0,0,0,0,0,0,0,1,0,0,0,0,0,0,0,0,0,0,0,0,0,0,0,0,0,0,0,1,0,0,0,0,0,0,0,0,0,1,0,0,0,0,0,0,0,0,0,0,0,0,0,0,0,0,1,0,0,0,0,0,0,0,0,0,0,0,0,0,0,0,0,0,0,0,0,0,0,0,0,0,0,0,0,0,0,0,0,1,0,0,0,1,0,0,0,0,0,0,0,0,0,0,0,0,0,0,0,0,0,0,0,0,0,0,0,0,0,0,0,0,0,0,0,0,0,0,0,1,0,0,0,0,0,0,1,0,0,0,0,0,0,0,0,0,0,0,0,0,0,0,0,0,0,0,0,0,0,0,0,0,0,0,0,0,0,0,0,1,0,0,0,0,0,0,1,0,0,0,0,0,0,0,0,0,0,0,0,0,0,0,0,0,0,0,0,0,0,0,0,0,0,0,0,0,0,0,0,1,0,0,0,0,0,0,0,0,0,1,0,0,0,0,0,0,0,0,0,0,0,0,0,0,0,0,0,0,0,1,0,0,0,0,0,0,0,0,0,0,0,0,0,0,0,0,0,0,0,0,0,0,0,0,0,0,0,0,0,1,0,0,0,0,0,0,0,0,0,1,0,0,0,0,0,0,0,0,0,0,0,0,0,0,0,0,1,0,0,0,0,0,0,0,0,0,0,0,0,0,0,0,0,0,0,0,0,0,0,0,0,0,0,0,0,0,0,0,0,1,0,0,0,0,0,0,0,0,0,0,0,1,0,0,0,0,0,0,0,0,0,0,0,0,0,0,0,0,0,0,0,0,0,0,0,0,0,0,0,1,0,0,0,0,0,0,0,0,0,0,0,1,0,0,0,0,0,0,0,0,0,0,0,0,0,0,0,0,0,0,0,0,0,0,0,0,0,0,0,1,0,0,0,0,0,0,0,0,0,0,0,1,0,0,0,0,0,0,0,0,0,0,0,0,0,0,0,0,0,0,0,0,0,0,0,0,0,0,0,1,0,0,0,0,0,0,0,0,0,0,0,1,0,0,0,0,0,0,0,0,0,0,0,0,0,0,0,0,0,1,0,0,0,0,0,0,0,0,0,0,0,0,0,0,0,0,0,0,0,0,0,0,0,0,1,0,0,0,0,0,0,0,0,0,0,0,0,0,0,1,0,0,0,0,0,0,0,0,0,0,0,0,0,0,0,0,0,0,0,0,0,1,0,0,0,0,0,0,0,0,0,0,0,0,0,0,0,0,0,1,0,0,0,0,0,0,0,0,0,0,0,0,0,0,0,0,0,0,0,0,0,1,0,0,0,0,0,0,0,0,0,0,0,0,0,0,0,0,0,0,0,0,0,0,0,0,0,0,0,0,0,0,1,0,0,0,0,0,0,0,0,0,0,0,1,0,0,0,0,0,0,0,0,0,0,0,0,0,0,0,0,0,0,0,0,0,0,1,0,0,0,0,0,0,0,0,0,0,0,0,0,0,0,0,0,0,0,0,0,1,0,0,0,0,0,0,0,0,0,0,0,0,0,0,0,0,0,0,0,1,0,0,0,0,0,0,0,0,0,0,0,0,0,0,0,0,0,0,0,0,1,0,0,0,0,0,0,0,0,0,0,0,0,0,0,0,0,1,0,0,0,0,0,1,0,0,0,0,0,0,0,0,0,0,0,0,0,0,0,0,0,0,0,0,0,0,0,0,0,1,0,0,0,0,0,0,0,0,0,0,0,0,0,0,0,0,0,0,1,0,0,0,0,0,0,0,0,0,0,0,0,0,0,0,0,0,0,0,0,0,0,0,0,0,0,0,0,0,0,0,0,0,1,0,0,0,0,0,1,0,0,0,0,0,0,0,0,0,0,0,0,0,0
7.906,10,1.0,-1.7464437758532334e-17,4.21473405627367e-18,1.0087137103581034,0.8601720275183068,0.5091113696814746,1.2248805866766913e-17,0.5592444656070583,0.8009825392228958,-0.585001097401048,-0.0772375182936345,0.539126717346573,0.0510352341029864,0.9019475517129572,0.3407294063194618,0.5108991180715716,0.4125723752418865,0.8955541184758491,0.0789507893665079,0.4599652491905122,0.126430014799279,-0.8654833241468196,-0.019486502582014,0.4471246424252711,0.4446334547346847,-0.8317877869721695,0.1110342674682914,0.4346090766084359,0.8296603425903462,-0.4570766713235353,0.0736340477800095,0.4046780810786938,0.3633524698611089,-0.4676359155049135,-0.6312561503854355,0.4016909771308457,0.6286962887543632,-0.5468821391312164,-0.4148573773421898,0.4005359047045723,0.3068009763638583,-0.6800051740761781,0.4659852435194887,0.3885935010058312,-0.0437484942165008,0.7464430293000226,-0.5878881379421811,0.3838454164378072,0.1173152340867363,-0.607144461599658,0.563655008241688,0.3751181878532525,0.2052790376417938,0.8976280569259278,-0.3342845337711687,0.3718704922920254,0.9278216940230004,0.3579689714940911,-0.0481639549160994,0.3673521714645789,0.2721965715606766,-0.5217103662398446,0.5440095820255383,0.3471295155894549,0.2860406152056677,-0.6023554383737076,0.5012157944399165,0.3329538461805923,0.0613812931373523,0.9046871656116724,-0.2834843407488422,0.3067048083588304,0.4637006893498195,0.8427378963659565,0.2413366823647179,0.3062414075252997,0.6747707720079783,-0.5121636431783115,-0.3368496546157436,0.2954740684758971,0.3414789095440455,0.762050063360069,-0.4599155048588914,0.2936071537022621,0.458709963212463,-0.828504290152867,0.0293643639679943,0.2899569976787101,-0.351802110291981,0.6930553764561329,-0.5615893863938684,0.28428420714213,0.1218982544741227,0.7685697377905094,0.5343617874875825,0.2479155462290583,0.610566367393345,0.7663117988649009,0.153512616242829,0.2351725051483248,0,0,0,0,0,0,0,0,0,0,0,0,0,0,0,0,0,0,0,1,0,0,0,0,0,0,0,0,0,0,0,1,0,0,0,0,0,0,0,0,0,0,0,0,0,0,0,0,0,0,0,0,0,0,0,0,1,0,0,0,1,0,0,0,0,0,0,0,0,0,0,0,0,0,0,0,0,0,0,0,0,0,0,0,0,0,0,0,0,0,0,0,0,0,0,0,0,0,0,1,0,0,0,1,0,0,0,0,0,0,0,0,0,0,0,0,0,0,0,0,0,0,0,0,0,0,0,0,0,0,0,0,0,0,0,0,1,0,0,0,0,0,0,0,0,0,1,0,0,0,0,0,0,0,0,0,0,0,0,0,0,0,0,0,0,0,0,0,0,0,0,0,0,0,0,0,1,0,0,0,0,0,0,1,0,0,0,0,0,0,0,0,0,0,0,0,0,0,0,0,0,0,0,0,0,0,0,0,0,0,0,0,0,0,0,0,0,0,0,1,0,0,0,0,0,0,0,0,1,0,0,0,0,0,0,0,0,0,0,0,0,0,0,0,0,0,0,0,0,0,0,0,0,0,0,0,0,0,0,1,0,0,0,1,0,0,0,0,0,0,0,0,0,0,0,0,0,0,0,0,0,0,0,0,0,0,0,0,0,0,0,0,0,0,0,0,0,0,0,1,0,0,0,0,0,0,1,0,0,0,0,0,0,0,0,0,0,0,0,0,0,0,0,0,0,0,0,0,0,0,0,0,0,0,0,0,0,0,0,1,0,0,0,0,0,0,0,0,0,0,0,0,0,0,0,0,1,0,0,0,0,0,0,0,0,0,0,0,0,0,0,0,0,0,0,0,0,0,0,1,1,0,0,0,0,0,0,0,0,0,0,0,0,0,0,0,0,0,0,0,0,0,0,0,0,0,0,0,0,0,0,0,0,0,0,0,0,0,0,1,0,0,0,1,0,0,0,0,0,0,0,0,0,0,0,0,0,0,0,0,0,0,0,0,0,0,0,0,0,0,0,0,0,0,0,0,1,0,0,0,0,0,0,0,0,0,0,0,0,0,0,0,0,0,0,0,0,1,0,0,0,0,0,0,0,0,0,0,0,0,0,0,0,0,0,0,0,0,0,1,0,0,0,0,0,0,0,0,1,0,0,0,0,0,0,0,0,0,0,0,0,0,0,0,0,0,0,0,0,0,0,0,0,0,0,0,1,0,0,0,0,0,0,1,0,0,0,0,0,0,0,0,0,0,0,0,0,0,0,0,0,0,0,0,0,0,0,0,0,0,0,0,0,0,0,0,1,0,0,0,0,0,0,0,0,0,0,0,0,0,0,0,0,0,0,0,1,0,0,0,0,0,0,0,0,0,0,0,0,0,0,0,0,0,0,0,0,0,0,1,0,0,0,0,0,0,0,0,1,0,0,0,0,0,0,0,0,0,0,0,0,0,0,0,0,0,0,0,0,0,0,0,0,0,0,0,0,0,0,1,0,0,0,0,0,0,0,0,1,0,0,0,0,0,0,0,0,0,0,0,0,0,0,0,0,0,0,0,0,0,0,0,0,0,0,0,1,0,0,0,0,0,0,0,0,0,0,0,1,0,0,0,0,0,0,0,0,0,0,0,0,0,0,0,0,0,0,0,0,0,0,0,0,0,0,0,1,0,0,0,0,0,0,0,0,0,0,0,0,0,0,1,0,0,0,0,0,0,0,0,0,0,0,0,1,0,0,0,0,0,0,0,0,0,0,0,0,0,0,0,0,0,0,0,0,0,0,0,0,0,0,1,0,0,0,0,0,0,0,0,0,0,0,0,0,0,0,0,0,0,0,0,0,0,0,0,1,0,0,0,0,0,0,1,0,0,0,0,0,0,0,0,0,0,0,0,0,0,0,0,0,0,0,0,0,0,0,0,0,0,0,0,0,0,0,0,0,0,0,1,0,0,0,1,0,0,0,0,0,0,0,0,0,0,0,0,0,0,0,0,0,0,0,0,0,0,0,0,0,0,0,0,0,0,0,0,1,0,0,0,0,0,0,0,0,0,0,0,0,1,0,0,0,0,0,0,0,0,0,0,0,0,0,0,0,0,1,0,0,0,0,0,0,0,0,0,0,0,0,0,0,0,0,0,0,0,0,0,0,0,0,0,0,0,0,0,1,0,0,0,0,0,0,0,0,0,0,0,0,0,0,0,0,0,0,0,1,0,0,0,0,0,0,0,0,1,0,0,0,0,0,0,0,0,0,0,0,0,0,0
8.098,11,1.0,-1.23363320622505e-18,3.918851602281875e-18,1.0087468007755054,0.8878788052268323,0.4583126291439264,-8.139806619362024e-18,0.5564608329358093,0.7708610062979339,-0.6126716816749938,0.0767917723808931,0.5548825618455255,0.0798646206523945,0.9719591919543924,-0.0544356775654299,0.4983287481874693,0.3307118171579156,-0.8025468266796538,0.4376694582858277,0.4661175566382143,0.4825719844087044,0.8577956158902611,-0.0832522324935314,0.4468311237824894,0.2229979279481116,-0.7145152114559752,-0.6015826073080486,0.4151787484492809,0.5617262389689588,-0.7003806995387792,-0.3686622261364955,0.4118139010735732,0.1419706330261974,-0.7515752447671519,0.4574407286033081,0.407118398180683,0.1066891735350348,-0.805668323987832,0.4381733737645931,0.3992335293960245,0.8543571818708496,-0.4249401589791111,0.2366525914476814,0.3879136097621383,0.948361395825098,0.2908519548797915,0.0694179989088924,0.3688409227184644,0.1781072245808014,0.3757174081580647,-0.8011590561060956,0.3417963157035973,0.3412496772635991,0.5430013008174484,-0.6866754877280498,0.3369599448942043,0.441329262386317,0.7493105282139687,-0.417995283730086,0.331356653529776,0.4392906516919444,0.8497342263275873,0.1926010700096832,0.324415952766928,0.2812019911271338,-0.6627427508320454,0.6024551316325141,0.3223104734661067,0.177356971243664,0.7185682367037479,0.5459125958392386,0.316967227614106,0.2790532331316859,0.4959670394289361,-0.7231423014192363,0.2964267353441229,0.6520224885826934,-0.638821954152837,-0.3069320967716796,0.2910902543882542,0.2783033036114708,0.3961380063029954,-0.818728106315596,0.2893129551524379,0.2980849897934368,0.8138262657744512,0.4048858929039818,0.2642534737908729,0.5840968797976384,0.6204048187251955,-0.3945504955356311,0.2581949371775004,0.7499192587591197,-0.6157705301774143,-0.0688486153141279,0.2313163071966469,0.4828194839287283,0.8044582629919017,0.1131928314706052,0.2201934118817283,0,0,0,0,1,0,0,0,0,0,0,0,0,0,0,0,0,0,0,0,0,0,0,0,0,0,0,0,0,0,0,1,0,0,0,0,0,0,0,0,0,0,0,0,0,0,0,0,0,0,0,0,0,0,0,0,0,0,0,1,1,0,0,0,0,0,0,0,0,0,0,0,0,0,0,0,0,0,0,0,0,0,0,0,1,0,0,0,0,0,0,0,0,0,0,0,0,0,0,0,0,0,0,1,0,0,0,0,0,0,0,0,0,0,0,0,0,0,0,0,0,0,0,0,0,0,0,0,0,0,0,0,0,0,0,0,0,0,0,1,0,0,0,0,0,0,1,0,0,0,0,0,0,0,0,0,0,0,0,0,0,0,0,0,1,0,0,0,0,0,0,0,0,0,0,0,0,0,0,0,0,0,0,1,0,0,0,0,0,0,0,0,0,0,0,0,0,0,0,0,0,0,0,0,0,0,0,0,0,0,0,0,0,0,0,0,0,0,0,1,0,0,0,1,0,0,0,0,0,0,0,0,0,0,0,0,0,0,0,0,0,0,0,0,1,0,0,0,0,0,0,0,0,0,0,0,0,0,0,0,0,0,0,0,0,0,0,0,0,0,0,0,0,0,0,0,1,0,0,0,0,0,0,0,1,0,0,0,0,0,0,0,0,0,0,0,0,0,0,0,1,0,0,0,0,0,0,0,0,0,0,0,0,0,0,0,0,0,0,0,0,0,0,0,1,0,0,0,0,0,0,0,0,0,0,0,0,0,0,0,0,0,0,0,0,0,0,0,1,0,0,0,0,0,0,0,0,0,0,0,0,0,0,0,1,0,0,0,0,0,0,0,0,0,0,0,0,0,0,0,0,0,0,0,0,0,0,0,1,0,0,0,0,0,0,0,0,0,0,0,0,0,0,0,1,0,0,0,0,0,0,0,0,0,0,0,0,0,0,0,0,0,0,0,0,0,1,0,0,0,0,0,0,0,0,0,0,0,0,0,0,0,0,0,0,0,0,0,0,0,0,0,0,0,0,0,0,0,0,1,0,0,0,0,0,0,0,0,0,0,0,0,0,0,0,0,1,0,0,0,0,0,0,0,0,0,0,0,0,0,0,0,0,0,0,0,0,0,0,1,0,0,0,0,0,0,0,0,1,0,0,0,0,0,0,0,0,0,0,0,0,0,0,0,0,0,0,0,0,0,0,0,0,0,0,0,0,0,0,1,0,0,0,1,0,0,0,0,0,0,0,0,0,0,0,0,0,0,0,0,0,0,0,0,0,0,0,0,0,0,0,0,0,0,0,0,0,0,0,1,0,0,0,1,0,0,0,0,0,0,0,0,0,0,0,0,0,0,0,0,0,0,0,0,0,0,0,0,0,0,0,0,0,0,0,0,0,0,0,1,0,0,0,0,0,0,0,0,0,0,0,1,0,0,0,0,0,0,0,0,0,0,0,0,1,0,0,0,0,0,0,0,0,0,0,0,0,0,0,0,0,0,0,0,0,0,0,0,0,0,0,0,0,0,0,0,0,0,0,1,0,0,0,0,0,0,0,0,0,0,0,0,0,0,0,0,1,0,0,0,0,0,0,0,0,0,0,0,0,0,0,0,0,0,0,0,1,0,0,0,0,0,0,0,0,0,0,0,0,0,0,0,0,0,0,0,0,0,0,1,0,0,0,0,0,0,0,0,1,0,0,0,0,0,0,0,0,0,0,0,0,0,0,0,0,0,0,0,0,0,0,0,0,0,0,0,0,1,0,0,0,0,0,0,0,0,0,0,0,0,0,1,0,0,0,0,0,0,0,0,0,0,0,0,0,0,0,0,0,0,0,0,0,0,0,0,0,0,0,1,0,0,0,0,0,0,0,0,1,0,0,0,0,0,0,0,0,0,0,0,0,0,0,0,0,0,0,0,0,0,0,0,0,0,0,0,1,0,0,0,1,0,0,0,0,0,0,0,0,0,0,0,0,0,0,0,0,0,0,0,0,0,0,0,0,0,0,0,0,0,0,0,0,0,0,0,0,0,0,1,0,0,0,0,0,0,0,0,1,0,0,0,0,0,0,0,0,0,0,0,0,0,0,0,0,0,0,0,0,0,0,0,0,0,0,0,0,1,0,0,0,0,0,0,0,1,0,0,0,0,0,0,0,0,0,0,0,0,0,0,0,0,0,0,0,0,0,0,0,0,0,0,0,0,0,0,0,0,0,1,0,0,0,0,0,1,0,0,0,0,0,0,0,0,0,0,0,0,0,0
7.925,12,1.0,1.0287443092705997e-17,-7.76172018298966e-18,1.0085042422100206,0.8673346010201162,0.4961132408738286,-8.16124904237499e-18,0.5473090996763574,0.8068449455994623,-0.566509850025356,-0.1457703541227016,0.5360372982275416,0.0091594529913464,0.9421043633357992,0.296949014349598,0.5156096362020505,0.4284046429563645,0.8894223152675325,0.1320496045555114,0.4580825666447093,0.1193483159370535,-0.5470316555814053,-0.8176356777269167,0.4515972141357999,0.4992798705473816,-0.8220216543425872,0.2380237492137567,0.424833026313234,0.500605228954682,-0.6067792752381715,-0.6024964245909632,0.4245195561424365,0.285138723046748,-0.9077533340035132,0.1269892005410944,0.3871945635042505,0.3027023639371227,-0.8898615125535786,0.2063236136931122,0.3856092748423271,0.930662188287067,-0.3536913062733979,-0.0452638096313784,0.3783555577292135,0.4915239018551672,-0.5891137929799637,0.6224408337083192,0.3627144809182102,0.9265888358630284,0.3558265885064,-0.0969259218967863,0.362296868962016,-0.0316064660343333,-0.3872861641908437,0.8221522074030032,0.3566159070090655,0.2500430058676953,0.9230170558013292,-0.259564206620985,0.3563558545216329,0.2437344714557096,-0.4499804806810631,0.8163098068819176,0.3352429786942871,-0.048832584737207,0.8422066271461025,-0.3812838797015381,0.3182522564575032,0.2205492284154424,0.8636074459653956,-0.3727077270537173,0.3158314587505795,0.4687912774629376,0.8072921241665691,0.3381242699676957,0.3110502933703265,0.2135646437970221,0.8579927663489013,-0.3687227952963126,0.3102579125807189,0.1375304121762036,0.6507473896929119,0.6966569964660068,0.3043931566209347,0.5786695815322468,-0.571259993016711,-0.561824857884422,0.2891508267149055,0.348899795701565,0.7302537306448851,0.5568441849480447,0.278566163193716,0.5905987151860324,-0.4322397168613334,0.6473916340568073,0.2531353025718826,0.5635784671155293,0.7963699602419266,0.1747291948143481,0.2319873124871105,0,0,0,0,0,0,0,0,0,0,0,0,0,0,0,0,0,1,0,0,0,0,0,0,0,0,0,0,0,0,0,1,0,0,0,0,0,0,0,0,0,0,0,0,1,0,0,0,0,0,0,0,0,0,0,0,0,0,0,0,1,0,0,0,0,0,0,0,0,0,0,0,0,0,0,0,0,0,0,0,0,0,0,0,0,0,0,0,0,0,0,0,0,0,0,0,0,1,0,0,0,0,0,1,0,0,0,0,0,0,0,0,0,0,0,0,0,0,0,0,0,0,0,0,1,0,0,0,0,0,0,0,0,0,0,0,0,0,0,0,0,0,0,0,0,0,1,0,0,0,0,0,0,0,0,0,0,0,0,0,0,0,0,0,1,0,0,0,0,0,0,0,0,0,0,0,0,0,0,0,0,0,0,1,0,0,0,0,0,0,0,0,0,0,0,0,0,0,0,0,0,0,0,0,0,0,0,0,0,0,0,0,0,0,0,0,0,1,0,0,0,0,0,0,0,0,0,0,0,0,0,0,0,0,0,0,1,0,0,0,0,0,0,0,0,0,0,0,0,0,0,0,0,0,0,0,0,1,0,0,0,0,0,1,0,0,0,0,0,0,0,0,0,0,0,0,0,0,0,0,0,0,0,0,0,0,0,0,0,0,0,0,0,0,0,0,0,1,0,0,1,0,0,0,0,0,0,0,0,0,0,0,0,0,0,0,0,0,0,0,0,0,0,0,0,0,0,0,0,0,0,0,0,0,0,0,0,1,0,0,0,0,0,0,0,0,0,0,1,0,0,0,0,0,0,0,0,0,0,0,0,0,0,0,0,0,0,0,0,0,0,0,0,0,0,0,0,1,0,0,0,0,0,0,0,0,0,0,1,0,0,0,0,0,0,0,0,0,0,0,0,0,0,0,0,0,0,0,0,0,0,0,0,0,0,0,0,1,0,0,0,0,0,0,0,0,1,0,0,0,0,0,0,0,0,0,0,0,0,0,0,0,0,0,0,0,0,0,0,0,0,0,0,0,0,0,0,1,0,0,1,0,0,0,0,0,0,0,0,0,0,0,0,0,0,0,0,0,0,0,0,0,0,0,1,0,0,0,0,0,0,0,0,0,0,0,0,0,0,0,0,0,0,0,0,0,0,0,0,0,0,0,0,0,0,0,1,0,0,0,0,0,0,0,0,0,0,0,0,0,0,0,0,0,0,0,0,1,0,0,0,0,0,0,0,1,0,0,0,0,0,0,0,0,0,0,0,0,0,0,0,0,0,0,1,0,0,0,0,0,0,0,0,0,0,0,0,0,0,0,0,0,0,1,0,0,0,0,0,0,0,0,0,0,0,0,0,0,0,0,0,0,0,0,0,0,0,0,0,0,0,0,0,0,0,0,0,1,0,0,0,0,0,0,1,0,0,0,0,0,0,0,0,0,0,0,0,0,0,0,0,0,0,0,1,0,0,0,0,0,0,0,0,0,0,0,0,0,0,0,0,0,0,0,0,0,0,0,0,0,0,0,0,0,0,0,0,0,0,1,0,0,0,0,1,0,0,0,0,0,0,0,0,0,0,0,0,0,0,0,0,0,0,0,0,0,0,0,1,0,0,0,0,0,0,0,0,0,0,0,0,0,0,0,1,0,0,0,0,0,0,0,0,0,0,0,0,0,0,0,0,0,0,0,0,0,0,0,0,0,0,1,0,0,0,0,0,0,0,0,0,0,0,0,1,0,0,0,0,0,0,0,0,0,0,0,0,0,0,0,0,0,0,0,0,0,0,0,1,0,0,0,0,0,0,0,0,0,0,0,0,0,0,0,0,0,0,0,0,0,0,0,0,0,0,0,0,0,0,1,0,0,0,0,0,0,0,0,0,0,0,0,0,0,0,0,1,0,0,0,0,0,0,0,0,0,0,1,0,0,0,0,0,0,0,0,0,0,0,0,0,0,0,0,0,0,0,0,0,0,0,1,0,0,0,0,0,0,0,0,0,0,0,0,0,0,0,0,0,0,0,0,0,0,0,0,0,0,0,1,1,0,0,0,0,0,0,0,0,0,0,0,0,0,0,0,0,0,0,0,0,0,0,0,0,0,0,0,0,0,0,0,0,0,0,0,0,1,0,0,1,0,0,0,0,0,0,0,0,0,0,0,0,0,0,0,0,0,0,0,0,0,0,0,1,0,0,0,0,0,0,0,0,0,0,0,0,0,0,0,0,0,0,0,0,1,0,0,0,0,0,0,0,0,0,0,0,0,0,0
8.968,13,1.0,2.4143419108335977e-17,-2.552474537282432e-17,1.0168820030461665,0.7658257179397019,-0.6044918105812828,0.0494006220764862,0.560111543711023,0.8837464733415809,0.4644768200814924,-1.2596223704311501e-17,0.5239181723684839,-0.5470196254058697,-0.0494827449439965,-0.7687530059611661,0.5181418983116732,0.1319660608661631,0.9336816412471046,0.0807227955677105,0.4773590800851077,0.5323557402302936,-0.7115657826220896,0.2372133513150386,0.4490604640029383,0.5006945399056084,0.8430455060111589,-0.0398234902085392,0.4315159703850804,0.7008708911757312,-0.5683218912694603,0.1951116858307136,0.4131320965951657,-0.7203626009742884,-0.2407205261790804,0.5313586188160605,0.4034048205965531,0.1922255370025224,-0.5696095262837809,-0.7266935297416728,0.4021506311522372,-0.8672135794891144,-0.3184322420202824,0.1828756156133598,0.3974109023542658,0.6869771278491321,-0.5789850142778951,-0.3444667687605604,0.3832995560729827,-0.7179293146768079,-0.5578898635197581,0.0650999837487792,0.367867141026885,-0.692667722715607,-0.0389933125482818,-0.6458482565388908,0.3556279507087793,0.9406241083148248,0.3098486895628966,0.0350237976644252,0.3541148786542906,-0.6020877708864535,0.1493354570644917,0.7007156294996288,0.3470242670571317,0.3701792398039908,0.7856980880741888,-0.4126079092381484,0.3460952863663166,0.4642864917343344,-0.5519351701780615,-0.6196902405877204,0.3398407525325128,-0.5537678164990683,0.3900415391432432,0.6112709128085008,0.3288145136363879,-0.9526174489975704,-0.046014808743257,-0.0234458177188693,0.311505653967913,-0.9236427211133204,0.3132752899399667,-0.0530861439452467,0.3032149411903833,-0.2130235806506098,-0.4202200258337464,0.6583470655281576,0.298194099732418,-0.2541279428334786,0.0259440950940272,0.8889863100384442,0.2802934823648433,-0.6094813175791575,0.3103604253627301,0.5924677167037297,0.2776709515198333,0.3429684162818841,0.6316213229324547,-0.5221911267095588,0.2646535318461246,0,0,0,0,0,0,0,1,0,0,0,0,0,0,0,0,0,0,0,0,0,0,0,0,0,0,0,0,0,0,0,1,0,0,0,0,0,0,0,0,0,0,0,0,0,0,0,1,0,0,0,0,0,0,0,0,0,0,0,0,0,0,0,1,0,0,0,0,0,0,0,0,0,0,0,0,0,0,0,0,0,0,0,0,0,0,0,0,0,0,0,0,0,0,0,0,0,1,0,0,1,0,0,0,0,0,0,0,0,0,0,0,0,0,0,0,0,0,0,0,0,1,0,0,0,0,0,0,0,0,0,0,0,0,0,0,0,0,0,0,0,0,0,0,0,0,0,0,0,0,0,0,0,0,0,0,1,0,0,0,0,0,0,0,0,0,0,0,0,0,0,0,0,0,0,0,0,1,0,0,0,0,0,0,0,0,1,0,0,0,0,0,0,0,0,0,0,0,0,0,0,0,0,0,0,0,0,1,0,0,0,0,0,0,0,0,0,0,0,0,0,0,0,0,0,0,1,0,0,0,0,0,0,0,0,0,0,0,0,0,0,0,0,0,0,0,0,0,0,0,0,0,0,0,0,0,0,1,0,0,0,0,0,1,0,0,0,0,0,0,0,0,0,0,0,0,0,0,0,0,0,0,0,0,0,0,0,1,0,0,0,0,0,0,0,0,0,0,0,0,0,0,0,0,0,0,1,0,0,0,0,0,0,0,0,0,0,0,0,0,0,0,0,0,0,0,0,0,0,0,0,0,0,0,1,0,0,0,0,0,0,0,0,0,0,0,0,0,0,0,0,1,0,0,0,0,0,0,0,0,0,0,0,0,0,0,0,0,1,0,0,0,0,0,0,0,0,0,0,0,0,0,0,0,0,1,0,0,0,0,0,0,0,0,0,0,0,0,0,0,0,0,0,1,0,0,0,0,0,0,0,0,0,0,0,0,0,0,0,0,1,0,0,0,0,0,0,0,0,0,0,0,0,0,0,0,0,0,0,0,0,0,0,0,0,0,0,1,0,0,0,0,0,0,0,0,0,0,0,0,1,0,0,0,0,0,0,0,0,0,0,0,0,0,0,0,0,0,0,0,0,0,0,1,0,0,0,0,0,0,0,0,0,0,0,0,0,0,0,0,0,0,0,0,0,0,0,0,0,0,0,0,0,0,0,0,1,0,0,0,0,1,0,0,0,0,0,0,0,0,0,0,0,0,0,0,0,0,0,0,1,0,0,0,0,0,0,0,0,0,0,0,0,0,0,0,0,0,0,0,0,0,0,0,0,0,0,0,0,0,0,0,0,0,0,0,0,1,0,0,0,0,0,0,0,0,0,0,0,0,0,0,0,0,0,0,1,0,0,0,0,0,0,0,0,0,0,0,0,0,0,0,0,0,1,0,0,0,0,0,0,0,0,1,0,0,0,0,0,0,0,0,0,0,0,0,0,0,0,0,0,0,0,0,0,0,0,0,0,0,0,0,0,0,0,0,0,1,0,0,0,0,0,1,0,0,0,0,0,0,0,0,0,0,0,0,0,0,0,0,0,0,0,0,0,0,0,0,1,0,0,0,0,0,0,0,0,0,0,0,0,0,0,0,0,0,0,0,0,0,0,1,0,0,0,0,0,0,0,0,0,0,0,0,0,0,0,0,0,0,0,0,0,0,1,0,0,0,0,0,0,0,0,0,0,0,0,0,1,0,0,0,0,0,0,0,0,0,0,0,0,0,0,1,0,0,0,0,0,0,0,0,0,0,0,0,0,0,0,0,0,0,0,1,0,0,0,0,0,0,0,0,0,0,0,0,0,0,0,0,0,0,0,1,0,0,0,0,0,0,0,0,0,0,0,0,0,0,0,0,0,0,0,0,0,0,1,0,0,0,0,0,0,0,0,0,0,0,0,0,0,0,0,0,0,0,0,0,0,0,0,0,0,0,1,0,0,0,0,0,0,0,0,0,0,0,1,0,0,0,0,0,0,0,0,0,0,0,0,0,0,0,0,0,0,0,0,0,0,0,0,0,0,0,1,0,0,0,0,0,0,0,0,1,0,0,0,0,0,0,0,0,0,0,0,0,0,0,0,0,0,0,0,0,0,0,0,0,0,0,0,0,0,0,1,0,0,0,0,0,0,0,0,0,0,0,0,0,1,0,0,0,0,0,0,0,0,0,0,0,0,0,0,0,0,0,0,0,0,0,0,0,0,0,0,0,0,1,0,0,0,0,0,0,0,0,0,0,1,0,0,0,0,0,0,0,0,0,0,0
8.112,14,1.0,7.64000960220762e-18,3.2790078515470146e-17,1.0127616179432628,0.8582317046092511,0.5097169864384854,3.9501001971495616e-17,0.5767700768485404,0.7822706551795509,-0.5854700814497507,0.1157231452208289,0.5493113850234694,-0.6184006465841645,0.1014819898701826,-0.3789408140226044,0.4635884342761415,0.4265338384103033,0.8746963419575764,-0.1298381511136671,0.4604736677423784,0.4145936770640259,-0.7065555712766093,0.4917644337184851,0.4462531777991977,0.1879796933036623,-0.7762533803419431,-0.4756428448666489,0.4340529837214016,-0.173079488802314,0.7510034844828631,-0.4181849321336746,0.4296995300579688,0.1625562228419929,0.7953634321781593,-0.4743108469204052,0.4295744881036188,0.2478400223456607,-0.5742448422726412,0.572905770826347,0.428124009303808,0.5291663617110434,-0.7525457250374471,-0.2738571577284925,0.4195697687015223,0.2803860769391599,0.8935537304196476,0.0301441057322357,0.4039994700282122,0.2593260466214677,-0.5872545935329038,0.6501904427183675,0.4022933084059863,0.8792279478349073,-0.3641784589530735,0.162332045156369,0.389319421829484,0.91619615636395,0.3603239165710342,0.1147218435065424,0.3789530096888779,-0.3351569606596121,-0.4500439186136177,-0.5701494659697666,0.3731515699249835,0.4380672445054255,0.8446429085809285,0.0287768328455416,0.361289668802041,-0.8064388444522259,-0.1035383826729082,-0.2121268236307348,0.3123047860024872,0.2732221449918272,0.6373204228472575,-0.5881692867737142,0.2919529691410501,0.566771009770194,-0.7155191934437577,-0.271629518150942,0.2608755235536223,-0.584858259091261,-0.4663612374787499,0.1518831453807515,0.2581210191396169,-0.6987188648784264,0.4229482847746323,0.1284865378158826,0.2474020863121663,-0.679621674166781,-0.6026677926716992,-0.2665582091447449,0.2231391484863591,0.3214813820065094,-0.7248012057118848,0.4964148681322874,0.2182014083370808,-0.837051088094457,-0.4182336234136838,-0.0313754536991441,0.2148740053356684,0,0,0,0,0,0,0,0,1,0,0,0,0,0,0,0,0,0,0,0,0,0,0,0,0,0,0,0,0,0,0,1,0,0,0,0,0,0,0,0,0,0,0,0,0,0,0,1,0,0,0,0,0,0,0,0,0,0,0,0,1,0,0,0,0,0,0,0,0,0,0,0,0,0,0,0,0,0,0,0,0,0,0,0,0,0,0,0,1,0,0,0,0,0,0,0,0,0,0,0,0,0,0,1,0,0,0,0,0,0,0,0,0,0,0,0,0,0,0,0,0,1,0,0,0,0,0,0,0,0,0,0,0,0,0,0,0,0,0,0,0,0,0,0,0,0,0,0,0,0,0,0,0,0,0,0,1,0,0,0,0,0,0,0,0,0,0,1,0,0,0,0,0,0,0,0,0,0,0,0,0,0,0,1,0,0,0,0,0,0,0,0,0,0,0,0,0,0,0,0,0,0,0,0,0,0,0,0,1,0,0,0,0,0,0,0,0,0,0,0,0,0,0,1,0,0,0,0,0,0,0,0,0,0,0,0,0,0,0,0,0,0,0,0,0,0,0,0,1,0,0,0,0,0,0,0,0,0,0,0,0,0,0,0,0,0,0,0,0,0,0,0,0,0,0,0,1,0,0,0,0,0,0,0,0,0,0,1,0,0,0,0,0,0,0,0,0,0,0,0,0,0,0,0,0,1,0,0,0,0,0,0,0,0,0,0,0,0,0,0,0,0,0,0,0,0,0,1,0,0,0,0,0,0,0,0,0,0,0,0,0,0,0,0,0,0,0,0,0,0,0,1,0,0,0,0,0,0,0,0,0,0,0,0,0,0,0,0,1,0,0,0,0,0,0,0,0,0,0,0,0,0,0,0,0,0,0,0,1,0,0,0,0,0,0,0,0,0,0,0,0,0,0,0,0,0,0,0,1,0,0,0,0,0,0,0,0,0,0,0,1,0,0,0,0,0,0,0,0,0,0,0,0,0,0,0,0,0,0,0,0,0,0,0,0,0,0,1,0,0,0,0,0,0,0,0,0,0,0,0,0,0,0,0,0,0,1,0,0,0,0,0,0,0,0,0,0,0,0,0,0,0,0,0,0,0,0,0,1,0,0,0,0,0,0,0,0,0,0,0,0,0,0,0,0,0,0,0,1,0,0,0,0,0,0,0,0,0,0,0,0,0,0,0,0,0,0,0,1,0,0,0,0,0,0,0,0,0,0,0,0,0,0,0,0,0,1,0,0,0,0,0,0,0,0,0,0,0,0,0,0,0,0,0,0,0,0,1,0,0,0,0,0,0,0,0,0,0,0,0,0,0,0,0,0,0,0,0,0,0,0,0,0,0,0,0,1,0,0,0,0,1,0,0,0,0,0,0,0,0,0,0,0,0,0,0,0,0,0,0,0,0,0,0,0,1,0,0,0,0,0,0,0,0,0,0,0,0,0,0,0,0,0,0,0,0,0,1,0,0,0,0,0,0,0,0,0,0,0,0,0,0,0,0,0,0,1,0,0,0,0,0,0,0,0,0,0,0,0,0,0,1,0,0,0,0,0,0,0,0,0,0,0,0,0,0,0,0,0,0,1,0,0,0,0,0,0,0,0,0,0,0,0,0,0,0,0,0,0,0,0,0,0,0,0,0,0,0,0,0,0,0,0,0,0,0,0,1,0,0,1,0,0,0,0,0,0,0,0,0,0,0,0,0,0,0,0,0,0,0,0,0,0,0,0,0,0,0,0,0,0,0,0,0,0,0,0,0,0,1,0,0,0,0,0,0,0,0,0,0,0,1,0,0,0,0,0,0,0,0,0,1,0,0,0,0,0,0,0,0,0,0,0,0,0,0,0,0,0,0,0,0,0,0,0,0,0,0,1,0,0,0,0,0,0,0,0,0,0,0,0,0,0,1,0,0,0,0,0,0,0,0,0,0,0,0,0,0,0,0,0,0,0,0,0,0,0,0,0,0,0,0,0,0,0,0,1,0,0,0,0,1,0,0,0,0,0,0,0,0,0,0,0,0,0,0,0,0,0,0,0,0,0,0,0,0,0,0,0,0,0,1,0,0,0,0,0,0,0,0,0,0,0,0,0,0,0,0,1,0,0,0,0,0,0,0,0,0,0,0,0,0,0,0,1,0,0,0,0,0,0,0,0,0,0,0,0,0,0,0,0,1,0,0,0,0,0,0,0,0,0,0,0,0,0,0,0,0,0,0,0,0,0,1,0,0,0,0,0,0,0,0,0,0,0,0,0,0,0,0
7.849,15,1.0,1.919411271342757e-17,1.6557938706265686e-17,1.008385555897614,0.8470623995506733,0.5310951131897725,1.443082241770109e-17,0.5433545817950198,0.8025879865142487,-0.586624542928264,0.0775647824609931,0.5381553920173074,-0.0194734027002515,0.9891939983156208,-0.0096406144831384,0.5109383716147217,0.0271312940043867,-0.8816442632800874,-0.4281115508805205,0.463427860492967,0.4076341519576513,0.9050675494751952,-0.0951721376907191,0.4433218174233725,0.4591109521571385,-0.8213146350407168,-0.3131794663204304,0.4367185068047138,0.2026649354020282,-0.6952050980161691,0.601337286412402,0.4301375498875773,0.5250521873482332,-0.64561139539497,0.5367139620868511,0.4150653295331091,0.9271132526648248,-0.35215762639322,-0.0879803492605571,0.3923894285525772,-0.1834997055783588,0.4752579323803411,-0.8113004146277684,0.3735102288680495,0.9275399054821932,0.3658398136139903,0.0561138668407657,0.3615350457012544,0.2085945043920273,0.5687900365618372,-0.7575713739359949,0.3522395673076997,0.5147004361003532,-0.3604413150032648,0.726326860948728,0.3508296998502988,0.3412233455647254,0.8007921254110084,-0.482960790730577,0.3382030539865263,0.3541468960820945,-0.1805439985462815,0.8226386766748762,0.3261194709674647,0.4020912338095647,0.9010863241599024,0.1490276717083541,0.3060529111804492,0.4508181942222333,-0.1940663563971013,0.8147220804645031,0.3025827134056501,0.5181423091450167,-0.763806568537424,-0.3683924609946829,0.3016097102193826,0.4790334070826355,-0.7043920484331471,0.4726829833356111,0.297648059229906,-0.1677833028950006,0.1022118508097131,-0.973826844938036,0.286917206217652,0.3604086879990612,0.2507666868521477,-0.8926656860711917,0.2672939034911635,0.1288739600099777,0.040785677784712,-0.9846761207755268,0.253414737853307,0.2958858473450751,0.814295805973709,-0.4687520215019017,0.2471965017919387,0.4258100141357409,-0.2934595979420854,0.7708641806376129,0.242851073013466,0,0,0,0,0,0,0,0,0,0,0,0,0,0,0,0,0,0,0,1,0,0,0,0,0,0,0,0,0,0,0,1,0,0,0,0,0,0,0,0,0,0,0,0,0,0,0,0,1,0,0,0,0,0,0,0,0,0,0,0,1,0,0,0,0,0,0,0,0,0,0,0,0,0,0,0,0,0,0,0,0,0,0,0,0,0,0,0,0,0,0,0,0,0,0,0,0,0,0,1,0,0,0,1,0,0,0,0,0,0,0,0,0,0,0,0,0,0,0,0,0,0,0,0,0,0,0,0,1,0,0,0,0,0,0,0,0,0,0,0,0,0,0,0,0,0,1,0,0,0,0,0,0,0,0,0,0,0,0,0,0,0,0,0,0,0,0,0,0,0,0,0,0,0,0,0,0,0,0,1,0,0,0,0,0,0,0,0,0,0,0,0,0,0,0,0,1,0,0,0,0,0,0,0,0,0,0,0,1,0,0,0,0,0,0,0,0,0,0,0,0,0,0,1,0,0,0,0,0,0,0,0,0,0,0,0,0,0,0,0,0,0,0,0,0,0,0,0,0,0,0,0,0,0,0,0,0,0,0,1,1,0,0,0,0,0,0,0,0,0,0,0,0,0,0,0,0,0,0,0,0,0,0,0,0,0,0,0,0,0,0,0,0,0,0,0,0,0,0,1,0,0,0,0,0,0,0,0,1,0,0,0,0,0,0,0,0,0,0,0,0,0,0,0,0,0,0,0,0,0,0,0,0,0,0,0,0,0,0,1,0,0,0,1,0,0,0,0,0,0,0,0,0,0,0,0,0,0,0,0,0,0,0,0,0,0,0,0,0,0,0,0,0,0,0,0,0,0,0,1,0,0,0,0,0,0,1,0,0,0,0,0,0,0,0,0,0,0,0,0,0,0,0,0,0,0,0,0,1,0,0,0,0,0,0,0,0,0,0,0,0,0,0,0,0,0,0,0,0,0,0,0,0,0,0,0,0,0,0,0,0,0,0,0,0,0,0,0,1,0,0,0,0,0,0,0,0,0,0,0,0,0,0,0,0,0,0,0,0,0,0,0,0,0,0,0,1,0,0,0,0,0,0,0,0,0,0,0,1,0,0,0,0,0,0,0,0,0,0,0,0,0,0,0,1,0,0,0,0,0,0,0,0,0,0,0,0,0,0,0,0,0,0,0,0,0,0,0,0,0,0,0,0,0,0,0,0,0,0,1,0,0,0,1,0,0,0,0,0,0,0,0,0,0,0,0,0,0,0,0,0,0,0,0,0,0,0,0,1,0,0,0,0,0,0,0,0,0,0,0,0,0,0,1,0,0,0,0,0,0,0,0,0,0,0,0,0,0,0,0,0,0,0,0,0,0,0,0,0,0,0,0,0,0,0,0,0,0,0,1,0,0,0,0,0,0,0,0,1,0,0,0,0,0,0,0,0,0,0,0,0,0,0,0,0,0,0,0,1,0,0,0,0,0,0,0,0,0,0,0,0,0,0,0,0,0,0,0,0,0,0,1,0,0,0,0,0,0,0,0,0,0,0,0,0,0,0,0,0,0,0,0,0,0,0,0,0,0,0,1,0,0,0,0,0,0,0,0,1,0,0,0,0,0,0,0,0,0,0,0,0,0,0,0,0,0,1,0,0,0,0,0,0,0,0,0,0,0,0,0,0,0,0,0,0,0,0,0,0,0,0,1,0,0,0,0,0,0,0,0,0,0,0,0,0,0,0,0,0,0,0,0,0,0,0,0,0,0,0,1,0,0,0,1,0,0,0,0,0,0,0,0,0,0,0,0,0,0,0,0,0,0,0,0,0,0,0,0,1,0,0,0,0,0,0,0,0,0,0,0,0,0,1,0,0,0,0,0,0,0,0,0,0,0,0,0,0,0,0,0,0,0,0,0,0,0,0,0,1,0,0,0,0,0,0,0,0,0,0,0,0,0,0,0,1,0,0,0,0,0,0,0,0,0,0,0,0,0,0,0,0,0,0,0,0,0,0,0,1,0,0,0,0,0,0,0,0,0,0,0,0,0,0,0,0,0,0,0,0,0,0,0,0,1,0,0,0,0,0,0,0,0,0,0,0,0,0,0,1,0,0,0,0,0,0,0,0,0,0,0,0,0,0,0,0,0,0,0,1,0,0,0,0,0,0,0,0,0,0,0,0,0,0,0,0,0,0,0,0,0,0,0,0,0,0,0,0,0,0,1,0,0,0,0,0,0,0,0,1,0,0,0,0,0,0,0,0,0,0,0
8.997,16,1.0,-8.673371535448517e-18,2.5121449698643905e-17,1.0164587785520236,-0.5861112164777154,0.1293777166371075,0.0055309957828772,0.5880092377627075,0.8553697846680318,0.5157693686566199,1.6053318255120878e-17,0.5603319767057255,0.7639089604718029,-0.568043087054106,0.0051339444179818,0.5589706064356876,-0.1111802306628872,-0.9141860924613048,-0.3194743563215844,0.5116190410909711,0.1711214644251192,0.8284987865699958,0.2212194231732991,0.5060541935842671,0.3133584413115874,-0.8691445650459372,-0.2614401085102943,0.4689977341541271,0.4656082481640039,0.841995129696555,0.0183371046568502,0.4371677403035846,0.5909430052723856,-0.5546489975747059,0.43913888856199,0.4073112115531919,0.837187704675473,-0.3529625236510393,-0.1715566174241225,0.3945863023032265,0.9053578720120103,0.3712831110830346,-0.0077525590439325,0.37609057401601,-0.6889406439067223,0.0485392227249264,-0.0158963440315654,0.3740966007340043,0.5773681584111088,-0.4105697235680626,0.516976655939179,0.3595786635308058,-0.551650459325939,-0.6202542288822652,-0.3369400714576396,0.3536818679580306,0.3484327771548035,0.8262157919938984,-0.2940288072938554,0.3370985145043687,-0.3375408811451551,0.5729990992166754,0.2330105413647419,0.3315640752223263,0.2971635663378088,-0.8394025992069555,-0.2867633246906759,0.3135991495218128,0.1346687573149289,0.672298442939719,-0.5071119263866662,0.2996270113954715,-0.7113306307895202,-0.3956133631301235,-0.2947036800938004,0.2954900324786521,0.0106945498306214,-0.415537469947273,0.7532013234618595,0.2905720599277691,0.0039754794553132,0.5993359861225009,-0.5812870145783305,0.2786160893229665,0.1652607837694777,-0.508368964926926,0.7266806506994462,0.2773233908012667,0.030182918508964,0.5788960829711712,-0.531335831778728,0.2462746636167644,0.5432963174065082,-0.4540839094937319,0.5813694680564856,0.2372988177892999,-0.0590497715867734,-0.4842716673595982,0.6767531861686485,0.2348907209542049,0,0,0,0,0,0,1,0,0,0,0,0,0,0,0,0,0,0,0,0,0,0,0,0,0,0,0,0,0,0,0,1,0,0,0,0,0,0,0,0,0,0,0,0,0,0,0,0,0,0,0,0,0,0,0,0,0,0,0,1,0,0,0,0,0,0,0,0,0,0,0,0,0,0,0,0,1,0,0,0,0,0,0,0,0,0,0,0,0,0,0,0,0,0,0,0,0,0,0,1,1,0,0,0,0,0,0,0,0,0,0,0,0,0,0,0,0,0,0,0,0,0,0,0,0,0,1,0,0,0,0,0,0,0,0,0,0,0,0,0,0,0,0,1,0,0,0,0,0,0,0,0,0,0,0,0,0,0,0,0,0,0,0,0,0,0,1,0,0,0,0,0,0,0,0,0,0,0,0,0,0,0,0,0,0,0,0,0,0,0,0,0,0,0,0,0,1,0,0,0,0,0,0,0,0,0,0,0,0,0,0,0,0,0,0,0,0,0,0,1,0,0,0,0,0,0,1,0,0,0,0,0,0,0,0,0,0,0,0,0,0,0,0,0,0,0,1,0,0,0,0,0,0,0,0,0,0,0,0,0,1,0,0,0,0,0,0,0,0,0,0,0,0,0,0,0,0,0,0,0,0,0,0,0,0,0,0,0,0,0,0,0,0,0,0,0,0,0,0,1,0,0,0,1,0,0,0,0,0,0,0,0,0,0,0,0,0,0,0,0,0,0,0,0,0,0,1,0,0,0,0,0,0,0,0,0,0,0,0,0,0,0,0,1,0,0,0,0,0,0,0,0,0,0,0,0,0,0,0,0,0,0,0,0,0,0,1,0,0,0,0,0,0,0,0,0,0,0,0,0,0,0,0,0,0,0,1,0,0,0,0,0,0,0,0,0,0,0,0,0,0,0,0,0,0,0,0,0,0,0,0,0,0,0,0,0,0,0,0,1,0,0,0,0,0,0,0,0,0,0,0,0,0,0,0,0,1,0,0,0,0,0,0,0,0,0,0,0,0,0,0,0,0,0,0,0,0,0,0,1,1,0,0,0,0,0,0,0,0,0,0,0,0,0,0,0,0,0,0,0,0,0,0,0,0,0,1,0,0,0,0,0,0,0,0,0,0,0,0,0,0,0,0,0,0,0,0,0,1,0,0,0,0,0,0,0,0,0,0,0,0,0,0,0,0,0,0,0,0,0,0,0,0,0,0,0,0,0,0,1,0,0,0,0,0,1,0,0,0,0,0,0,0,0,0,0,0,0,0,0,0,0,0,0,0,0,0,0,0,0,0,0,0,0,0,0,0,0,0,1,0,0,0,1,0,0,0,0,0,0,0,0,0,0,0,0,0,0,0,0,1,0,0,0,0,0,0,0,0,0,0,0,0,0,0,0,0,0,0,0,0,0,0,0,0,0,1,0,0,0,0,0,0,0,0,0,0,0,0,0,0,0,0,0,0,0,1,0,0,0,0,0,0,0,0,0,0,0,0,0,0,0,0,0,0,0,0,0,0,0,0,1,0,0,0,0,0,0,0,0,0,0,0,0,0,0,0,0,0,0,0,0,0,0,0,0,0,0,0,1,0,0,0,1,0,0,0,0,0,0,0,0,0,0,0,0,0,0,0,0,0,0,0,0,0,0,0,0,0,0,0,0,0,0,0,0,0,0,0,1,0,0,0,0,0,0,0,0,0,0,0,1,0,0,0,0,0,0,0,0,0,0,0,0,0,0,1,0,0,0,0,0,0,0,0,0,0,0,0,0,0,0,0,0,0,0,0,0,1,0,0,0,0,0,0,0,0,0,0,0,0,0,0,0,0,0,0,0,0,0,0,0,0,0,0,0,0,0,0,1,0,0,0,0,0,0,0,0,1,0,0,0,0,0,0,0,0,0,0,0,0,0,0,0,0,0,1,0,0,0,0,0,0,0,0,0,0,0,0,0,0,0,0,1,0,0,0,0,0,0,0,0,0,0,0,0,0,0,0,0,0,0,0,0,0,0,0,0,0,0,0,0,0,0,0,0,0,0,0,1,0,0,0,0,0,0,0,0,1,0,0,0,0,0,0,0,0,0,0,0,0,0,0,0,0,0,1,0,0,0,0,0,0,0,0,0,0,0,0,0,0,0,0,0,0,0,0,0,1,0,0,0,0,0,0,0,0,0,0,0,0,0,0,0,0,0,1,0,0,0,0,0,0,0,0,0,0,0,0,0,0,0,0,0,0,0,0,0,1,0,0,0,0,0,0,0,0,0,0,0
8.663,17,1.0,-1.526863763636178e-17,1.93825308289436e-17,1.0079368005081242,0.8372797817868609,0.5453265108549196,1.1494708227566736e-18,0.5652111778462411,0.7939108315906908,-0.6052266058750794,-0.0171969445498062,0.5422752435572924,0.045492791650726,0.9495981983978344,0.2691004913435626,0.490429632198097,0.3616251398019238,-0.8740156045985372,0.3159737872981047,0.4573470616577373,0.3823051963875531,0.9207606483504448,-0.0162317332339163,0.4472345508065366,0.0565740170014484,-0.9271192596071692,0.2529971243922715,0.4456093847269823,0.2917692350301185,-0.5891892139315933,-0.7427316312304758,0.4053300340216795,0.1592161792787522,-0.9132968280998136,0.2438259847764342,0.4010960073333242,0.6074980626179565,-0.6227878500692651,-0.4850322682439146,0.4003939120401444,-0.047241164101351,0.7909431872248214,-0.5312289139433839,0.3914054584497991,0.8978183829543551,-0.4085448331123448,0.128030176454891,0.3820593530071091,0.1735755839328872,0.8666510406855717,-0.4471482571515305,0.3768515651203579,0.931607916201439,0.3582480873503018,-0.0062084573904048,0.3729122542561915,0.3306436199453273,-0.6915014429107395,0.6066218933589151,0.351140309348729,0.2196850890446262,0.6764234730191736,-0.6696997179964284,0.330062628486931,0.068884585943871,0.8554113925611719,-0.4086254021288754,0.3137420054208036,0.2773211151105889,-0.5248402881179159,0.7266203467530308,0.313019122850415,0.4492538270272711,0.8851392052295164,0.1118964851222078,0.2974494264927064,0.3628423109076762,-0.5460383396459836,0.6538950756952091,0.2932918099146838,0.2150654436471819,0.45357054699855,-0.7484402205998097,0.2895721030333767,0.6884283519594292,-0.5711198075408751,-0.4357446535742183,0.2873853678411904,0.6241200054179904,0.7658924234622482,0.0558676946141821,0.2690841937624593,0.201863129818192,0.5350502226134568,-0.741771693093045,0.2439558045815592,0.6183951486490566,0.1771323452742207,0.7199925045955899,0.2326681797179229,0,0,0,0,0,0,1,0,0,0,0,0,0,0,0,0,0,0,0,0,0,0,0,0,0,0,0,0,0,0,0,1,0,0,0,0,0,0,0,0,0,0,0,0,0,0,1,0,0,0,0,0,0,0,0,0,0,0,0,0,1,0,0,0,0,0,0,0,0,0,0,0,0,0,0,0,0,0,0,0,0,0,0,0,0,0,1,0,0,0,0,0,0,0,0,0,0,0,0,0,0,0,0,1,0,0,0,0,0,0,0,0,0,0,0,0,0,0,0,0,0,0,0,0,0,0,1,0,0,0,0,0,0,0,0,0,0,0,0,0,0,0,0,0,0,0,1,0,0,0,0,0,0,0,0,0,0,0,0,0,0,0,0,0,0,0,1,0,0,0,0,0,0,0,0,0,0,0,0,0,0,0,0,1,0,0,0,0,0,0,0,0,0,0,0,0,0,0,0,0,0,0,0,0,0,0,1,0,0,0,0,0,0,0,0,0,0,0,0,0,0,0,0,1,0,0,0,0,0,0,0,0,0,0,0,0,0,0,0,0,0,0,0,0,0,0,1,0,0,0,0,0,0,0,0,0,0,0,0,0,0,0,0,0,0,0,0,0,1,0,0,0,0,0,0,0,0,0,0,0,0,0,0,0,0,0,1,0,0,0,0,0,0,0,0,0,0,0,0,0,0,0,0,0,0,0,0,0,0,0,0,0,0,0,0,0,1,0,0,0,0,0,0,0,0,0,1,0,0,0,0,0,0,0,0,0,0,0,0,0,0,0,0,0,0,0,0,0,1,0,0,0,0,0,0,0,0,0,0,0,0,0,0,0,0,0,1,0,0,0,0,0,0,0,0,0,0,0,0,0,1,0,0,0,0,0,0,0,0,0,0,0,0,0,0,0,0,0,0,0,0,0,0,0,0,0,1,0,0,0,0,0,0,0,0,0,0,0,0,0,0,0,0,0,0,0,0,0,1,0,0,0,0,0,0,0,0,0,0,0,0,0,0,0,0,0,1,0,0,0,0,0,0,0,0,0,0,0,0,0,0,0,0,0,0,0,1,0,0,0,0,0,0,0,0,0,0,0,0,0,0,0,0,0,0,0,1,0,0,0,0,0,0,0,0,0,0,0,0,0,0,0,0,1,0,0,0,0,0,0,0,0,0,0,0,0,0,0,0,0,0,0,0,0,0,0,1,0,0,0,0,0,0,0,0,0,0,0,0,0,0,0,0,0,0,0,0,0,0,0,0,0,0,0,0,0,1,0,0,0,0,0,0,0,0,0,1,0,0,0,0,0,0,0,0,0,0,0,0,0,0,0,0,1,0,0,0,0,0,0,0,0,0,0,0,0,0,0,0,0,0,0,0,0,0,0,1,0,0,0,0,0,0,0,0,0,0,0,0,0,0,0,0,1,0,0,0,0,0,0,0,0,0,0,0,0,0,0,0,0,0,0,0,0,0,0,1,0,0,0,0,0,0,0,0,0,0,0,0,0,0,0,0,0,0,0,0,0,1,0,0,0,0,0,0,0,0,0,0,0,0,0,0,0,0,0,1,0,0,0,0,0,0,0,0,0,0,0,0,0,0,0,0,0,0,0,0,0,1,0,0,0,0,0,0,0,0,0,0,0,0,0,0,0,0,0,1,0,0,0,0,0,0,0,0,0,0,0,0,0,0,0,0,0,0,0,0,0,0,0,0,1,0,0,0,0,0,0,0,0,0,0,0,0,0,0,1,0,0,0,0,0,0,0,0,0,0,0,0,0,0,0,0,0,0,0,0,0,1,0,0,0,0,0,0,0,0,0,0,0,0,0,0,0,0,0,1,0,0,0,0,0,0,0,0,0,0,0,0,0,0,0,0,0,0,0,0,0,1,0,0,0,0,0,0,0,0,0,0,0,0,0,0,0,0,0,0,0,0,0,0,0,0,0,0,0,0,0,0,1,0,0,0,0,0,0,0,0,0,0,0,1,0,0,0,0,0,0,0,0,0,0,0,0,0,0,1,0,0,0,0,0,0,0,0,0,0,0,0,0,0,0,0,0,0,1,0,0,0,0,0,0,0,0,0,0,0,0,0,0,0,0,0,0,0,0,1,0,0,0,0,0,0,0,0,0,0,0,0,0,0,0,0,0,0,0,0,0,1,0,0,0,0,0,0,0,0,0,0,0,0,0,0,0,0,0,0,0,0,0,1,0,0,0,0,0,0,0,0,0,0,0,0,0,0,0,0,0,1,0,0,0,0,0,0,0,0,0,0,0
9.105,18,1.0,-2.518443677043534e-17,-2.5402005423134506e-17,1.01393183895185,0.8374711205006828,0.5395934593027356,-2.3044092756747968e-17,0.5847504332312194,-0.5262399563655423,-0.0988637745534474,0.5758675003337268,0.5727314128791486,0.7539284462273556,-0.5519355327966293,-0.2932192691029618,0.5646014915280178,0.1187900442803006,0.7542324503493519,0.570703684853312,0.5085071148466509,-0.1972103840408502,-0.8288121962192634,-0.4964934051693906,0.5084454578914727,0.2438519130127761,-0.7301902232768207,-0.6248280705785529,0.4910790199413681,0.4149515275436231,0.848688634478302,0.2721266351457446,0.46173591016185,0.3541278272775038,-0.8118292598919534,0.3185494851543973,0.4094215405786506,0.8250471638395197,-0.2671994435974377,-0.4046485986758235,0.404395960943755,0.6315361158273672,-0.7057278557026433,0.1118776910077217,0.3952332096002037,0.8763683405273698,0.4180001747962526,-0.1622145097681777,0.3837208637781236,-0.6575082664774458,-0.5924642681020718,-0.1100521696631772,0.3837114739378345,0.1262867532270763,0.9480971365508,-0.0656180665576424,0.3716614316128944,-0.6216507239007216,-0.1525864268529995,0.5145586107686649,0.367265488968633,0.2643817720096137,-0.5768564813265868,-0.7419342278780217,0.3360893308582592,-0.7361025329724613,-0.5160959848175983,-0.0276617981542151,0.3230107594489374,-0.249737656309155,0.4216141741089471,0.7236721331585776,0.3202281299488985,0.7779067037244215,-0.4086413510270746,0.3215414138608187,0.3184763562979382,0.0218460858662923,0.8889584696423486,-0.2900607174199001,0.2987732180450979,-0.1699070563847761,0.9105352392964372,0.0561309050105332,0.2800253660932111,0.4994733404018563,0.7626174478092999,0.3972734999044207,0.277503392547832,-0.7319781996171166,-0.3799684991999021,0.2553570708609634,0.2700425345314493,0.0047476437244747,0.9488661575317954,-0.2043727026667363,0.2519651763863375,0.7205272472850486,-0.1781335874510178,0.5791540234229916,0.215025205681436,0,0,0,0,0,0,0,0,0,0,0,0,0,0,0,0,0,0,0,1,0,0,0,0,0,0,0,0,0,0,0,1,0,0,0,0,0,0,0,0,0,0,0,0,0,0,1,0,0,0,0,0,0,0,0,0,0,0,0,0,1,0,0,0,0,0,0,0,0,0,0,0,0,0,0,0,0,0,0,0,0,0,0,0,0,0,0,0,0,0,0,0,1,0,0,0,0,0,0,0,0,0,0,0,0,0,0,0,0,0,0,0,0,0,0,0,1,0,0,0,0,0,0,0,0,0,0,0,0,0,0,0,0,0,0,0,0,0,0,1,0,0,0,1,0,0,0,0,0,0,0,0,0,0,0,0,0,0,0,0,0,0,0,0,0,0,1,0,0,0,0,0,0,0,0,0,0,0,0,0,0,0,0,0,0,0,1,0,0,0,0,0,0,0,0,0,0,0,0,0,0,0,0,0,0,0,0,0,0,0,0,0,0,0,0,0,0,0,0,1,0,0,0,0,0,0,0,0,0,0,0,0,0,0,0,0,1,0,0,0,0,0,0,0,0,0,0,0,0,0,0,0,0,0,0,0,0,0,0,1,1,0,0,0,0,0,0,0,0,0,0,0,0,0,0,0,0,0,0,0,0,0,0,0,0,0,1,0,0,0,0,0,0,0,0,0,0,0,0,0,0,0,0,1,0,0,0,0,0,0,0,0,0,0,0,0,0,0,0,0,0,0,0,0,0,0,0,0,0,0,0,0,0,0,0,0,0,0,0,1,0,0,0,0,0,0,0,0,1,0,0,0,0,0,0,0,0,0,0,0,0,0,0,0,0,0,0,0,0,0,0,0,0,0,0,0,0,0,0,1,0,0,0,0,0,0,1,0,0,0,0,0,0,0,0,0,0,0,0,0,0,0,0,0,0,0,0,0,0,0,0,0,0,0,0,0,0,0,0,1,0,0,0,1,0,0,0,0,0,0,0,0,0,0,0,0,0,0,0,0,0,0,0,0,0,0,1,0,0,0,0,0,0,0,0,0,0,0,0,0,0,0,0,0,0,0,0,0,0,0,0,0,0,0,0,0,1,0,0,0,0,0,0,0,0,0,0,0,0,0,0,0,1,0,0,0,0,0,0,0,0,0,0,0,0,1,0,0,0,0,0,0,0,0,0,0,0,0,0,0,0,0,0,0,0,0,1,0,0,0,0,0,0,0,0,0,0,0,0,0,0,0,0,1,0,0,0,0,0,0,0,0,0,0,0,0,0,0,0,0,0,0,0,0,0,0,0,0,0,0,0,0,1,0,0,0,0,0,0,0,1,0,0,0,0,0,0,0,0,0,0,0,0,0,0,0,0,0,0,0,0,0,0,0,0,0,1,0,0,0,0,0,0,0,0,0,0,0,0,0,0,0,0,0,0,0,0,0,0,0,0,1,0,0,0,0,0,0,0,0,0,0,0,0,0,0,0,0,0,0,0,0,1,0,0,0,0,0,0,0,0,0,0,0,0,0,0,0,0,0,0,1,0,0,0,0,0,0,0,0,0,0,0,0,0,0,0,0,0,0,1,0,0,0,0,0,0,0,0,0,0,0,0,0,0,0,1,0,0,0,0,0,0,0,0,0,0,0,0,0,0,0,0,0,0,0,0,0,0,0,0,0,0,0,0,0,0,0,0,1,0,0,0,1,0,0,0,0,0,0,0,0,0,0,0,0,0,0,0,0,0,0,0,0,0,0,1,0,0,0,0,0,0,0,0,0,0,0,0,0,0,0,0,0,0,0,0,0,1,0,0,0,0,0,0,0,0,0,0,0,0,0,0,0,0,0,1,0,0,0,0,0,0,0,0,0,0,0,0,0,0,0,0,1,0,0,0,0,0,0,0,0,0,0,0,0,0,0,0,0,0,0,0,0,0,0,1,0,0,0,0,0,0,0,0,0,0,0,0,0,0,0,0,0,0,0,0,0,0,0,0,1,0,0,0,0,0,0,0,0,0,0,0,0,0,0,0,0,0,0,0,0,1,0,0,0,0,0,0,0,0,0,0,1,0,0,0,0,0,0,0,0,0,0,0,0,0,0,0,0,0,0,0,0,0,0,1,0,0,0,0,0,0,0,0,0,0,0,0,0,0,0,0,0,0,0,0,0,1,0,0,0,0,0,0,0,0,0,0,0,0,0,0,0,0,0,0,0,0,0,0,0,0,0,0,0,0,0,0,1,0,0,0,0,0,0,0,0,1,0,0,0,0,0,0,0,0,0,0,0
7.686,19,1.0,-1.1011151617114389e-17,-2.6219726362933214e-17,1.0109133429482795,0.7808175883999847,-0.5691872708094211,0.2014961529132769,0.5494439925831636,0.8685431393853801,0.494136024974899,-7.736993887185613e-18,0.5487203063003753,0.0442746835979468,0.9254178982478278,-0.2554607191745802,0.5330610192393145,0.0213532014764058,-0.69471357495391,0.6396421844036347,0.4707882077599793,0.3710735885680721,-0.6591202513850621,0.6305363738097485,0.4554660397747628,0.4629889501251714,0.8513415628945411,-0.1979383748011001,0.4468964157308647,0.2292477178214557,-0.412835497307659,0.8281757743995641,0.4263183491298393,0.1992728942721555,-0.8613149881997602,-0.4244862008374644,0.4208059198430115,0.5509436147359069,-0.7822825915577736,-0.2143073125812395,0.4128768384314749,0.8903208857638468,-0.3414837946181711,0.2235864643010694,0.3818970730615761,0.916041515792868,0.3608514902375491,0.1259741184127429,0.3662655321929488,-0.5431558852058989,-0.5024402747686456,-0.4962667475321349,0.3605313256687389,0.4543779964169525,0.2295157037132998,-0.7965933998616189,0.3410913497905911,-0.4418453117272637,-0.6192634004792034,-0.4096572613531451,0.3339506093958245,0.4581757176404715,0.4121204022061681,-0.7613024516127757,0.3296768163145699,-0.6925161451729764,-0.168928355639429,-0.5072303760953171,0.323432647855736,0.3767524452062112,0.9060826998541808,0.0948817139173879,0.3227053942988319,0.4790033229047097,0.7083492977147628,-0.4971338337084051,0.3196502143811605,-0.4882000924729734,-0.6149012650206345,-0.4029434709651229,0.3179331779370372,-0.8387697035775733,-0.0323523382522069,-0.2334897320750134,0.31424014832735,0.5432943865433038,0.7859030143012791,0.2377533125675314,0.2950267119183835,0.640100361343299,-0.6971626742398145,-0.2292249019036862,0.291853798042346,-0.1815828962027786,0.958277269926924,0.0789850445880519,0.2697864960407847,0.3405828998969503,-0.7563018532264447,0.5202943277468041,0.265946310361024,0,0,0,0,0,0,1,0,0,0,0,0,0,0,0,0,0,0,0,0,0,0,0,0,0,0,0,0,0,0,0,1,0,0,0,0,0,0,0,0,0,0,0,0,0,0,1,0,0,0,0,0,0,0,0,0,0,0,0,0,0,0,0,1,0,0,0,0,0,0,0,0,0,0,0,0,0,0,0,0,0,0,0,0,0,0,0,0,0,0,0,0,0,0,0,0,0,0,0,1,1,0,0,0,0,0,0,0,0,0,0,0,0,0,0,0,0,0,0,0,0,0,0,0,0,0,0,0,0,0,0,0,0,0,0,0,0,0,0,1,0,0,0,0,0,0,1,0,0,0,0,0,0,0,0,0,0,0,0,0,0,0,0,0,0,0,1,0,0,0,0,0,0,0,0,0,0,0,0,0,0,0,0,0,0,0,0,0,1,0,0,0,0,0,0,0,0,0,0,0,0,0,0,0,0,0,1,0,0,0,0,0,0,0,0,0,0,0,0,0,0,0,0,1,0,0,0,0,0,0,0,0,0,0,0,0,0,0,0,0,0,0,0,0,0,0,0,0,0,0,0,0,0,0,0,0,0,0,0,1,0,0,0,1,0,0,0,0,0,0,0,0,0,0,0,0,0,0,0,0,0,0,0,0,0,0,1,0,0,0,0,0,0,0,0,0,0,0,0,0,0,0,0,0,0,0,0,0,1,0,0,0,0,0,0,0,0,0,0,0,0,0,0,0,0,0,1,0,0,0,0,0,0,0,0,0,0,0,0,0,0,0,0,0,0,0,0,0,0,0,0,0,0,0,0,0,1,0,0,0,0,0,0,0,0,0,1,0,0,0,0,0,0,0,0,0,0,0,0,0,1,0,0,0,0,0,0,0,0,0,0,0,0,0,0,0,0,0,0,0,0,0,0,0,0,0,1,0,0,0,0,0,0,0,0,0,0,0,0,0,0,0,0,0,0,0,1,0,0,0,0,0,0,0,0,0,0,0,0,0,0,0,0,0,0,0,0,0,0,0,0,0,0,0,0,0,0,0,0,1,0,0,0,0,0,0,0,0,0,0,0,0,0,0,0,0,1,0,0,0,0,1,0,0,0,0,0,0,0,0,0,0,0,0,0,0,0,0,0,0,0,0,0,0,0,0,0,0,0,0,0,0,0,0,0,1,0,0,0,0,0,0,0,0,0,0,0,0,0,0,0,0,0,0,0,0,0,0,0,1,0,0,0,0,0,0,0,0,1,0,0,0,0,0,0,0,0,0,0,0,0,1,0,0,0,0,0,0,0,0,0,0,0,0,0,0,0,0,0,0,0,0,0,0,0,1,0,0,0,0,0,0,0,0,0,0,0,0,0,0,0,0,0,0,0,0,0,0,0,0,0,0,0,0,0,0,0,0,0,1,0,0,0,1,0,0,0,0,0,0,0,0,0,0,0,0,0,0,0,0,0,1,0,0,0,0,0,0,0,0,0,0,0,0,0,0,0,0,0,0,1,0,0,0,0,0,0,0,0,0,0,0,0,0,0,0,0,0,0,0,0,0,0,0,0,0,0,0,0,0,0,0,0,0,0,0,0,0,0,1,0,0,0,0,0,0,0,0,0,0,0,1,0,0,0,0,0,0,0,0,0,0,0,0,0,0,0,0,0,0,0,0,0,0,0,0,0,0,0,1,0,0,0,1,0,0,0,0,0,0,0,0,0,0,0,0,0,0,0,0,0,1,0,0,0,0,0,0,0,0,0,0,0,0,0,0,0,0,0,0,0,0,0,0,0,1,0,0,0,0,0,0,0,0,0,0,0,0,0,0,0,1,0,0,0,0,0,0,0,0,0,0,0,0,0,0,0,0,0,0,0,0,0,0,0,0,0,0,0,0,0,0,0,0,0,1,0,0,0,0,0,0,0,0,0,0,0,0,0,0,0,0,0,0,0,0,0,0,0,1,0,0,0,0,0,1,0,0,0,0,0,0,0,0,0,0,0,0,0,0,0,0,0,0,0,0,0,0,0,0,1,0,0,0,0,0,0,0,0,0,0,0,0,0,0,0,0,0,0,0,0,1,0,0,0,0,0,0,0,0,0,0,0,0,0,0,1,0,0,0,0,0,0,0,0,0,0,0,0,0,0,0,0,0,0,0,0,0,0,0,0,0,0,0,0,0,1,0,0,0,0,0,0,0,0,0,1,0,0,0,0,0,0,0,0,0,0,0,0,0,0,0,0,1,0,0,0,0,0,0,0,0,0,0,0,0,0,0,0,0
8.709,20,1.0,1.7928886633461902e-17,2.051916035977701e-17,1.0145484878876383,-0.5672951700532545,0.0402791849111246,-0.3454689449661435,0.5842086807809584,0.8509596214361318,0.518785313238816,8.314901797954673e-18,0.5638380889834642,0.7587411510243993,-0.5815716208151428,0.0684330968238784,0.562186503219576,0.0969276666205223,0.8524690162665808,-0.102219720566789,0.5143623798114497,0.3955864252531542,-0.7134996358372122,0.4781684850387105,0.4513441500573266,0.1029841729887588,-0.8077100517531433,-0.4862352368985978,0.4467545696174003,0.4494362842018465,0.8498589121604285,-0.0781678306735255,0.4430082269004781,0.2732841565591705,-0.0414399093294054,0.8437553163759077,0.437419054882908,0.4674676905251247,-0.7553287112509911,-0.337048400521132,0.4350899650504195,0.8616163700191958,-0.330823790891603,0.0215863455264117,0.3947196451260124,0.2298399391607142,-0.8136682527665391,0.3954535765538711,0.3922352819286839,0.2181048331882846,-0.7978815513275122,0.4010580908689031,0.3867385558817053,0.89622241487416,0.3781637383568038,0.0770775796804015,0.3773813849542429,-0.6588686110120495,-0.0075082955416433,-0.3466583012127662,0.3716532515781482,0.3665782730983896,-0.3514635137093923,0.7445455856197087,0.3706528787557172,-0.4364894188551532,0.5991491628256795,-0.1000352225007193,0.3490469870406716,0.41774628805901,0.7824263865539843,-0.3561659152145018,0.3229784607328844,0.3897032246312848,0.8655468974892168,0.1770917088034378,0.3194311729519374,0.1701383173912786,0.4514111715221378,-0.7414655744925435,0.3081712801641073,0.3233917645405337,0.5748259779637052,-0.5876831552295373,0.2992637817049876,-0.551763545253914,-0.6070003938035836,-0.435315253240867,0.2494611736066677,0.1027437406641281,0.4687902011154619,-0.547665163434545,0.2213988013934501,-0.7683037581130931,-0.3995095713353285,0.1087335357333124,0.1905167400163623,-0.6970253038003519,-0.3817718184714161,-0.3926624931723754,0.1894829629060113,0,0,0,0,0,0,0,0,0,0,1,0,0,0,0,0,0,0,0,0,0,0,0,0,0,0,0,0,0,0,0,1,0,0,0,0,0,0,0,0,0,0,0,0,0,0,0,0,0,0,0,0,0,0,0,0,0,0,0,1,0,0,0,0,0,0,0,0,0,0,0,0,0,0,0,0,1,0,0,0,0,0,0,0,0,0,1,0,0,0,0,0,0,0,0,0,0,0,0,0,1,0,0,0,0,0,0,0,0,0,0,0,0,0,0,0,0,0,0,0,0,0,0,0,0,0,0,0,0,0,1,0,0,0,0,0,0,0,0,0,0,0,0,1,0,0,0,0,0,0,0,0,0,0,0,0,0,0,0,0,0,0,0,0,0,0,1,0,0,0,0,0,0,0,0,0,0,0,0,0,0,0,0,0,0,0,1,0,0,0,0,0,0,0,0,0,0,0,0,0,0,0,0,0,0,0,0,0,0,0,1,0,0,0,0,0,0,0,0,0,0,0,0,1,0,0,0,0,0,0,0,0,0,0,0,0,0,0,0,0,0,0,0,0,0,0,0,0,0,0,1,0,0,0,0,0,0,0,0,0,0,0,0,0,0,0,0,0,0,0,0,0,0,0,0,0,1,0,0,0,0,0,0,0,0,0,1,0,0,0,0,0,0,0,0,0,0,0,0,0,0,0,0,1,0,0,0,0,0,0,0,0,0,0,0,0,0,0,0,0,0,0,0,0,0,0,0,0,0,0,1,0,0,0,0,0,0,0,0,0,0,0,0,0,0,0,0,0,1,0,0,0,0,0,0,0,0,0,0,0,0,0,0,0,0,0,0,0,0,0,1,0,0,0,0,0,0,0,0,0,1,0,0,0,0,0,0,0,0,0,0,0,0,0,0,0,0,0,0,0,0,0,0,0,0,0,0,0,0,0,1,0,0,0,0,0,0,0,0,0,0,0,0,0,0,0,1,0,0,0,0,0,0,0,0,0,0,0,0,0,0,0,0,0,0,0,0,0,0,0,1,0,0,0,0,0,0,0,0,0,0,0,0,0,0,0,0,0,1,0,0,0,0,0,0,0,0,0,0,0,0,0,0,0,0,0,0,0,0,0,1,0,0,0,0,0,0,0,0,0,0,0,0,0,0,0,0,0,1,0,0,0,0,0,0,0,0,0,0,0,0,0,0,0,0,0,1,0,0,0,0,0,0,0,0,0,0,0,0,0,0,0,0,0,0,0,0,0,0,0,0,0,0,0,0,0,1,0,0,0,0,0,0,0,0,0,0,0,0,0,0,0,0,0,0,0,0,0,0,1,1,0,0,0,0,0,0,0,0,0,0,0,0,0,0,0,0,0,0,0,0,0,0,0,0,0,0,0,0,0,1,0,0,0,0,0,0,0,0,0,0,0,0,1,0,0,0,0,0,0,0,0,0,0,0,0,0,0,0,0,0,1,0,0,0,0,0,0,0,0,0,0,0,0,0,0,0,0,0,0,0,0,0,0,0,0,1,0,0,0,0,0,0,0,0,0,0,0,0,0,0,0,0,0,0,0,1,0,0,0,0,0,0,0,0,0,0,0,0,0,0,0,0,1,0,0,0,0,0,0,0,0,0,0,0,0,0,0,0,0,0,0,0,0,0,0,1,0,0,0,0,0,0,0,0,0,0,0,0,0,0,0,0,0,0,0,0,0,0,0,0,1,0,0,0,0,0,0,0,0,0,0,0,0,0,0,1,0,0,0,0,0,0,0,0,0,0,0,0,0,0,0,0,0,0,0,0,0,1,0,0,0,0,0,0,0,0,0,0,0,0,0,0,0,0,0,1,0,0,0,0,0,0,0,0,0,0,0,0,0,0,0,0,1,0,0,0,0,0,0,0,0,0,0,0,0,0,0,0,0,0,0,0,0,0,0,0,0,0,0,0,0,0,0,0,0,0,0,0,1,0,0,0,0,0,1,0,0,0,0,0,0,0,0,0,0,0,0,0,0,0,0,0,0,0,0,1,0,0,0,0,0,0,0,0,0,0,0,0,0,0,0,0,0,0,0,0,0,1,0,0,0,0,0,0,0,0,0,0,0,0,0,0,0,0,0,0,0,0,0,0,0,0,0,0,0,0,0,0,1,0,0,0,0,0,0,0,0,1,0,0,0,0,0,0,0,0,0,0,0,0,0,0,0,0,0,0,0,0,0,0,0,0,0,0,0,0,0,0,1,0,0,0,0,0,0,0,0,0,0,0,1,0,0,0,0,0,0,0,0
8.4,21,1.0,-4.8469392670667866e-18,-8.071680735812523e-18,1.009041963015773,0.779008455297548,-0.6228605757254193,-0.0168132005642526,0.5504342144375384,0.1195335924207544,0.9675578923769498,0.1960108105713066,0.5383486080223508,0.8818829022341846,0.470666390318049,-1.0897761898427189e-17,0.5257145728381933,-0.0574706300239092,-0.935110428772476,0.3221933485747192,0.4708265148517948,0.3796255319613245,-0.8374655649875805,0.3774267715312868,0.4482082332149189,0.4765215107900423,0.8769361494778736,-0.0097833176767561,0.4349656246501188,0.130363447260211,-0.7203823722872518,-0.6627887874127893,0.4234441043061627,0.5249441686876417,-0.6818316285310085,-0.4966500263897698,0.4216992793603255,0.20102748932863,-0.3498925507289826,0.8786646935055231,0.3884164915139096,0.3599721183327297,-0.5172509744680628,0.766369448647356,0.386162506498833,0.8956038337930081,-0.4326619502691401,0.0740686439251598,0.3784860592008524,0.2222709236890223,-0.4104812441128498,0.8338733095977325,0.3637103431774293,0.9534529047882316,0.2988013974954031,-0.0028308449592518,0.353264234693577,0.3743580041389548,0.833315068211643,-0.3983370758108263,0.3345858819181266,0.4849700521915584,0.8411282921779037,0.2280060463558509,0.3022040278237209,0.6461579338252772,-0.5824152933442373,-0.4794790263568776,0.3008615060909377,0.3834775513628942,0.7062187017656378,-0.5666122097622509,0.3001010168798675,0.3926793596423136,-0.8802672598855729,0.2441644351324362,0.2903346184724389,0.365279450251214,0.6891604654798676,-0.5801505099989226,0.2890192640788208,0.4967747137597709,-0.402938319243419,0.7245750396977626,0.2612009993444137,-0.0407284266668454,-0.0113835795730495,-0.979814870103788,0.2088403339214594,-0.1176263165998679,-0.1036281681028975,-0.8806037494561124,0.2062105309286175,0.0139034240601931,-0.0096536328579111,-0.9409524709756169,0.1932944686093196,-0.3688619695650887,0.8419737356085198,-0.3225654701061361,0.1851675264693477,0,0,0,0,0,0,0,0,0,1,0,0,0,0,0,0,0,0,0,0,0,0,0,0,0,0,0,0,0,0,0,1,0,0,0,0,0,0,0,0,0,0,0,0,0,0,0,0,0,1,0,0,0,0,0,0,0,0,0,0,0,0,0,1,0,0,0,0,0,0,0,0,0,0,0,0,0,0,0,0,0,0,0,0,0,0,0,0,0,0,1,0,0,0,0,0,0,0,0,0,0,0,0,0,0,0,1,0,0,0,0,0,0,0,0,0,0,0,0,0,0,0,0,0,0,0,0,0,0,0,1,0,0,0,0,0,0,0,0,0,1,0,0,0,0,0,0,0,0,0,0,0,0,0,0,0,0,0,0,0,0,0,0,0,0,0,0,0,0,1,0,0,0,0,0,0,0,0,0,0,0,0,0,0,0,0,0,0,1,0,0,0,0,0,0,0,0,0,0,0,0,0,0,0,0,0,0,0,0,1,0,0,0,0,0,0,0,0,0,0,0,0,0,1,0,0,0,0,0,0,0,0,0,0,0,0,0,0,0,0,0,0,0,0,0,0,0,0,0,0,1,0,0,0,0,0,0,0,0,0,0,0,0,1,0,0,0,0,0,0,0,0,0,0,0,0,0,0,0,0,0,0,0,0,0,0,0,0,0,1,0,0,0,0,0,0,0,0,0,0,0,0,0,0,0,0,0,0,0,0,0,0,0,0,0,0,1,0,0,0,0,0,0,0,0,0,0,0,0,1,0,0,0,0,0,0,0,0,0,0,1,0,0,0,0,0,0,0,0,0,0,0,0,0,0,0,0,0,0,0,0,0,0,0,0,0,0,0,0,1,0,0,0,0,0,0,0,0,0,0,0,0,0,0,0,0,0,0,1,0,0,0,0,0,0,0,0,0,0,0,0,0,0,0,0,0,0,0,0,1,0,0,0,0,0,0,0,0,0,0,0,0,0,1,0,0,0,0,0,0,0,0,0,0,0,0,0,0,0,0,0,0,0,0,0,0,0,0,0,1,0,0,0,0,0,0,0,0,0,0,0,0,0,0,0,0,1,0,0,0,0,0,0,0,0,0,0,0,0,0,0,0,0,0,0,0,0,0,0,1,0,0,0,0,0,0,0,0,0,0,0,0,0,0,0,0,0,0,1,0,0,0,0,0,0,0,0,0,0,0,0,0,0,0,0,0,0,0,0,0,1,0,0,0,0,0,0,0,0,0,0,0,0,0,0,0,0,0,0,0,0,0,0,0,0,0,1,0,0,0,0,0,0,0,0,0,0,0,0,0,1,0,0,0,0,0,0,0,0,0,0,0,0,1,0,0,0,0,0,0,0,0,0,0,0,0,0,0,0,0,0,0,0,0,0,0,0,0,0,0,1,0,0,0,0,0,0,0,0,0,0,0,0,0,0,0,0,0,0,0,0,1,0,0,0,0,0,0,0,0,0,0,1,0,0,0,0,0,0,0,0,0,0,0,0,0,0,0,0,0,0,0,0,0,0,0,0,0,0,0,0,1,0,0,0,0,0,0,0,0,0,0,0,0,0,0,0,0,0,0,1,0,0,0,0,0,0,0,0,0,0,0,0,0,0,0,0,0,1,0,0,0,0,0,0,0,0,0,0,0,0,0,0,0,0,0,0,0,0,1,0,0,0,0,0,0,0,0,0,0,0,0,0,1,0,0,0,0,0,0,0,0,0,0,0,0,0,0,0,0,0,0,0,0,0,0,0,0,0,0,1,0,0,0,0,0,0,0,0,0,0,0,0,0,0,0,0,0,1,0,0,0,0,0,0,0,0,0,0,0,0,0,0,0,0,0,0,0,0,1,0,0,0,0,0,0,0,0,0,0,0,0,0,1,0,0,0,0,0,0,0,0,0,0,0,0,0,0,0,0,0,0,0,0,0,0,0,0,0,0,1,0,0,0,0,0,0,0,0,0,0,0,0,1,0,0,0,0,0,0,0,0,0,0,0,0,0,0,0,0,0,0,0,0,0,0,0,0,0,0,1,0,0,0,0,0,0,0,0,0,0,0,0,0,0,0,0,0,1,0,0,0,0,0,0,0,0,0,0,0,0,0,0,0,0,0,0,0,0,0,1,0,0,0,0,0,0,0,0,0,0,0,0,0,0,0,0,0,1,0,0,0,0,0,0,0,0,0,0,0,0,0,0,0,0,0,0,0,0,0,1,0,0,0,0,0,0,0,0,0,0,0,0,0,0,0,0,0,1,0,0,0,0,0,0,0,0,0,0,0
8.78,22,1.0,1.0512751168233305e-17,5.4428504032392936e-18,1.0111541816196683,0.8281576361847328,0.5587787623172684,8.853223010250734e-18,0.5829419558140508,0.758065642809982,-0.448327451566113,-0.2910442836664718,0.5618694338107795,-0.2091619870545606,-0.5423485573072964,0.4807010781687667,0.5366651038340015,0.2361630567432359,0.559544123597447,0.4804100435313151,0.5029230018347641,-0.0701590507046854,-0.5889833736432744,-0.6314505336915313,0.4814972342724349,0.3536829700047832,-0.4915888875998087,-0.64107813348989,0.4615843367811129,0.4801781644870664,0.7481952223628685,0.2814563004302427,0.4546702245859471,0.5484977479421226,-0.7389895841123357,0.0192396039494232,0.4169213211134931,0.7997548725438897,-0.1966574150120792,-0.2917238569440975,0.3958107598509331,0.7904710948320702,0.5386091376253946,-0.1794989816683677,0.3926490353895724,0.409036134124228,-0.7173193347516797,0.071067108803979,0.3918628335116714,0.4239988189223372,-0.7829015175168196,0.1795267776348745,0.3829932816063662,-0.2677583223864915,0.7375291620511716,-0.1657495828444327,0.3785665025350411,-0.1894058648596563,0.8711504106678413,-0.0363351501640624,0.3675404239596944,-0.3554459383430931,-0.5897409588257057,0.4325774405357318,0.3640679006223299,-0.3791291161419312,0.7091182067404175,-0.1050446268658578,0.363118839693089,0.2220869053749323,0.8850353146467436,0.0836938253216333,0.3525243582248772,-0.1713859647880384,0.0613945604276335,0.5859718144307967,0.3426514108530298,0.5344340385057781,0.6767835887228705,0.3607384282992326,0.3142463478492954,-0.382035144014287,0.8883607103743227,-0.112621599645035,0.2842364917962671,-0.3802828498516669,-0.417981309618206,0.4836365712838729,0.2666042274152488,0.2486126510420329,-0.339948615823366,-0.8768763318807404,0.2575077296055269,0.2478048576966895,0.9614403493750898,0.0033268522133568,0.2404772812705336,-0.4146946690246079,-0.7901404585697865,0.3920986031778986,0.208930751866022,0,0,1,0,0,0,0,0,0,0,0,0,0,0,0,0,0,0,0,0,0,0,0,0,0,0,0,0,0,0,0,1,0,0,0,0,0,0,0,0,0,0,0,0,0,0,0,0,0,1,0,0,0,0,0,0,0,0,0,0,1,0,0,0,0,0,0,0,0,0,0,0,0,0,0,0,0,0,0,0,0,0,1,0,0,0,0,0,0,0,0,0,0,0,0,0,0,0,0,0,0,0,0,1,0,0,0,0,0,0,0,0,0,0,0,0,0,0,0,0,0,0,1,0,0,0,0,0,0,0,0,0,0,0,0,0,0,0,0,0,0,0,0,0,0,0,0,0,0,0,0,0,0,0,0,0,1,0,0,0,0,0,0,0,0,0,0,0,0,1,0,0,0,0,0,0,0,0,0,0,0,0,0,0,0,0,1,0,0,0,0,0,0,0,0,0,0,0,0,0,0,0,1,0,0,0,0,0,0,0,0,0,0,0,0,0,0,0,0,0,0,0,0,0,0,0,0,0,0,0,0,0,0,0,0,0,1,0,0,0,0,0,1,0,0,0,0,0,0,0,0,0,0,0,0,0,0,0,0,0,1,0,0,0,0,0,0,0,0,0,0,0,0,0,0,0,0,0,0,0,0,0,0,0,0,0,0,0,0,1,0,0,0,0,0,0,0,0,0,0,0,0,0,1,0,0,0,0,0,0,0,0,0,0,0,0,0,0,0,0,0,0,1,0,0,0,0,0,0,0,0,0,0,0,0,0,0,0,0,0,0,0,0,1,0,0,0,0,0,0,0,0,0,0,0,0,0,0,0,0,0,0,1,0,0,0,0,0,0,0,0,0,0,0,0,0,0,0,0,0,0,0,0,0,0,0,1,0,0,0,0,0,0,0,0,0,0,0,0,0,0,0,0,0,0,0,0,0,0,1,0,0,0,0,0,0,0,0,0,0,0,0,0,0,0,0,0,0,0,0,0,0,0,0,0,0,1,0,0,0,0,0,1,0,0,0,0,0,0,0,0,0,0,0,0,0,0,0,0,0,0,0,0,0,0,0,0,0,1,0,0,0,0,0,0,0,0,0,0,0,0,0,1,0,0,0,0,0,0,0,0,0,0,0,0,0,0,0,0,0,0,0,0,0,0,0,0,0,1,0,0,0,0,0,0,0,0,0,0,0,0,0,0,0,0,0,0,0,0,1,0,0,0,0,0,0,0,0,0,0,0,0,0,0,0,0,0,0,1,0,0,0,0,0,0,0,0,0,0,0,0,0,0,0,0,0,0,0,0,1,0,0,0,0,0,0,0,0,0,0,0,0,0,1,0,0,0,0,0,0,0,0,0,0,0,0,0,0,0,0,0,0,1,0,0,0,0,0,0,0,0,0,0,0,0,0,0,0,0,0,1,0,0,0,0,0,0,0,0,0,0,0,0,0,0,0,0,0,0,0,0,0,0,0,0,0,0,0,0,1,0,0,0,0,0,0,0,0,0,0,0,0,0,0,0,0,0,0,1,0,0,0,0,0,0,0,0,0,0,0,0,0,0,0,0,0,0,0,0,1,0,0,0,0,0,0,0,0,0,0,0,0,0,1,0,0,0,0,0,0,0,0,0,0,0,0,0,0,0,0,0,0,0,0,0,0,0,0,0,0,0,0,0,0,0,1,0,0,0,0,0,0,0,0,0,0,1,0,0,0,0,0,0,0,0,0,0,0,0,0,0,0,0,0,0,0,0,0,0,1,0,0,0,0,0,0,0,0,0,0,0,0,0,0,0,0,0,0,0,0,0,1,0,0,0,0,0,0,0,0,0,0,0,0,0,0,0,0,0,1,0,0,0,0,0,0,0,0,0,0,0,0,0,0,0,0,0,0,1,0,0,0,0,0,0,0,0,0,0,0,0,0,0,0,0,0,0,0,0,0,0,0,0,0,0,1,0,0,0,0,0,0,0,0,0,0,0,0,0,0,0,1,0,0,0,0,0,0,0,0,0,0,0,1,0,0,0,0,0,0,0,0,0,0,0,0,0,0,0,0,0,0,0,0,0,0,0,0,0,0,0,1,0,0,0,0,0,0,0,0,0,0,0,0,0,0,0,0,0,1,0,0,0,0,0,0,0,0,0,0,0,0,0,0,0,0,0,0,1,0,0,0,0,0,0,0,0,0,0,0,0,0,1,0,0,0,0,0,0,0,0,0,0,0,0,0,0,0,0,0,0,0,0,1,0,0,0,0,0,0,0,0,0,0,0,0,0,0,0,0
8.319,23,1.0,-7.133395948082267e-18,-1.3212416907008033e-17,1.0096854669688589,0.7978101157098886,0.6010363261911577,4.094652445264635e-18,0.576607136328843,0.7881979141385574,-0.5144529426159244,0.325012318714018,0.5455965085313805,0.0173198961386405,0.8436305728289482,-0.4936370402815838,0.5250985621219548,-0.0953259781605402,-0.9105015826518208,-0.3707986925450272,0.5127620967362903,0.2593384056247946,-0.8051153365790122,0.5286779734004612,0.4837470973242523,-0.1132953814689231,-0.9808812162285891,0.1118473278330981,0.4623722511839426,0.3780266796155477,0.8745978356866482,-0.2898019281954896,0.4453098441299908,0.099547691411321,-0.6701267875745833,0.6828265373975146,0.4127351176071102,0.7791317539925606,-0.2874601229312095,0.5396271358074615,0.3929008187832675,0.8444770957341008,0.4781939693457255,0.2122149742979941,0.3852355998537794,0.1733585582362546,-0.7007116434203577,0.6450700753854925,0.380057039996249,0.5287842163718885,0.1721175154636651,-0.8001797735719197,0.3688838098022856,0.7878092487613022,-0.5969459318823213,-0.0558988352222099,0.3650888035274818,-0.3582425782037206,0.8789686976952572,0.0889664152208623,0.3570158371015483,0.8049390862660116,-0.3817919136740363,-0.4191310338088844,0.3408762458382894,0.224358604286788,0.9634793241432116,-0.0010034520996065,0.3303376712138531,-0.3065025506462832,-0.9274030656967468,0.1775915268313665,0.3278822134663505,0.8944980455307675,-0.130208809183517,-0.3485249680187529,0.3238495782393282,-0.0786894029671814,0.966665507999827,0.0987948367282075,0.3148495815163819,0.4724235996479977,0.7040238224989094,-0.5178177787056598,0.313575649662791,0.235971202559858,-0.5429947148365409,-0.7857553437694222,0.2878162577193278,0.544526747249572,0.402814496805205,-0.7159699691834422,0.2755141925026151,0.3762565536865409,0.9033024666673536,0.1564285000635779,0.2378627554225225,0.6905774712213592,-0.7028433737172874,0.0543126224904505,0.2224746575964404,0,0,0,1,0,0,0,0,0,0,0,0,0,0,0,0,0,0,0,0,0,0,0,0,0,0,0,0,0,0,0,1,0,0,0,0,0,0,0,0,0,0,1,0,0,0,0,0,0,0,0,0,0,0,0,0,0,0,0,0,1,0,0,0,0,0,0,0,0,0,0,0,0,0,0,0,0,0,0,0,0,0,0,1,0,0,0,0,0,0,0,0,0,0,0,0,0,0,0,0,0,0,0,1,0,0,0,0,0,0,0,0,0,0,0,0,0,0,0,0,0,0,1,0,0,0,0,0,0,0,0,0,0,0,0,0,0,0,0,0,0,0,0,0,0,0,1,0,0,0,0,0,0,0,0,0,0,0,0,0,0,0,0,1,0,0,0,0,0,0,0,0,0,0,0,0,0,0,0,0,0,0,0,0,0,0,0,0,0,0,0,0,0,0,0,0,1,0,0,0,0,0,0,1,0,0,0,0,0,0,0,0,0,0,0,0,0,0,0,0,0,0,0,1,0,0,0,0,0,0,0,0,0,0,0,0,0,0,0,0,0,0,0,1,0,0,0,0,0,0,0,0,0,0,0,0,0,0,0,0,1,0,0,0,0,0,0,0,0,0,0,0,0,0,0,0,0,0,0,0,0,0,1,0,0,0,0,0,0,0,0,0,0,0,0,0,0,0,0,0,0,0,0,1,0,0,0,0,0,0,0,0,0,0,0,0,0,0,0,0,0,0,0,1,0,0,0,0,0,0,0,0,0,0,0,0,0,0,0,0,0,0,0,0,0,0,0,0,1,0,0,0,0,0,0,0,0,0,0,0,0,0,0,1,0,0,0,0,0,0,0,0,0,0,0,0,0,0,0,0,0,0,0,0,0,0,1,0,0,0,0,0,0,0,0,0,0,0,0,0,0,0,1,0,0,0,0,0,0,0,0,0,0,0,0,0,0,0,0,0,0,0,0,0,0,0,0,0,0,0,0,0,0,0,0,0,1,0,0,0,0,0,0,1,0,0,0,0,0,0,0,0,0,0,0,0,0,0,0,0,0,0,0,0,0,0,0,0,1,0,0,0,0,0,0,0,0,0,0,0,0,0,1,0,0,0,0,0,0,0,0,0,0,0,0,0,0,0,0,0,0,0,0,0,0,0,0,0,0,0,0,0,0,0,0,0,1,0,0,0,0,0,0,1,0,0,0,0,0,0,0,0,0,0,0,0,0,0,0,0,1,0,0,0,0,0,0,0,0,0,0,0,0,0,0,0,0,0,0,0,0,0,0,0,0,0,0,0,0,1,0,0,0,0,0,0,0,0,0,0,0,0,0,0,0,0,0,0,0,0,0,0,0,0,0,0,1,0,0,0,0,0,0,0,0,0,0,1,0,0,0,0,0,0,0,0,0,0,0,0,0,0,0,0,0,0,0,0,0,0,0,1,0,0,0,0,0,0,0,0,0,0,1,0,0,0,0,0,0,0,0,0,0,0,0,0,0,0,0,0,0,0,0,0,0,0,0,0,0,0,0,1,0,0,0,0,0,0,0,0,0,0,0,1,0,0,0,0,0,0,0,0,0,0,0,0,0,0,0,0,0,0,0,0,0,0,0,0,0,0,0,0,0,0,0,0,1,0,0,0,0,0,0,0,0,0,0,1,0,0,0,0,0,0,0,0,0,0,0,0,0,0,0,0,0,1,0,0,0,0,0,0,0,0,0,0,0,0,0,0,0,0,0,0,0,0,0,0,0,1,0,0,0,0,0,0,0,0,0,0,1,0,0,0,0,0,0,0,0,0,0,0,0,0,0,0,0,0,0,0,0,0,1,0,0,0,0,0,0,0,0,0,0,0,0,0,0,0,0,0,0,0,0,1,0,0,0,0,0,0,0,0,0,0,0,0,0,0,0,0,0,0,0,0,0,0,0,0,0,0,0,0,0,0,0,1,0,0,0,0,0,0,0,0,0,1,0,0,0,0,0,0,0,0,0,0,0,0,0,0,0,0,1,0,0,0,0,0,0,0,0,0,0,0,0,0,0,0,0,0,1,0,0,0,0,0,0,0,0,0,0,0,0,0,0,0,0,0,0,0,0,0,1,0,0,0,0,0,0,0,0,0,0,0,0,0,0,0,0,0,0,0,0,0,0,1,0,0,0,0,0,0,0,0,0,0,0,0,0,0,0,0,0,1,0,0,0,0,0,0,0,0,0,0,0,0,0,0,0,0,0,0,0,0,0,0,0,0,0,0,0,0,0,0,0,0,1,0,0,0
8.324,24,1.0,-1.3496178446218357e-17,-1.7307520963840202e-17,1.0103488694902154,0.6976191566726667,-0.4501415312143985,-0.5011568299703868,0.5980894284872693,0.7334962945373407,0.6730447631537737,-9.81146259852776e-18,0.5703197261697637,0.4176729221166249,-0.4648005877586909,-0.6600383660468362,0.4786263708205744,0.482039631110234,-0.3629764638085206,-0.6522989236260671,0.4695550749699098,0.2012585979241332,-0.5551435173606534,0.5560275790071085,0.461222979218101,0.2582998278190481,0.4842109605736848,0.7159538625547943,0.4433511512565145,0.4159866921649788,0.78802331832955,0.39940850736844,0.4342442846201106,-0.1472642114356508,0.3235177393496885,0.7580512407739818,0.4177812900643962,-0.4160422929278194,0.4630271049788249,0.5626993448720979,0.4116992518770291,0.6923322494443658,0.6433409704681433,-0.2542721332166425,0.3902318855118162,-0.1042343894223475,-0.623948007637284,0.5510484164203396,0.3894809061091564,0.141128147926961,0.9163163593366688,0.2508871556897697,0.3772455700192802,0.7516671668092691,-0.5271434578271174,-0.2200169898574564,0.3704965570031192,0.7760369463785036,-0.3344099896856629,0.3314992358061795,0.3625955791078024,0.7738517218838556,-0.4935816664688909,0.1391458836155909,0.3339947250198732,0.316284183078216,0.4025439513976094,0.7451572878942588,0.3238495782393282,-0.2921621914344173,-0.3548411079183408,0.6743079396308478,0.3196095100371107,-0.2060632340787177,0.0052313022958817,0.7910155343746055,0.3120067193093315,-0.1362642367495219,-0.8321427308897116,0.2808648803603576,0.2973993204375026,-0.7399078788704421,0.3670841367048984,-0.4085105724317563,0.2537165037163386,-0.5219390745051814,0.5152215150111931,-0.4638468619881587,0.2438499816840019,0.5222141354966213,0.7535535765437975,0.3728570050935057,0.2315994938806568,-0.2995489402976229,-0.8222914678949065,0.1283295238141326,0.2243655583397136,-0.1793665864893536,-0.922869866788285,0.1938805102690276,0.2231154162659986,0,0,0,0,0,0,0,1,0,0,0,0,0,0,0,0,0,0,0,0,0,0,0,0,0,0,0,0,0,0,0,1,0,0,0,0,0,0,0,0,0,0,0,0,0,0,0,1,0,0,0,0,0,0,0,0,0,0,0,0,0,0,0,1,0,0,0,0,0,0,0,0,0,0,0,0,0,0,0,0,0,0,0,1,0,0,0,0,0,0,0,0,0,0,0,0,0,0,0,0,1,0,0,0,0,0,0,0,0,0,0,0,0,0,0,0,0,0,0,0,0,0,0,0,0,0,0,1,0,0,0,0,0,0,0,0,0,0,0,0,0,0,0,0,0,0,1,0,0,0,0,0,0,0,0,0,0,0,0,0,0,0,0,0,0,0,0,1,0,0,0,0,0,0,0,0,0,0,0,0,0,0,0,0,0,0,1,0,0,0,0,0,0,0,0,0,0,0,0,0,0,0,1,0,0,0,0,0,0,0,0,0,0,0,0,0,0,0,0,0,0,0,0,0,0,0,0,0,0,0,0,0,0,0,0,0,1,0,0,0,0,0,0,1,0,0,0,0,0,0,0,0,0,0,0,0,0,0,0,0,0,0,0,0,0,0,0,0,0,0,0,1,0,0,0,0,0,0,0,0,0,0,0,1,0,0,0,0,0,0,0,0,0,0,0,0,0,0,0,0,0,0,0,1,0,0,0,0,0,0,0,0,0,0,0,0,0,0,0,0,0,0,1,0,0,0,0,0,0,0,0,0,0,0,0,0,0,0,0,0,1,0,0,0,0,0,0,0,0,0,0,0,0,0,0,0,0,0,0,0,0,0,1,0,0,0,0,0,0,0,0,0,0,0,0,0,0,0,0,0,0,0,0,0,0,0,0,0,0,0,0,0,0,0,0,0,1,0,0,0,0,0,0,1,0,0,0,0,0,0,0,0,0,0,0,0,0,0,0,0,0,0,0,0,0,0,0,0,0,0,0,0,0,0,0,0,1,0,0,0,0,0,1,0,0,0,0,0,0,0,0,0,0,0,0,0,0,0,0,0,1,0,0,0,0,0,0,0,0,0,0,0,0,0,0,0,0,0,0,0,0,0,0,1,0,0,0,0,0,0,0,0,0,0,0,0,0,0,0,0,0,0,0,0,0,0,1,0,0,0,0,0,0,0,0,0,0,0,0,0,0,0,0,0,0,0,0,1,0,0,0,0,0,0,0,0,0,0,0,0,1,0,0,0,0,0,0,0,0,0,0,0,0,0,0,0,0,0,0,0,0,0,0,0,0,0,0,0,0,0,0,0,0,0,0,1,0,0,0,0,0,0,0,0,0,1,0,0,0,0,0,0,0,0,0,0,0,0,0,0,0,0,0,0,0,0,0,0,0,0,0,0,0,0,0,1,0,0,0,0,0,0,0,0,0,0,0,0,0,0,0,1,0,0,0,0,0,0,0,0,0,0,0,1,0,0,0,0,0,0,0,0,0,0,0,0,0,0,0,0,0,0,0,0,0,1,0,0,0,0,0,0,0,0,0,0,0,0,0,0,0,0,1,0,0,0,0,0,0,0,0,0,0,0,0,0,0,0,0,0,0,0,0,1,0,0,0,0,0,0,0,0,0,0,0,0,0,0,0,0,0,0,1,0,0,0,0,0,0,0,0,0,0,0,0,0,0,0,0,0,0,0,0,1,0,0,0,0,0,0,0,0,0,0,0,0,0,0,0,0,0,0,1,0,0,0,0,0,0,0,0,0,0,0,0,0,0,0,0,0,0,0,0,0,0,0,0,0,0,0,0,1,0,0,0,0,0,0,0,0,0,0,1,0,0,0,0,0,0,0,0,0,0,0,0,0,0,0,0,0,0,0,0,0,0,0,0,0,0,0,0,1,0,0,0,0,0,0,0,0,0,0,1,0,0,0,0,0,0,0,0,0,0,0,0,0,0,0,0,0,0,0,0,0,0,1,0,0,0,0,0,0,0,0,0,0,0,0,0,0,0,0,0,1,0,0,0,0,0,0,0,0,0,0,0,0,0,0,0,0,0,0,0,1,0,0,0,0,0,0,0,0,0,0,0,0,0,0,0,0,0,0,1,0,0,0,0,0,0,0,0,0,0,0,0,0,0,0,0,0,0,0,0,0,0,1,0,0,0,0,0,0,0,0,0,0,0,0,0,0,0,0,1,0,0,0,0,0,0,0,0,0,0,0,0,0,0,0,0,0,0,0,0,0,0,1,0,0,0,0,0,0,0,0,0,0,0,0,0,0
8.638,25,1.0,-8.064254225163022e-20,4.29928277670281e-17,1.0170586220268842,0.808661532430364,0.5806491887709345,3.579147822877084e-17,0.5587964048955473,0.766023704135885,-0.5341617346578043,0.1488620502676995,0.5584840113075629,-0.0108027436196461,0.8151174277810795,-0.1300844402348379,0.4769744148933499,0.0232560228117867,-0.8655111933747976,0.2808027243489621,0.458770784002459,0.3892973952793899,-0.7391356064694288,0.4448212815242724,0.4537341808749672,-0.7624254082466092,-0.0485141964752271,0.3169384882704024,0.4439977771646714,0.422764877118752,0.8523421969924208,-0.1185772083827136,0.4345856192738394,-0.2288926112125873,0.1615771625584888,-0.5554749053762038,0.4258612362244771,0.5822381928662131,-0.6769613486915194,-0.1957570411739493,0.409373449845072,0.7751418959451928,-0.3044596323056148,0.2074518961053581,0.3991332166975667,0.5407272357399969,-0.4771334634868032,-0.4810219488943217,0.3876379521438824,0.2721225531988182,-0.6160894242163866,0.5040073306284725,0.3783296293081272,0.8461093358391734,0.4564346629134618,0.0832898304835748,0.3777704175659196,-0.2352076289520858,0.737724667186191,0.1438341059061035,0.3637800544288806,-0.060165889788479,0.7708867787625404,-0.3013820762377357,0.3625955791078024,0.678975563687052,-0.1613536227186135,-0.5176515806125476,0.3599553271986879,0.4154360124687565,-0.6526665405181065,0.5664373849144188,0.3459271713056965,-0.1791100058729719,-0.826003578322599,0.310620437758194,0.3405958079869271,0.4055592338772913,0.8557724905087805,-0.1108380822119995,0.3375843630731597,0.4654831519992883,0.8037956748616869,-0.1050394944528092,0.3353715193813313,-0.5817289065023709,0.3569118567507978,-0.138618913853923,0.3202211807865084,-0.7418198797817236,0.0881394106189065,0.3750560822201742,0.3028796990903795,-0.802742070663501,0.1292246224210064,-0.1960821820027481,0.2878162577193278,-0.2970361753596706,0.2243945357934337,-0.6118169710734171,0.2805620686897498,0,0,0,0,0,0,0,0,0,0,0,0,0,0,0,1,0,0,0,0,0,0,0,0,0,0,0,0,0,0,0,1,0,0,0,0,0,0,0,0,0,0,0,0,0,0,0,1,0,0,0,0,0,0,0,0,0,0,0,0,1,0,0,0,0,0,0,0,0,0,0,0,0,0,0,0,0,0,0,0,0,0,0,0,0,0,0,0,0,0,0,0,0,0,0,1,0,0,0,0,0,0,0,1,0,0,0,0,0,0,0,0,0,0,0,0,0,0,0,0,0,0,0,0,0,0,0,1,0,0,0,0,0,0,0,0,0,0,0,0,0,0,0,0,0,0,0,0,0,0,0,1,0,0,0,0,0,0,0,0,0,0,0,0,0,0,0,0,0,0,0,0,0,0,0,1,0,0,0,0,0,0,0,0,0,0,0,0,0,0,0,0,0,0,0,0,0,1,0,0,0,0,0,0,0,0,0,0,0,0,0,0,0,0,0,1,0,0,0,0,0,0,0,1,0,0,0,0,0,0,0,0,0,0,0,0,0,0,0,0,0,0,0,1,0,0,0,0,0,0,0,0,0,0,0,0,0,0,0,0,0,0,0,0,0,0,0,0,0,0,0,0,0,0,0,0,1,0,0,0,0,0,0,0,0,0,0,1,0,0,0,0,0,0,0,0,0,0,0,0,0,0,0,1,0,0,0,0,0,0,0,0,0,0,0,0,0,0,0,0,0,0,1,0,0,0,0,0,0,0,0,0,0,0,0,0,0,0,0,0,0,0,0,0,0,0,0,0,0,0,0,0,0,0,0,0,1,0,0,0,0,0,0,0,0,0,0,0,0,0,0,0,0,0,0,1,0,0,0,0,1,0,0,0,0,0,0,0,0,0,0,0,0,0,0,0,0,0,0,0,0,0,0,0,0,0,0,0,0,0,0,0,0,0,0,1,0,0,0,0,0,0,0,0,0,0,1,0,0,0,0,0,0,0,0,0,0,0,0,0,0,0,0,0,0,0,0,1,0,0,0,0,0,0,0,0,0,0,0,0,0,0,0,0,0,0,0,0,0,0,0,1,0,0,0,0,0,0,0,0,0,0,0,0,0,0,0,0,0,0,0,0,0,0,0,1,0,0,0,0,0,0,0,0,0,0,0,0,1,0,0,0,0,0,0,0,0,0,0,0,0,0,0,0,0,0,0,1,0,0,0,0,0,0,0,0,0,0,0,0,0,0,0,0,0,0,0,0,0,0,0,0,0,0,0,0,1,0,0,0,0,0,0,1,0,0,0,0,0,0,0,0,0,0,0,0,0,0,0,0,1,0,0,0,0,0,0,0,0,0,0,0,0,0,0,0,0,0,0,0,0,0,0,0,0,0,0,1,0,0,0,0,0,0,0,0,0,0,0,0,0,0,0,0,0,1,0,0,0,0,0,0,0,0,0,0,0,0,0,0,0,0,0,0,0,0,0,1,0,0,0,0,0,0,0,0,0,0,0,0,0,0,0,0,0,1,0,0,0,0,0,0,0,0,0,0,0,0,0,0,0,0,0,0,0,0,0,0,0,0,0,0,0,0,0,1,0,0,0,0,0,0,0,0,0,0,0,0,1,0,0,0,0,0,0,0,0,0,0,0,0,0,0,0,0,0,0,0,0,0,0,0,0,0,0,1,0,0,0,0,0,0,0,0,0,0,0,0,0,1,0,0,0,0,0,0,0,0,0,0,0,0,0,0,0,0,0,1,0,0,0,0,0,0,0,0,0,0,0,0,0,0,0,0,0,0,1,0,0,0,0,0,0,0,0,0,0,0,0,0,0,0,0,0,0,0,0,1,0,0,0,0,0,0,0,0,0,0,0,0,0,0,0,0,0,0,1,0,0,0,0,0,0,0,0,0,0,0,0,0,0,0,0,1,0,0,0,0,0,0,0,0,0,0,0,0,0,0,0,0,0,0,0,0,0,0,0,0,0,0,0,1,0,0,0,0,0,0,0,0,0,0,0,1,0,0,0,0,0,0,0,0,0,0,0,0,0,0,0,0,1,0,0,0,0,0,0,0,0,0,0,0,0,0,0,0,0,0,0,0,0,0,0,1,0,0,0,0,0,0,0,0,0,0,0,0,0,0,0,0,0,0,0,0,0,1,0,0,0,0,0,0,0,0,0,0,0,0,0,0,0,0,1,0,0,0,0,0,0,0,0,0,0,0,0,0,0,0,0,0,1,0,0,0,0,0,0,0,0,0,0,0,0,0,0,0,0,0,0,0
8.238,26,1.0,1.854306562149737e-18,-2.2392287336168202e-17,1.0051934672854892,0.8589317957851808,0.5071752711479325,-1.3321243311807405e-17,0.5761801349666679,0.7368086318076468,-0.5204980197505257,-0.3272241051075275,0.5746845538435194,0.4205309970614894,-0.6182093193425104,-0.4560006953188156,0.5065483920801422,0.5065507416697457,-0.4584104572240333,-0.5109200087392269,0.4826805434601337,0.4990891680604137,0.7765867034690791,0.2983138693247668,0.4502517987544338,0.2493455224629663,0.5904634812856376,0.6637589624800133,0.4488851405719272,0.241580957693906,0.93233350563016,0.0914865585646024,0.4087906876343538,0.8392964149723634,0.4247717828501754,-0.2373286717733982,0.4023996104166975,-0.2071650674831763,0.5890888464508401,0.6391885650799007,0.3969990220035922,-0.3924036043086029,0.7373035026052212,0.3810903452237287,0.3725606178032649,0.8039932545970132,-0.535635741086638,-0.076321356792424,0.3601919913928983,0.3686915390305318,0.3965075635647546,0.7295559055846451,0.3599553271986879,0.8933812710806753,-0.3653701365462788,0.105717320371489,0.3176345844010367,0.5871455977389298,0.6800391142918956,0.269729625022251,0.3010922241159071,0.1974926670954659,-0.2200412256573472,0.7313413572202404,0.2996944735845401,0.6584443415593587,0.4439592257379926,0.3709117340480102,0.2847118381733964,-0.3793389900495766,0.2532523387044103,0.8103837842573864,0.2798860516066607,0.6807460770554495,-0.6419357382035749,-0.1371971368227738,0.274114486050146,0.5391447746197204,-0.669463657656879,-0.3119110613367257,0.2694554204329314,0.0786856157662028,-0.5637824503723876,0.5620787025588155,0.2694459839082404,-0.5353470332179281,0.2164376901172808,0.7357898016339023,0.2626530634798072,0.5813273411117574,0.6701785802055429,0.199820775307474,0.2597933379091185,-0.5084336653443305,0.2281109853368637,0.7043944286162864,0.2550524408547061,0.5138282698803966,0.7564195672144802,0.1967165773011832,0.2526901091284884,0,0,0,0,0,0,0,1,0,0,0,0,0,0,0,0,0,0,0,0,0,0,0,0,0,0,0,0,0,0,0,1,0,0,0,0,0,0,0,0,0,0,0,0,0,0,0,0,0,0,0,0,0,0,0,1,0,0,0,0,1,0,0,0,0,0,0,0,0,0,0,0,0,0,0,0,0,0,0,0,0,0,0,0,0,0,0,1,0,0,0,0,0,0,0,0,0,0,0,0,0,0,0,1,0,0,0,0,0,0,0,0,0,0,0,0,0,0,0,0,0,0,0,0,0,0,0,1,0,0,0,0,0,0,0,0,0,0,0,0,0,0,0,0,0,0,1,0,0,0,0,0,0,0,0,0,0,0,0,0,0,0,0,0,0,0,0,1,0,0,0,0,0,0,0,0,0,0,0,0,0,0,0,0,0,0,1,0,0,0,0,0,0,0,0,0,0,0,0,0,0,0,0,0,0,0,0,0,0,0,0,0,0,0,0,1,0,0,0,0,0,0,0,1,0,0,0,0,0,0,0,0,0,0,0,0,0,0,0,0,0,0,0,0,0,0,0,0,0,0,0,0,0,0,0,1,0,0,0,0,0,0,0,0,0,0,0,0,0,0,0,1,0,0,0,0,0,0,0,0,0,0,0,0,0,0,0,0,0,0,0,0,0,0,0,1,0,0,0,0,0,0,0,0,0,0,1,0,0,0,0,0,0,0,0,0,0,0,0,0,0,0,0,0,0,0,0,0,0,0,0,0,0,0,0,1,0,0,0,0,0,0,0,0,0,0,0,0,0,0,0,0,0,0,0,0,1,0,0,0,0,0,0,0,0,0,0,1,0,0,0,0,0,0,0,0,0,0,0,0,1,0,0,0,0,0,0,0,0,0,0,0,0,0,0,0,0,0,0,0,0,0,0,0,0,0,0,1,0,0,0,0,0,0,0,0,0,0,0,0,0,0,0,0,0,0,0,0,0,0,0,0,0,0,0,0,1,0,0,0,0,0,0,0,0,0,0,1,0,0,0,0,0,0,0,0,0,0,0,0,1,0,0,0,0,0,0,0,0,0,0,0,0,0,0,0,0,0,0,0,0,0,0,0,0,0,0,0,0,0,0,0,0,0,0,1,0,0,0,0,0,0,0,0,0,1,0,0,0,0,0,0,0,0,0,0,0,0,0,0,0,0,0,0,0,0,0,1,0,0,0,0,0,0,0,0,0,0,0,0,0,0,0,0,0,0,0,0,0,0,0,0,0,0,0,0,1,0,0,0,0,0,0,0,0,0,0,0,0,0,0,0,0,0,0,1,0,0,0,0,0,0,0,1,0,0,0,0,0,0,0,0,0,0,0,0,0,0,0,0,0,0,1,0,0,0,0,0,0,0,0,0,0,0,0,0,0,0,0,0,0,0,0,0,0,0,0,0,0,0,0,0,0,0,0,0,1,0,0,0,0,0,0,0,0,0,0,0,0,0,0,0,0,0,0,1,0,0,0,0,0,0,0,0,0,0,0,0,0,0,0,0,0,0,0,0,0,1,0,0,0,0,0,0,0,0,0,1,0,0,0,0,0,0,0,0,0,0,0,0,0,0,0,1,0,0,0,0,0,0,0,0,0,0,0,0,0,0,0,0,0,0,0,0,0,0,0,0,0,0,1,0,0,0,0,0,0,0,0,0,0,0,0,0,0,0,0,0,0,0,0,1,0,0,0,0,0,0,0,0,0,0,0,0,0,0,0,0,0,0,1,0,0,0,0,0,0,0,0,0,0,0,0,0,0,1,0,0,0,0,0,0,0,0,0,0,0,0,0,0,0,0,1,0,0,0,0,0,0,0,0,0,0,0,0,0,0,0,0,0,0,0,0,0,0,0,0,0,0,0,0,1,0,0,0,0,0,0,0,0,0,0,0,0,0,0,0,1,0,0,0,0,0,0,0,0,0,0,0,0,0,0,0,0,0,0,1,0,0,0,0,0,0,0,0,0,0,0,0,0,0,0,0,0,0,0,0,0,0,0,0,0,0,0,0,1,0,0,0,0,0,0,0,0,0,0,0,0,1,0,0,0,0,0,0,0,0,0,0,0,0,0,0,0,0,0,0,1,0,0,0,0,0,0,0,0,0,0,0,0,0,0,0,0,0,0,1,0,0,0,0,0,0,0,0,0,0,0,0,0,0,0,0,0,0,0,0,0,0,0,0,0,0,0,0,1,0,0,0,0,0,0,0,0,0,0,0,0,1,0,0,0,0,0,0,0,0,0,0,0
8.622,27,1.0,-1.5051101905066202e-17,2.152057500301781e-18,1.0071966597583182,0.8041604865691893,0.5941882014277327,-2.467632820429458e-18,0.5830339062034552,0.8452626934186972,-0.5324677727016247,-0.026071817536357,0.5173274750371408,0.1405755218731361,-0.2384296474483245,-0.9375487040055696,0.4965886660119322,0.2986103873382831,0.946545863905578,0.1089469852043762,0.4720026604434001,-0.0203080667785296,0.9226927781220008,0.2262128152242965,0.4697742042559245,0.0361393628196419,0.9259817876638888,-0.0286628782484811,0.4579677987391915,0.4755873808891683,-0.8265124392400915,0.2939087406614047,0.4303422371106649,0.2402695978423348,-0.3620981205661885,0.8963459224388183,0.4278568462226654,0.2807190300153195,-0.9162772858616762,0.1914468945940157,0.4106958941226118,0.284605722499564,-0.918700418517232,0.1418627365683415,0.4052575071428544,0.4110182952884426,-0.4162843775748238,-0.8033088248090504,0.3941801227072217,0.6684027317010395,-0.5633670896738525,-0.4814091305732634,0.3885944265898913,0.8930202282841464,0.4389615015257175,-0.0895726961648585,0.3780050093676051,0.9531349844838678,-0.2889061678477371,0.060710418149539,0.3738097196368899,0.3838926275561771,-0.6044206723859589,0.6937335530500293,0.3602889787794392,0.3685191221629337,0.9151078584732868,0.1465238009444916,0.3043205262243335,-0.2098757598005422,-0.6187789281889504,-0.7422196873144322,0.285846294174705,0.675064673819441,-0.6041078337767457,-0.4172819077290386,0.280173505040501,0.1047058387013166,-0.7032550658605387,0.6973268362911879,0.2759328386292078,0.3059744931738847,-0.3350374244889248,-0.8844261356183031,0.2741997836192612,0.6079295753511741,-0.4416521660376187,0.6535635771963315,0.2727242011560474,0.195023151082951,0.9260259612607618,0.3002898185998212,0.2694554204329314,0.400328796968731,0.894127444452061,-0.0205759386861629,0.2574642937971533,-0.0951498592347172,-0.7264659169414577,0.6649194358943691,0.2204399136660178,0,0,0,0,0,0,0,0,0,0,1,0,0,0,0,0,0,0,0,0,0,0,0,0,0,0,0,0,0,0,0,1,0,0,0,0,0,0,0,0,0,0,0,0,0,0,0,1,0,0,0,0,0,0,0,0,0,0,0,0,1,0,0,0,0,0,0,0,0,0,0,0,0,0,0,0,0,0,0,0,0,0,0,0,0,0,0,0,0,0,1,0,0,0,0,0,0,0,0,0,0,0,0,1,0,0,0,0,0,0,0,0,0,0,0,0,0,0,0,0,0,0,0,0,0,0,0,1,0,0,0,0,0,0,0,0,0,0,0,0,0,0,0,0,0,1,0,0,0,0,0,0,0,0,0,0,0,0,0,0,0,0,0,0,0,0,0,1,0,0,0,0,0,0,0,0,0,0,0,0,0,0,0,1,0,0,0,0,0,0,0,0,0,0,0,0,0,0,0,0,0,0,0,0,0,0,0,1,0,0,0,0,0,0,0,0,0,0,0,0,0,0,0,0,0,0,1,0,0,0,0,0,0,0,0,0,0,0,0,0,0,0,0,0,0,0,0,1,0,0,0,0,0,0,0,0,0,0,0,0,0,0,0,0,0,0,1,0,0,0,0,0,0,0,0,0,0,0,0,0,0,0,0,0,0,0,0,0,0,0,1,0,0,0,0,0,0,0,0,0,0,0,0,1,0,0,0,0,0,0,0,0,0,0,0,0,0,0,0,0,0,0,0,0,0,0,0,0,0,0,1,0,0,0,0,0,0,0,0,0,0,0,0,0,0,0,0,0,1,0,0,0,0,0,0,0,0,0,0,0,0,0,0,0,0,0,0,0,0,0,1,0,0,0,0,0,0,0,0,0,0,0,0,0,0,0,0,0,1,0,0,0,0,0,0,0,0,0,0,0,0,0,0,0,0,0,0,0,0,0,1,0,0,0,0,0,0,0,0,0,0,0,0,0,0,0,0,0,1,0,0,0,0,0,0,0,0,0,0,0,0,0,0,0,0,0,0,1,0,0,0,0,0,0,0,0,0,0,0,0,0,0,0,0,0,0,0,0,0,0,0,1,0,0,0,0,0,0,0,0,0,0,0,0,0,0,0,0,0,0,1,0,0,0,0,0,0,0,0,0,1,0,0,0,0,0,0,0,0,0,0,0,0,0,0,0,0,0,0,0,0,0,0,0,0,0,0,1,0,0,0,0,0,0,0,0,0,0,0,0,0,0,0,0,0,0,0,0,0,0,0,0,0,0,0,0,1,0,0,0,0,0,0,0,0,0,0,0,0,0,1,0,0,0,0,0,0,0,0,0,0,0,0,0,0,0,1,0,0,0,0,0,0,0,0,0,0,0,0,0,0,0,0,0,0,0,0,0,0,0,1,0,0,0,0,0,0,0,0,0,0,0,0,1,0,0,0,0,0,0,0,0,0,0,0,0,0,0,0,0,0,0,0,0,0,0,0,1,0,0,0,0,0,0,0,0,0,0,0,0,0,0,0,0,0,0,0,0,0,0,0,1,0,0,0,0,0,0,0,0,0,0,0,0,0,0,0,0,0,0,0,0,0,1,0,0,0,0,0,0,0,0,0,0,0,1,0,0,0,0,0,0,0,0,0,0,0,0,0,0,0,0,0,0,0,0,0,0,0,0,1,0,0,0,0,0,0,0,0,0,0,0,0,0,0,0,0,0,0,0,0,0,0,0,0,0,1,0,0,0,0,0,0,0,0,0,0,0,0,0,1,0,0,0,0,0,0,0,0,0,0,0,0,1,0,0,0,0,0,0,0,0,0,0,0,0,0,0,0,0,0,0,0,0,0,0,0,1,0,0,0,0,0,0,0,0,0,0,0,0,0,0,0,1,0,0,0,0,0,0,0,0,0,0,0,0,0,0,0,0,0,0,0,0,0,0,0,0,0,0,1,0,0,0,0,0,0,0,0,0,0,0,0,1,0,0,0,0,0,0,0,0,0,0,0,0,0,0,0,0,0,0,0,0,0,0,0,1,0,0,0,0,0,0,0,0,0,0,0,0,0,0,0,0,0,1,0,0,0,0,0,0,0,0,0,0,0,0,0,0,0,0,0,0,0,0,0,0,0,0,0,0,0,0,0,1,0,0,0,0,1,0,0,0,0,0,0,0,0,0,0,0,0,0,0,0,0,0,0,0,0,0,0,0,0,0,0,0,0,0,1,0,0,0,0,0,0,0,0,0,0,0,0,0,0,0,0,0,1,0,0,0,0,0,0,0,0,0,0,0
8.452,28,1.0,8.719121906351196e-18,-2.268064663061944e-17,1.0088689965886872,0.75423210424444,-0.652432805222483,-0.023012438662967,0.5652241591381763,0.8718083237385571,0.4891647958151326,-9.11570931623624e-18,0.5299974542861067,0.4861764972084422,-0.7658489310429504,-0.2623430237876581,0.5080604520161838,-0.3494602310265889,0.8922719124132831,-0.0090297724566761,0.4965886660119322,0.0237485607090937,0.9428325158229136,-0.2679704583656674,0.4735930958201051,0.1640496896503933,-0.4054548036796602,0.8883641005119849,0.4643235553960473,0.6355758763928152,-0.6574129803236167,-0.2469088698063147,0.4444742695588782,0.4838191764381127,0.8695700193025756,-0.0652219742187192,0.4198353542818412,0.6514696874217368,-0.626552003306154,0.4185331618937659,0.3890571867382829,-0.1029825190755537,0.7746844273628589,-0.5878217574385144,0.3771283159426274,0.4573951699182602,-0.4781158278066873,0.7409990850572413,0.369227446489546,0.9530337717071844,0.2930752909262249,0.0467851198506498,0.3599503162625365,0.3585792837342812,0.7778875484291247,0.4252509848102681,0.3343529935728369,0.3707222690124939,0.8734897134518628,0.2950024478738768,0.323934695618518,0.5379124208780985,0.7928043242416397,-0.277080117551862,0.3230403239128011,-0.5963590477955976,0.5126885334409589,-0.5136603064911383,0.3218208537984235,0.1353268668445051,0.6448285435256871,-0.7285493320181827,0.3208566428677472,0.3701925985303188,0.7735644462277134,0.4664731363903285,0.320822458943146,-0.4435436473196152,0.6473180616725224,-0.5620110788156965,0.3043273031857176,0.6988178385688564,-0.6293656828888634,0.3265560890452951,0.2819484165830506,0.760645823533874,0.1685696681145075,0.6159226923520891,0.2797615389336633,-0.5906780267407146,0.6364335874327294,-0.378242009664948,0.2636230689878492,-0.0896737504159225,-0.2560880461383865,0.9497178005435244,0.2355153311878099,0.364697981803922,-0.4513940996329353,0.8052971365077143,0.2330659740656441,0,0,0,0,0,0,0,1,0,0,0,0,0,0,0,0,0,0,0,0,0,0,0,0,0,0,0,0,0,0,0,1,0,0,0,0,0,0,0,0,0,0,0,0,0,0,0,1,0,0,0,0,0,0,0,0,0,0,0,0,0,0,0,1,0,0,0,0,0,0,0,0,0,0,0,0,0,0,0,0,0,0,0,0,0,0,0,0,0,0,1,0,0,0,0,0,0,0,0,0,1,0,0,0,0,0,0,0,0,0,0,0,0,0,0,0,0,0,0,0,0,0,0,0,0,0,0,1,0,0,0,0,0,0,0,0,0,0,0,0,0,0,0,0,0,0,1,0,0,0,0,0,0,0,0,0,0,0,0,0,0,0,0,0,0,0,0,0,0,0,1,0,0,0,0,0,0,0,0,0,0,0,0,0,0,1,0,0,0,0,0,0,0,0,0,0,0,0,0,0,0,0,0,0,0,0,0,0,0,0,1,0,0,0,0,0,0,0,0,0,0,0,0,0,0,0,0,0,0,0,0,1,0,0,0,0,0,0,0,0,0,0,0,0,0,0,0,0,0,0,0,0,0,1,0,0,0,0,0,0,0,0,0,0,0,1,0,0,0,0,0,0,0,0,0,0,0,0,0,0,0,0,0,0,0,0,0,1,0,0,0,0,0,0,0,0,0,0,0,0,0,0,0,0,0,0,1,0,0,0,0,0,0,0,0,0,0,0,0,0,0,0,0,0,0,0,0,0,0,0,1,0,0,0,0,0,0,0,0,0,0,0,0,1,0,0,0,0,0,0,0,0,0,0,0,0,0,0,0,0,0,0,0,0,0,0,0,1,0,0,0,0,0,0,0,0,0,0,0,0,1,0,0,0,0,0,0,0,0,0,0,0,0,0,0,0,0,0,0,0,0,0,0,0,0,0,0,1,0,0,0,0,0,0,0,0,0,0,0,0,1,0,0,0,0,0,0,0,0,0,0,0,0,0,0,0,0,0,0,0,0,0,0,0,0,0,0,0,0,0,0,0,0,1,0,0,0,0,0,0,0,0,0,0,0,0,0,0,0,0,0,1,0,0,0,0,0,0,0,0,0,0,0,0,0,0,0,0,0,0,1,0,0,0,0,0,0,0,0,0,0,0,0,0,0,0,0,0,0,0,0,0,0,0,0,0,1,0,0,0,0,0,0,0,0,0,0,0,0,0,1,0,0,0,0,0,0,0,0,0,0,0,0,0,0,0,0,0,1,0,0,0,0,0,0,0,0,0,0,0,0,0,0,0,0,0,0,0,0,0,1,0,0,0,0,0,0,0,0,0,0,0,0,1,0,0,0,0,0,0,0,0,0,0,0,0,0,0,0,0,0,0,0,0,0,0,0,0,0,0,1,0,0,0,0,0,0,0,0,0,0,0,0,0,0,0,1,0,0,0,0,0,0,0,0,0,0,0,0,0,0,0,0,0,0,0,0,1,0,0,0,0,0,0,0,0,0,0,0,0,0,0,0,0,0,0,1,0,0,0,0,0,0,0,0,0,0,0,0,0,0,0,0,0,0,0,0,1,0,0,0,0,0,0,0,0,0,0,0,0,0,0,0,0,0,0,0,0,0,0,0,0,0,0,0,0,1,0,0,0,0,0,0,0,0,0,0,0,0,0,1,0,0,0,0,0,0,0,0,0,0,0,0,0,0,0,0,0,1,0,0,0,0,0,0,0,0,0,0,0,0,0,0,0,0,0,0,1,0,0,0,0,0,0,0,0,0,0,0,0,0,0,0,1,0,0,0,0,0,0,0,0,0,0,0,0,0,0,0,0,0,0,0,0,0,0,0,1,0,0,0,0,0,0,0,0,0,0,0,0,0,0,0,0,0,0,0,0,0,0,0,0,0,0,0,0,1,0,0,0,0,0,0,0,0,0,0,0,0,0,0,0,0,1,0,0,0,0,0,0,0,0,0,0,0,0,0,1,0,0,0,0,0,0,0,0,0,0,0,0,0,0,0,0,0,0,0,1,0,0,0,0,0,0,0,0,0,0,0,0,0,0,0,0,0,0,1,0,0,0,0,0,0,0,0,0,0,0,0,0,0,0,0,0,0,0,0,0,0,0,0,0,0,1,0,0,0,0,0,0,0,0,0,0,0,0,0,0,0,0,0,0,0,0,0,0,1,0,0,0,0,0,0,0,0,0,0,0,0,0,0,0,0,1,0,0,0,0,0,0,0,0,0,1,0,0,0,0,0,0,0,0,0,0,0,0,0,0,0,0
7.366,29,1.0,-4.296881825677655e-18,2.6051989740287362e-17,1.008616120339273,0.8213820598606023,0.5695315480249115,4.2606122880475535e-18,0.574799545431369,0.8007140453461549,-0.5505249898188073,-0.2325335350243277,0.5395095926898814,-0.1937586341304885,-0.927574566483726,-0.3117499241659237,0.5314799295792701,0.2866573935796898,-0.8481819313134009,-0.4407745893108835,0.4771424727245219,-0.4008994795096209,0.8297851289281283,0.3774250709273002,0.4643235553960473,0.0084278180535882,0.8255839459208362,0.5603067034044468,0.4508435508108244,0.3689019297517757,0.9136290597026134,0.1651002111768662,0.4493894563187871,0.7769511594969376,-0.2902466379284343,-0.5553377570148726,0.4308718969861731,0.9175543316391784,0.3864811108621681,-0.0801900689820075,0.3775913367216831,0.2244158980666382,0.9410911300652678,-0.024213388406316,0.3738715686850729,0.7768835558363907,-0.5985895376819448,0.178568239606147,0.3675997107607512,0.4917360241207009,-0.699895422845173,0.5081354760648324,0.3529592015531421,0.5344519300626587,-0.1279346797331451,0.8298635013811466,0.3525848071315607,0.3542227464293271,0.9034462926645032,0.0596231769681528,0.346693675554125,0.4074276722027016,-0.4351768676313345,0.7956886387260328,0.3426067140776805,0.0705866989597147,0.59331210235018,0.7992558775374974,0.3405653615802514,0.2891622556275278,-0.7735815158227576,-0.5573736417118316,0.3167664855593834,0.8000551980902089,-0.5232359403198501,0.1531991511893646,0.301517762320958,0.3464816922298819,0.4956695485141397,0.7938022404131138,0.2966618727500005,0.807530254957886,-0.5194849061017219,0.1447879514331001,0.2949113741366921,0.2631265282123001,-0.8641199750198535,0.4146639281343203,0.2852976287440889,0.3245849842275901,-0.5591967853692874,-0.7550038004434804,0.2678821102613218,-0.6670478107260204,0.3956646788963044,0.6227797748411705,0.2326809743966972,0.1346898444064288,-0.4475761933406923,0.8754941182035464,0.2197258976656443,0,0,0,0,0,0,0,0,0,0,0,0,0,1,0,0,0,0,0,0,0,0,0,0,0,0,0,0,0,0,0,1,0,0,0,0,0,0,0,0,0,0,0,0,0,0,0,1,0,0,0,0,0,0,0,0,0,0,0,0,1,0,0,0,0,0,0,0,0,0,0,0,0,0,0,0,0,0,0,0,0,0,0,0,0,0,0,0,0,0,0,0,0,1,0,0,0,0,0,0,0,0,0,1,0,0,0,0,0,0,0,0,0,0,0,0,0,0,0,0,0,0,0,0,0,0,0,0,0,0,0,0,0,1,0,0,0,0,0,0,0,0,0,0,0,0,0,0,0,0,0,0,0,0,0,0,1,0,0,0,0,0,0,0,0,0,0,0,0,0,0,0,0,1,0,0,0,0,0,0,1,0,0,0,0,0,0,0,0,0,0,0,0,0,0,0,0,0,0,0,0,0,0,0,0,0,0,1,0,0,0,0,0,0,0,0,0,0,0,0,0,0,0,0,0,1,0,0,0,0,0,0,0,0,0,0,0,0,0,0,0,0,0,0,0,0,0,1,0,0,0,0,0,0,0,0,0,0,0,0,0,0,0,0,0,0,0,0,0,0,0,1,0,0,0,0,0,0,0,0,0,0,0,0,0,0,0,1,0,0,0,0,0,0,0,0,0,0,0,0,0,0,0,1,0,0,0,0,0,0,0,0,0,0,0,0,0,0,0,0,0,0,0,0,0,0,0,0,0,0,0,0,0,1,0,0,0,0,0,0,0,0,0,0,0,0,1,0,0,0,0,0,0,0,0,0,0,0,0,0,0,0,0,0,0,0,0,1,0,0,0,0,0,0,0,0,0,0,0,0,0,0,0,0,0,0,0,0,0,0,0,0,0,0,0,0,1,0,0,0,0,0,0,0,0,0,0,1,0,0,0,0,0,0,0,0,0,0,0,0,0,0,0,0,0,0,1,0,0,0,0,0,0,0,0,0,0,0,0,0,0,0,0,0,0,0,0,0,0,0,0,0,0,1,0,0,0,0,0,0,0,0,0,1,0,0,0,0,0,0,0,0,0,0,0,0,0,0,0,0,0,0,0,0,0,0,0,0,0,0,0,0,0,1,0,0,0,0,0,0,0,1,0,0,0,0,0,0,0,0,0,0,0,0,0,0,0,0,0,0,0,0,0,0,0,0,0,0,0,0,0,0,0,1,0,0,0,0,0,0,0,0,0,0,0,0,0,1,0,0,0,0,0,0,0,0,0,0,0,0,0,0,0,0,0,0,0,1,0,0,0,0,0,0,0,0,0,0,0,0,0,0,0,0,0,0,1,0,0,0,0,0,0,0,0,0,0,0,0,0,0,0,0,0,0,0,0,0,0,0,0,0,0,1,0,0,0,0,0,0,0,1,0,0,0,0,0,0,0,0,0,0,0,0,0,0,0,0,0,0,0,0,0,0,0,0,0,0,0,0,1,0,0,0,0,0,0,0,0,0,1,0,0,0,0,0,0,0,0,0,0,0,0,0,0,0,0,0,0,0,0,0,0,0,0,0,0,1,0,0,0,0,0,0,0,0,0,0,0,0,0,0,0,0,0,0,0,0,0,0,0,1,0,0,0,0,0,0,0,0,0,0,0,0,0,0,0,0,0,0,0,0,0,1,0,0,0,0,0,0,0,0,0,0,0,0,0,0,1,0,0,0,0,0,0,0,0,0,0,0,0,0,0,0,0,0,0,0,0,0,1,0,0,0,0,0,0,0,0,0,0,0,0,0,0,0,0,0,0,0,0,0,0,0,0,0,1,0,0,0,0,0,0,0,0,0,0,0,0,0,0,0,0,1,0,0,0,0,0,0,0,0,0,0,0,0,0,0,1,0,0,0,0,0,0,0,0,0,0,0,0,0,0,0,0,0,0,0,0,0,0,0,0,1,0,0,0,0,0,0,0,1,0,0,0,0,0,0,0,0,0,0,0,0,0,0,0,0,0,0,0,0,0,0,0,0,0,1,0,0,0,0,0,0,0,0,0,0,0,0,0,0,0,0,0,1,0,0,0,0,0,0,0,0,0,0,0,0,0,0,0,0,0,0,0,0,0,0,0,0,1,0,0,0,0,0,0,0,0,0,0,0,0,0,0,1,0,0,0,0,0,0,0,0,0,0,0,0,0,0,0,0,0,0,0,0,0,0,0,0,0,0,0,1,0,0,0,0,0,0,0,1,0,0,0,0,0,0,0,0,0,0,0,0,0,0,0,0,0,0
8.792,30,1.0,-3.655171439565648e-17,1.2035300679852804e-17,1.0101882697333502,0.7213724142711309,-0.4944773431328032,0.3975188584513566,0.5839524260436073,0.78820955651903,0.6130713809956616,-3.397970144413531e-18,0.5797990500013743,0.1451433993136693,0.7718366820820284,-0.4411943761779615,0.5101161578599175,0.436719470195739,-0.5336951274966621,0.5340008834040213,0.4965470790749113,-0.0968115045929966,-0.2408834683877639,-0.7595264963929668,0.4781357230281829,0.5321270671692087,-0.3644442277533173,0.6488277275400677,0.4613123984309844,0.4793873289501727,0.7623177305695655,-0.3587716422949957,0.4297568250297887,0.7391331704852624,0.5839120810279678,0.2727228144463537,0.4015639263152813,0.7025332724265047,-0.6156370892866165,0.0770375239243999,0.3809047349908481,0.606058966075504,-0.6718533569464687,-0.2089149274727896,0.356259292654608,0.0049730817002253,-0.8611973957814298,-0.4198893941016162,0.3533986394973166,-0.7772854332747312,-0.4868491792377603,-0.1508250489217358,0.3517856126284749,-0.2944380435806407,-0.3135520803998549,-0.7031307342640049,0.3436314079479107,0.5688766381023389,0.5532931142463006,-0.5065925455146104,0.3210530318463798,-0.2058040174112233,0.3539152006579239,-0.7067097104951147,0.3185747922610579,-0.7263522507214611,-0.5726891670279237,-0.2595676875607451,0.3126934962984045,0.3174508451194164,0.91442902647088,-0.2372357796285306,0.2828011383010872,-0.732386137808703,-0.5425847521477178,-0.071019507104581,0.2716756225380984,0.3579853697830161,0.9253602543863216,0.0504863913519275,0.2678821102613219,0.8714006249005477,0.1722980010538979,-0.2218338056581202,0.2662537841887861,-0.364364823580899,-0.5964991614957296,-0.5362226712920575,0.2597061403404211,-0.7174102598945558,-0.5840191493417793,-0.1056978156604437,0.248280392726354,-0.1625886908875607,-0.7681195427828358,-0.4842870891375135,0.2289389422622784,0.4271619336334242,0.3998629850619488,-0.5865258301100613,0.2148349180755468,0,0,0,0,0,0,0,1,0,0,0,0,0,0,0,0,0,0,0,0,0,0,0,0,0,0,0,0,0,0,0,1,0,0,0,0,0,0,0,0,0,0,0,0,0,0,0,1,0,0,0,0,0,0,0,0,0,0,0,0,0,0,0,1,0,0,0,0,0,0,0,0,0,0,0,0,0,0,0,0,0,0,0,0,0,0,0,0,0,0,0,0,0,1,0,0,0,0,0,0,1,0,0,0,0,0,0,0,0,0,0,0,0,0,0,0,0,0,0,0,0,0,0,0,0,0,0,0,0,0,0,0,0,1,0,0,0,0,0,0,0,0,0,0,0,0,1,0,0,0,0,0,0,0,0,0,0,0,0,0,0,0,0,0,0,0,0,1,0,0,0,0,0,0,0,0,0,0,0,0,0,0,0,0,0,0,1,0,0,0,0,0,0,0,0,0,0,0,0,0,0,0,0,0,0,0,0,0,0,0,0,0,0,0,0,0,1,0,0,0,0,0,0,0,0,0,0,0,0,0,0,0,0,0,0,0,1,0,0,0,0,0,0,0,0,0,0,1,0,0,0,0,0,0,0,0,0,0,0,0,0,0,0,0,0,0,1,0,0,0,0,0,0,0,0,0,0,0,0,0,0,0,0,0,0,0,0,0,0,0,0,0,0,1,0,0,0,0,0,0,0,0,0,1,0,0,0,0,0,0,0,0,0,0,0,0,0,0,0,0,0,0,0,0,0,0,0,0,0,0,0,0,0,1,0,0,0,0,0,0,0,0,0,0,0,0,0,0,0,0,0,0,0,0,0,0,1,0,0,0,0,0,0,0,0,0,0,1,0,0,0,0,0,0,0,0,0,0,0,0,1,0,0,0,0,0,0,0,0,0,0,0,0,0,0,0,0,0,0,0,0,0,0,0,0,0,0,1,0,0,0,0,0,0,0,0,0,0,0,0,0,0,0,0,0,0,0,0,0,0,0,0,0,0,0,0,1,0,0,0,0,0,0,0,0,0,0,0,0,0,0,0,0,0,0,0,1,0,0,0,0,0,0,0,0,1,0,0,0,0,0,0,0,0,0,0,0,0,0,0,0,0,0,0,0,0,0,0,0,0,0,0,0,0,0,0,1,0,0,0,0,0,0,0,0,0,0,0,1,0,0,0,0,0,0,0,0,0,0,0,0,0,0,0,0,0,0,0,0,0,0,0,0,0,0,0,1,0,0,0,1,0,0,0,0,0,0,0,0,0,0,0,0,0,0,0,0,0,0,0,0,0,0,0,0,0,0,0,0,0,0,0,0,1,0,0,0,0,0,0,0,0,0,1,0,0,0,0,0,0,0,0,0,0,0,0,0,0,0,0,0,0,0,0,0,0,0,0,0,1,0,0,0,0,0,0,0,0,0,0,0,0,0,0,0,0,1,0,0,0,0,0,0,0,0,0,0,0,0,0,0,0,0,0,0,0,0,0,0,0,0,0,0,0,0,0,1,0,0,0,0,0,0,1,0,0,0,0,0,0,0,0,0,0,0,0,0,0,0,0,0,0,0,0,0,0,0,0,0,0,0,0,0,1,0,0,0,0,0,0,0,0,0,0,0,0,0,0,0,0,0,1,0,0,0,0,0,0,0,0,0,0,0,0,0,0,0,0,0,0,0,0,0,0,0,0,1,0,0,0,0,0,0,0,0,0,0,0,1,0,0,0,0,0,0,0,0,0,0,0,0,0,0,0,0,0,0,0,0,0,0,0,0,1,0,0,0,0,0,0,0,0,0,0,0,1,0,0,0,0,0,0,0,0,0,0,0,0,0,0,0,0,0,0,0,0,0,0,0,0,0,0,0,1,0,0,0,0,0,0,0,0,0,0,0,0,0,1,0,0,0,0,0,0,0,0,0,0,0,0,0,0,0,0,0,0,0,0,0,0,0,0,0,0,0,0,1,0,0,0,0,0,0,1,0,0,0,0,0,0,0,0,0,0,0,0,0,0,0,0,0,0,0,0,0,0,0,0,0,0,0,0,0,0,0,0,1,0,0,0,0,0,0,0,0,0,0,0,1,0,0,0,0,0,0,0,0,0,0,0,0,0,0,0,0,0,0,0,0,0,0,0,0,0,0,0,1,0,0,0,0,0,0,0,0,0,0,0,0,0,0,1,0,0,0,0,0,0,0,0,0,0,0,0,0,0,0,0,0,0,0,0,0,1,0,0,0,0,0,0,0,0,0,0,0,0,0,0,1,0,0,0,0,0,0,0,0,0,0,0
8.577,31,1.0,-3.4084364902667223e-18,3.113129814520584e-17,1.0093645702920129,0.786740046247282,0.6162964930912069,1.1886050918430341e-17,0.5510626313905763,0.8486059062509789,-0.4828630077346387,-0.2106271691110773,0.5161741569986544,0.0142207962142148,-0.714493271870122,-0.6903638933341698,0.4826096220254666,-0.003031727685231,0.915788912927027,0.2516581335129954,0.4794053087383508,0.3188251700018411,0.923394383925511,0.2005019979889367,0.4520670828939625,0.0951362906093005,-0.7774198529749473,0.5209520797290228,0.4450834233944333,0.0615205459679648,-0.8408740147976588,0.4052208455637361,0.4379910741609145,0.4590668955275094,-0.6480507309454333,-0.6022880092500389,0.4368497741361993,0.0583211155006507,0.9267852628286626,0.1062122599853804,0.4350002641027591,0.3058480718603125,-0.8429420162415637,0.4257306732107923,0.398222202813407,0.7036127431554962,-0.6790711315775861,0.1937335537496603,0.3785313917799197,0.9226388711748564,-0.2196002600777202,-0.3024504378557443,0.3772699356775972,0.860647150404246,0.4863634750994677,-0.134797928644627,0.3662370597950601,0.8111552853937634,-0.4055935674466715,0.4100878714087725,0.3022949716398532,0.394351409335365,0.8624978051962267,0.3041145025093724,0.2986245235985602,0.4950027641989774,-0.5816486860957559,-0.6393642079736664,0.2970619193333247,0.6455773912965723,-0.7583294465946968,0.0252889013138143,0.291874469439938,0.7837723051742649,-0.2733900594193416,0.5005045620395845,0.268749371711517,0.2357646719478225,-0.8213704330590316,0.5038951617293067,0.2676015663173076,0.6553399649720051,-0.4968781200154512,-0.5414853867168439,0.2600477560453335,0.2743964105509916,0.9320406688117902,0.1560972582092404,0.2338913080697133,0.6664461757305534,0.3004732385750326,0.668958816959287,0.2167188476266254,0.8497902576753236,-0.3067714921259982,0.374633742734885,0.2144942601371792,0.1810150445954616,0.6418277461763492,0.7327383387395034,0.21118367438682,0,0,0,0,0,0,0,0,0,1,0,0,0,0,0,0,0,0,0,0,0,0,0,0,0,0,0,0,0,0,0,1,0,0,0,0,0,0,0,0,0,0,0,0,0,0,0,1,0,0,0,0,0,0,0,0,0,0,0,0,1,0,0,0,0,0,0,0,0,0,0,0,0,0,0,0,0,0,0,0,0,0,0,0,0,0,0,0,0,1,0,0,0,0,0,0,0,0,0,0,0,0,0,1,0,0,0,0,0,0,0,0,0,0,0,0,0,0,0,0,0,0,0,0,0,0,0,0,0,1,0,0,0,0,0,0,0,0,0,0,0,0,0,0,0,0,0,0,0,0,0,0,0,0,0,0,1,0,0,0,0,0,0,0,0,0,0,1,0,0,0,0,0,0,0,0,0,0,0,0,0,0,0,0,0,0,1,0,0,0,0,0,0,0,0,0,0,0,0,0,0,0,0,0,0,0,0,1,0,0,0,0,0,0,0,0,0,0,0,0,0,0,0,1,0,0,0,0,0,0,0,0,0,0,0,0,0,0,0,0,0,0,0,0,0,0,0,0,0,1,0,0,0,0,0,0,0,0,0,0,0,0,0,0,0,0,0,0,1,0,0,0,0,0,0,0,0,0,0,0,0,0,0,0,0,0,0,0,0,1,0,0,0,0,0,0,0,0,0,0,0,0,0,0,0,0,0,0,1,0,0,0,0,0,0,0,0,0,0,0,0,0,0,0,0,0,0,0,0,1,0,0,0,0,0,0,0,0,0,0,1,0,0,0,0,0,0,0,0,0,0,0,0,0,0,0,0,0,0,0,0,0,0,0,0,0,0,1,0,0,0,0,0,0,0,0,0,0,0,0,0,0,0,0,0,0,1,0,0,0,0,0,0,0,0,0,0,0,0,0,0,0,0,0,0,0,0,0,0,1,0,0,0,0,0,0,0,0,0,0,0,0,0,1,0,0,0,0,0,0,0,0,0,0,0,0,0,0,0,0,0,0,0,0,0,0,0,0,0,1,0,0,0,0,0,0,0,0,0,0,0,0,0,1,0,0,0,0,0,0,0,0,0,0,0,0,0,0,0,0,0,0,0,0,0,0,0,0,0,1,0,0,0,0,0,0,0,0,0,0,0,0,0,0,0,0,1,0,0,0,0,0,0,0,0,0,0,0,0,0,0,0,0,0,0,0,0,1,0,0,0,0,0,0,0,0,0,0,0,0,0,0,0,0,0,0,0,0,0,0,0,0,0,0,0,0,1,0,0,0,0,0,0,0,0,0,0,0,0,1,0,0,0,0,0,0,0,0,0,0,0,0,0,1,0,0,0,0,0,0,0,0,0,0,0,0,0,0,0,0,0,0,0,0,0,0,0,1,0,0,0,0,0,0,0,0,0,0,0,0,0,0,0,0,0,0,0,0,0,0,0,1,0,0,0,0,0,0,0,0,0,0,0,0,0,0,0,0,0,0,0,0,0,0,0,0,0,0,0,1,0,0,0,0,0,0,0,0,0,0,0,1,0,0,0,0,0,0,0,0,0,0,0,0,0,0,0,0,0,1,0,0,0,0,0,0,0,0,0,0,0,0,0,0,0,0,0,0,1,0,0,0,0,0,0,0,0,0,0,0,0,0,0,0,0,0,0,0,0,1,0,0,0,0,0,0,0,0,0,0,0,0,0,0,0,0,0,0,1,0,0,0,0,0,0,0,0,0,0,0,0,0,0,0,0,0,0,0,0,1,0,0,0,0,0,0,0,0,0,0,0,0,0,1,0,0,0,0,0,0,0,0,0,0,0,0,0,0,0,0,0,0,0,0,0,0,0,0,0,0,0,0,0,0,0,0,0,0,0,1,0,0,0,0,0,1,0,0,0,0,0,0,0,0,0,0,0,0,0,0,0,0,0,0,0,0,0,1,0,0,0,0,0,0,0,0,0,0,0,0,0,0,0,0,0,1,0,0,0,0,0,0,0,0,0,0,0,0,0,0,0,0,0,0,0,0,0,0,0,0,0,0,0,1,0,0,0,0,0,0,0,0,0,0,0,0,0,1,0,0,0,0,0,0,0,0,0,0,0,0,0,0,0,0,0,0,0,0,0,1,0,0,0,0,0,0,0,0,0,0,0,0,0,0,0,0,0,0,1,0,0,0,0,0,0,0,0,0,0,0,0,0,0,0,0,0,0,0,0,0,0,0,0,1,0,0,0,0,0,0,0,0,0,0,0,0,0,0,0,0,0,0,0,0,0,0,1,0,0,0
8.799,32,1.0,-2.599045991236301e-17,-3.0987314994672547e-17,1.016911987647178,-0.6749592108674921,0.1079346563810757,0.0470799663362483,0.5696568794283123,0.8284609583163369,0.5532494150481129,-3.098767623280865e-17,0.5642160126018038,0.7832461351101137,-0.5734262722056278,-0.0475126577830537,0.5492670729478498,0.1023792737740545,0.8556675705293673,0.1985233488940909,0.5102088699965714,-0.0187558551474746,-0.7775999101238293,-0.5468288276797397,0.5086149108113108,0.3699738731424026,-0.8219616508334218,-0.3692802952382851,0.4597700913447412,0.3968730625211853,0.882203369462242,-0.0065106712575152,0.4513363736701206,0.1043054355706216,0.6480285104832298,-0.602776286290051,0.4360553969454139,0.5915524432849397,-0.6429910026361003,0.3811803983973558,0.4030764998489139,-0.5652771957190561,-0.4651354723014863,-0.4240105981074397,0.3944210910960269,0.8559379439824728,-0.3437802128005015,-0.1560715265489514,0.3886085126366306,0.8836648316573626,0.4156877355228939,0.0100475152993255,0.3741875366191916,0.216736456467322,0.8315675642890777,-0.3702531370891372,0.3669147736995958,-0.7457029918386556,0.0425308876560261,0.0069574503209745,0.3642193438747608,0.3533986864848457,-0.5571293763334038,0.6384502869375448,0.333750945006057,-0.8050050136142395,-0.3083272994878829,-0.2956613600951252,0.2624649015692023,0.2964490653415954,-0.8493238094801334,-0.4040447114859419,0.2565103902269274,-0.6456342484893768,-0.5520814963773536,0.236999202643307,0.2473211021065842,-0.2951285882336504,0.5385113123994864,0.5414724281566038,0.2352111143363814,0.6669155858009377,-0.4581206208692104,0.4793084545475815,0.2339050464958751,-0.4676203254692174,0.6871113920580708,0.3026529167014302,0.2184616248730116,0.0894355169666412,-0.7515880801460005,0.5416869817025516,0.2153823608765645,0.0434302378378663,0.1393094224170897,0.7473945615773947,0.2144885662347338,-0.2905311972444012,-0.6439691672769546,0.5140910209030617,0.1965044876075341,0,0,0,0,0,0,0,0,0,0,0,0,0,0,0,0,0,0,0,1,0,0,0,0,0,0,0,0,0,0,0,1,0,0,0,0,0,0,0,0,0,0,0,0,0,0,0,0,0,0,0,0,0,0,0,0,0,0,0,1,0,0,0,0,0,0,0,0,0,0,0,0,0,0,0,0,1,0,0,0,0,0,0,0,0,0,0,0,0,1,0,0,0,0,0,0,0,0,0,0,1,0,0,0,0,0,0,0,0,0,0,0,0,0,0,0,0,0,0,0,0,0,0,0,0,0,0,0,0,0,0,0,0,0,0,0,0,0,0,1,0,0,0,1,0,0,0,0,0,0,0,0,0,0,0,0,0,0,0,0,0,0,0,0,0,0,0,0,0,1,0,0,0,0,0,0,0,0,0,0,0,0,0,0,0,0,1,0,0,0,0,0,0,0,0,0,0,0,0,0,0,0,0,0,0,0,0,0,0,0,0,0,0,0,0,0,0,0,0,1,0,0,0,0,0,0,0,0,0,0,0,0,0,0,0,0,1,0,0,0,0,0,0,0,0,0,0,0,0,0,0,0,0,0,0,0,0,0,0,1,1,0,0,0,0,0,0,0,0,0,0,0,0,0,0,0,0,0,0,0,0,0,0,0,0,0,0,0,0,1,0,0,0,0,0,0,0,0,0,0,0,0,0,1,0,0,0,0,0,0,0,0,0,0,0,0,0,0,0,0,0,0,0,0,0,0,0,0,0,1,0,0,0,0,0,0,0,0,0,0,0,0,0,0,0,0,0,0,1,0,0,0,0,0,0,0,0,0,0,0,0,0,0,0,0,0,0,0,0,0,0,0,0,0,0,0,0,0,0,1,0,0,0,1,0,0,0,0,0,0,0,0,0,0,0,0,0,0,0,0,0,0,0,0,0,0,0,0,0,0,0,0,0,0,0,0,0,0,0,1,0,0,0,0,0,1,0,0,0,0,0,0,0,0,0,0,0,0,0,0,0,0,0,0,0,0,0,0,0,0,0,0,0,0,0,0,0,0,0,1,0,0,0,0,0,0,1,0,0,0,0,0,0,0,0,0,0,0,0,0,0,0,0,0,0,0,0,0,0,1,0,0,0,0,0,0,0,0,0,0,0,0,0,0,0,0,0,0,0,0,0,0,0,0,0,0,1,0,0,0,0,0,0,0,0,0,0,0,0,1,0,0,0,0,0,0,0,0,0,0,0,0,0,1,0,0,0,0,0,0,0,0,0,0,0,0,0,0,0,0,0,0,0,0,0,0,0,0,0,0,0,0,0,0,0,0,0,0,0,1,1,0,0,0,0,0,0,0,0,0,0,0,0,0,0,0,0,0,0,0,0,0,0,0,0,0,0,0,0,0,0,0,0,0,0,0,0,0,0,1,0,0,0,1,0,0,0,0,0,0,0,0,0,0,0,0,0,0,0,0,0,0,0,0,0,0,0,0,0,0,0,0,0,0,0,0,0,0,0,1,0,0,0,0,0,0,0,0,0,0,0,1,0,0,0,0,0,0,0,0,0,0,0,0,0,0,0,1,0,0,0,0,0,0,0,0,0,0,0,0,0,0,0,0,0,0,0,0,0,0,0,1,0,0,0,0,0,0,0,0,0,0,0,0,0,0,0,0,0,0,0,0,0,0,0,0,0,0,0,1,0,0,0,0,0,0,0,0,1,0,0,0,0,0,0,0,0,0,0,0,0,1,0,0,0,0,0,0,0,0,0,0,0,0,0,0,0,0,0,0,0,0,0,0,0,1,0,0,0,0,0,0,0,0,0,0,0,0,0,0,0,0,0,0,0,0,0,0,0,0,0,0,0,0,0,0,0,0,0,1,0,0,0,0,0,0,0,0,1,0,0,0,0,0,0,0,0,0,0,0,0,0,0,0,0,0,0,0,0,0,0,0,0,0,0,0,0,0,0,1,0,0,0,0,0,0,1,0,0,0,0,0,0,0,0,0,0,0,0,0,0,0,0,0,0,0,0,0,0,0,0,0,0,0,0,0,0,0,0,1,0,0,0,1,0,0,0,0,0,0,0,0,0,0,0,0,0,0,0,0,0,1,0,0,0,0,0,0,0,0,0,0,0,0,0,0,0,0,0,0,0,0,0,0,0,0,0,0,1,0,0,0,0,0,0,0,0,0,0,0,0,0,0,0,0,0,0,0,0,0,0,0,0,0,0,0,0,0,0,1,0,0,0,0,0,0,0,0,1,0,0,0,0,0,0,0,0,0,0,0
8.516,33,1.0,-7.433121597314845e-19,-2.8240795531126935e-17,1.0078273607935435,0.7484344954948445,-0.6293949821877985,0.1353936529915479,0.5682920438712005,0.8922493021450488,0.4501313553888436,9.163713020073838e-18,0.5558591765788446,0.5241730876253143,-0.7489809765060358,-0.1338323837825165,0.4806468353330532,0.0392787893153363,-0.5305816515720563,0.7453958287330157,0.4690849644619937,0.1584026187665108,0.9553282194176388,0.1299856012258283,0.4653569329308951,0.3629036029251168,-0.6984439615805257,0.5232461075121108,0.4532166172455287,0.4997737876354281,0.8469542724252754,-0.1142438213683102,0.4408585098917335,0.7520604132419418,-0.607983468314661,-0.0244095293924037,0.4230049304707101,0.0384058048779691,0.7463072274025283,-0.6207979553173384,0.3904633990800381,0.2879201475192681,0.755076853632138,-0.5530687983957691,0.3851651491888771,0.2122712446192124,0.5467226668268402,-0.755159221349959,0.375210518474444,0.9544340624816356,0.2722160576452591,0.0824029959602458,0.3697525427127809,0.0237759435052866,0.4990293610981795,-0.7715819590601177,0.3539387100075712,0.0807148387653453,0.3898643354717088,-0.8132848337744278,0.3424729036654869,0.2373860278108831,0.3092953980593201,-0.8110365894103317,0.3106137956960786,0.334701009250745,-0.7213131061392415,0.4569354192701892,0.3096889943225857,-0.2164459613560668,0.3816093108940324,0.8483634687222065,0.2996426022966145,0.569261224545236,0.8132242576839938,-0.0096096767734075,0.2926875284539018,0.2876773063553558,0.6657395056139712,-0.5146283057780299,0.2917419613004338,0.1754275882856172,0.4635643585202475,0.8145561009103861,0.2682310021831856,0.1001265826769137,0.3903889814655527,0.8697382582505573,0.2609707777163593,0.4171533819835773,-0.726189065150426,0.2976432772531436,0.2574923397957403,0.1784712145514745,0.448879194056262,0.8007419130638077,0.2567002389325709,0.7053982707033648,0.6894399020873441,-0.0374371136705026,0.2362197879989627,0,0,0,0,0,0,0,1,0,0,0,0,0,0,0,0,0,0,0,0,0,0,0,0,0,0,0,0,0,0,0,1,0,0,0,0,0,0,0,0,0,0,0,0,0,0,0,1,0,0,0,0,0,0,0,0,0,0,0,0,0,0,0,1,0,0,0,0,0,0,0,0,0,0,0,0,0,0,0,0,0,0,0,0,0,0,0,0,0,0,0,0,0,0,0,0,0,0,0,1,1,0,0,0,0,0,0,0,0,0,0,0,0,0,0,0,0,0,0,0,0,0,0,0,0,0,0,1,0,0,0,0,0,0,0,0,0,0,0,0,0,0,0,0,0,0,1,0,0,0,0,0,0,0,0,0,0,0,0,0,0,0,0,0,0,0,0,1,0,0,0,0,0,0,0,0,0,0,0,0,0,0,0,0,0,0,0,0,0,0,0,0,0,0,0,0,1,0,0,0,0,0,0,0,0,0,0,0,0,0,0,0,0,0,0,0,0,0,0,1,0,0,0,0,0,0,1,0,0,0,0,0,0,0,0,0,0,0,0,0,0,0,0,0,0,0,0,1,0,0,0,0,0,0,0,0,0,0,0,0,1,0,0,0,0,0,0,0,0,0,0,0,0,0,0,0,0,0,0,0,0,0,0,0,0,0,0,0,0,0,0,0,0,0,0,0,0,0,0,1,0,0,0,1,0,0,0,0,0,0,0,0,0,0,0,0,0,0,0,0,0,0,0,0,0,0,0,1,0,0,0,0,0,0,0,0,0,0,0,0,0,0,0,0,0,0,1,0,0,0,0,0,0,0,0,0,0,0,0,0,0,0,0,0,0,0,0,0,0,0,0,0,0,0,0,0,0,0,0,1,0,0,0,0,0,0,0,0,1,0,0,0,0,0,0,0,0,0,0,0,0,0,0,0,0,0,0,0,0,0,0,0,0,0,0,0,0,0,0,1,0,0,0,1,0,0,0,0,0,0,0,0,0,0,0,0,0,0,0,0,0,0,0,0,0,0,0,0,0,0,0,0,0,0,0,0,0,0,0,1,0,0,0,1,0,0,0,0,0,0,0,0,0,0,0,0,0,0,0,0,0,0,0,0,0,0,0,0,0,0,0,0,0,0,0,0,0,0,0,1,0,0,0,0,0,0,0,0,0,0,0,0,0,0,0,0,1,0,0,0,0,0,0,0,0,0,0,0,0,0,0,0,0,0,0,0,0,0,0,1,0,0,0,0,0,0,0,0,1,0,0,0,0,0,0,0,0,0,0,0,0,0,0,0,0,0,0,0,0,0,0,0,0,0,0,0,0,0,0,1,0,0,0,0,0,0,0,0,1,0,0,0,0,0,0,0,0,0,0,0,0,0,0,0,0,0,0,0,0,0,0,0,0,0,0,0,0,0,0,1,0,0,0,0,0,0,0,0,1,0,0,0,0,0,0,0,0,0,0,0,0,0,0,0,0,0,0,1,0,0,0,0,0,0,0,0,0,0,0,0,0,0,0,0,0,0,0,0,0,0,0,1,0,0,0,0,0,0,0,0,0,0,0,0,0,0,0,0,0,0,0,0,0,0,0,1,0,0,0,0,0,0,0,0,0,0,0,0,0,0,0,0,0,0,0,0,0,1,0,0,0,0,0,0,0,0,0,0,0,0,0,0,0,0,0,0,0,0,0,1,0,0,0,0,0,0,0,0,0,0,0,1,0,0,0,0,0,0,0,0,0,0,0,0,0,0,0,0,0,0,0,0,0,0,0,0,0,0,0,1,0,0,0,1,0,0,0,0,0,0,0,0,0,0,0,0,0,0,0,0,0,0,0,0,0,0,0,0,0,0,0,0,0,0,0,1,0,0,0,0,0,0,0,0,0,0,0,0,1,0,0,0,0,0,0,0,0,0,0,0,0,0,0,0,0,0,0,0,0,0,0,0,0,0,0,1,0,0,0,0,0,0,0,1,0,0,0,0,0,0,0,0,0,0,0,0,0,0,0,0,0,0,0,0,0,0,0,1,0,0,0,0,0,0,0,0,0,0,0,0,0,0,0,0,0,1,0,0,0,0,0,0,0,0,0,0,0,0,0,0,0,0,0,0,0,0,0,0,0,0,0,0,0,0,0,1,0,0,0,0,0,0,0,0,0,0,0,0,1,0,0,0,0,0,0,0,0,0,0,0,0,0,0,0,0,0,0,0,0,0,0,0,0,0,0,0,0,0,0,1,0,0,0,0,0,1,0,0,0,0,0,0,0,0,0,0,0,0,0,0
8.218,34,1.0,1.4106483392874922e-17,-2.2177157123132392e-20,1.010188259314027,0.7961951418300017,0.6016329973045836,-3.0505768794427946e-18,0.5776071978464005,0.7966627393803092,-0.5338963518187575,0.0455201535348931,0.5434122883514034,0.3429485130000687,0.901979502331196,-0.0379089962397786,0.4566815253916949,0.0951430159949837,0.8588077937516554,-0.0945695065656293,0.4435546415760835,0.1964910830351655,-0.7795286589808328,-0.308629437268323,0.441623249561823,0.1467519271158235,0.8676468505451185,0.0986478176700109,0.4396259171138433,0.4684448358195577,-0.7847102676308917,-0.1106324630926219,0.430580261055043,0.7038803799321603,-0.5248832484406344,0.2509146286818434,0.4296734482652221,0.7492864230732083,-0.3911020901527655,0.0745565424065366,0.4229354934091892,-0.1955047787109723,0.1411688942394798,-0.3778250840598795,0.3999660680644207,0.8668856549408407,0.4618226196095299,0.0323751327380763,0.3810818131743093,0.1023577166946862,0.3951897680632331,-0.4264571776981773,0.3328664970456385,-0.1597856297611188,-0.0482120094491621,-0.4367104270887306,0.3186019647350604,0.3412057376236549,0.9114573024222616,-0.0383091762090144,0.3114292381722809,-0.5616159343340673,-0.2384093520267838,0.1806427100557255,0.2857280698990541,-0.60639152184544,-0.3040888086717822,0.1210677909468367,0.285240797443435,0.3839857309908274,-0.8196167417306756,0.0018902934960253,0.2753076128818673,-0.4703392069241578,-0.7955215957465891,0.0757622119444369,0.2705528220184448,-0.5601910829657574,-0.4558578129468171,-0.2312292359620207,0.2689255025053251,-0.4358720468136298,-0.5454737646570464,-0.4911750377812609,0.2454743711618825,-0.4813366518423341,-0.5006247676606351,0.2214576103229892,0.2123337888682571,-0.4845081033346242,-0.721300361820289,0.0329644079334727,0.2013724667238975,-0.534044378003407,-0.5550676488609853,0.0068044594202649,0.1968327256674444,-0.3293106465490186,-0.3729468979316976,-0.6167004765761985,0.1953155245825365,0,0,0,0,0,0,0,1,0,0,0,0,0,0,0,0,0,0,0,0,0,0,0,0,0,0,0,0,0,0,0,1,0,0,0,0,0,0,0,0,0,0,0,0,0,0,0,1,0,0,0,0,0,0,0,0,0,0,0,0,1,0,0,0,0,0,0,0,0,0,0,0,0,0,0,0,0,0,0,0,0,0,0,0,0,0,0,1,0,0,0,0,0,0,0,0,0,0,0,0,0,0,0,1,0,0,0,0,0,0,0,0,0,0,0,0,0,0,0,0,0,0,0,0,0,0,0,1,0,0,0,0,0,0,0,0,0,0,0,0,0,0,0,1,0,0,0,0,0,0,0,0,0,0,0,0,0,0,0,0,0,0,0,0,0,0,0,1,0,0,0,0,0,0,0,0,0,0,0,0,0,0,0,0,0,0,1,0,0,0,0,0,0,0,0,0,0,0,0,0,0,0,0,0,0,0,0,1,0,0,0,0,0,0,0,0,0,0,0,0,0,0,0,0,0,0,0,0,0,0,0,0,0,0,0,0,1,0,0,0,0,0,0,0,0,0,0,1,0,0,0,0,0,0,0,0,0,0,0,0,0,0,0,0,0,0,1,0,0,0,0,0,0,0,0,0,0,0,0,0,0,0,0,0,0,0,0,1,0,0,0,0,0,0,0,0,0,0,0,0,1,0,0,0,0,0,0,0,0,0,0,0,0,0,0,0,0,0,0,0,0,0,0,0,0,0,0,1,0,0,0,0,0,0,0,0,0,0,0,0,0,0,0,0,0,0,1,0,0,0,0,0,0,0,0,0,0,0,0,0,0,0,0,0,0,0,0,1,0,0,0,0,0,0,0,0,0,0,0,0,0,0,0,0,0,0,1,0,0,0,0,0,0,0,0,0,0,0,0,0,0,0,0,0,0,0,0,1,0,0,0,0,0,0,0,0,0,0,0,0,0,0,0,0,0,0,0,0,0,0,0,0,0,0,0,0,1,0,0,0,0,0,0,0,0,0,0,1,0,0,0,0,0,0,0,0,0,0,0,0,0,0,0,0,0,0,0,0,0,0,0,0,0,0,0,0,1,0,0,0,0,0,0,0,0,0,0,0,0,0,0,0,0,0,0,0,0,0,0,1,0,0,0,0,0,0,1,0,0,0,0,0,0,0,0,0,0,0,0,0,0,0,0,0,0,0,0,1,0,0,0,0,0,0,0,0,0,0,0,0,1,0,0,0,0,0,0,0,0,0,0,0,0,0,0,0,0,0,0,0,0,0,0,0,0,0,0,1,0,0,0,0,0,0,0,0,0,0,0,0,0,0,0,0,0,0,0,0,0,0,0,1,0,0,0,0,0,0,0,0,0,0,0,0,0,0,0,0,0,0,0,0,0,0,0,1,0,0,0,0,0,0,0,0,0,0,0,0,0,1,0,0,0,0,0,0,0,0,0,0,0,0,0,0,0,0,0,0,0,0,0,0,0,0,0,1,0,0,0,0,0,0,0,0,0,0,0,0,0,0,0,0,0,0,0,0,0,1,0,0,0,0,0,0,0,0,0,0,0,0,0,1,0,0,0,0,0,0,0,0,0,0,0,0,0,0,0,0,0,0,0,1,0,0,0,0,0,0,0,0,0,0,0,0,0,0,0,0,0,0,0,0,0,0,0,1,0,0,0,0,0,0,0,0,0,1,0,0,0,0,0,0,0,0,0,0,0,0,0,0,0,0,0,0,0,0,0,0,0,0,0,0,0,0,0,1,0,0,0,0,1,0,0,0,0,0,0,0,0,0,0,0,0,0,0,0,0,0,0,0,0,0,0,0,0,0,0,1,0,0,0,0,0,0,0,0,0,0,0,0,0,0,0,0,0,0,0,0,0,0,0,1,0,0,0,0,0,0,0,0,0,0,0,0,0,0,0,0,0,0,0,0,0,0,0,1,0,0,0,0,0,0,0,1,0,0,0,0,0,0,0,0,0,0,0,0,0,0,0,0,0,0,0,0,0,0,0,0,0,0,0,0,0,0,0,1,0,0,0,0,0,0,0,0,0,0,0,0,0,0,0,1,0,0,0,0,0,0,0,0,0,0,0,0,0,0,0,0,0,0,0,0,0,0,0,1,0,0,0,0,0,0,0,1,0,0,0,0,0,0,0,0,0,0,0,0,0,0,0,0,0,0,0,0,0,0,0,1,0,0,0,0,0,0,0,0,0,0,0,0,0,0,0,1,0,0,0,0,0,0,0,0,0,0,0,0,0,0,0,0
7.932,35,1.0,-2.3145728056635325e-18,8.381533498877797e-18,1.0086476016242336,0.8025417241512273,0.5926711171418476,1.0588665311128029e-17,0.5874424264348449,0.8199199685877654,-0.5376804737585416,-0.0885421291739019,0.5296495002759414,0.3330873899097554,0.9051324051614262,0.158090613821271,0.4691894686961738,0.0808195352868084,0.8199067136329408,0.3066093042743211,0.456693694704583,0.1043402935182435,0.8792969402355044,0.1049597999598301,0.4564455622493758,0.3804699365049361,-0.8659431957897838,-0.0240655509632247,0.4532935842096808,-0.0080001609210501,-0.7150924913154453,-0.0050926883034243,0.4242813823449313,0.1811811082610416,-0.8526288733469531,0.0271562388047107,0.407604085941797,0.2560615187712225,-0.1912614702331851,-0.8991261284705714,0.4072072296819369,0.1164628001909598,-0.8599752101909279,0.0049795923199347,0.4028907147095782,0.8617094484548057,-0.4155257712857844,0.1267473989926171,0.3839302522220771,0.8659040690120314,0.4639799386342773,-0.1059266713644232,0.3821245179236708,0.7661839550368456,-0.4086279351775751,-0.4377696680041278,0.3697556736919788,0.3123236218360098,-0.8300625237305767,-0.0795943761081513,0.3676649337886601,0.0549230328390411,0.2007634094935681,0.7811808528552266,0.3490813282421839,0.0558701508572832,-0.7494572018549961,-0.047153451800048,0.3479782288030355,0.5319920504099058,-0.2672484196787896,-0.7633033746466134,0.3305316159649101,0.3116460236961181,0.9363684627151134,0.0291378106231031,0.3138877230809301,-0.0664060359620955,-0.8918989678131124,0.1250943941665568,0.2691122851182231,-0.25926803213925,-0.1260054458850106,0.7357002011290391,0.2079002461817621,0.4864947720507365,-0.0440208285667457,0.7861138661934618,0.2042693934002851,0.3895030998208296,0.855928183898732,-0.1168069242691859,0.2024169351436278,-0.4557640182888317,-0.0866880496685779,0.6161142772590552,0.2005952003543474,0.7852872966490935,-0.3577134324762007,-0.4296556822677076,0.1979374750564239,0,0,0,0,0,0,0,0,0,0,0,1,0,0,0,0,0,0,0,0,0,0,0,0,0,0,0,0,0,0,0,1,0,0,0,0,0,0,0,0,0,0,0,0,0,0,0,1,0,0,0,0,0,0,0,0,0,0,0,0,1,0,0,0,0,0,0,0,0,0,0,0,0,0,0,0,0,0,0,0,0,0,0,0,0,0,0,0,0,0,0,1,0,0,0,0,0,0,0,0,0,0,0,1,0,0,0,0,0,0,0,0,0,0,0,0,0,0,0,0,0,0,0,0,0,0,0,1,0,0,0,0,0,0,0,0,0,0,0,0,0,0,0,1,0,0,0,0,0,0,0,0,0,0,0,0,0,0,0,0,0,0,0,0,0,0,0,1,0,0,0,0,0,0,0,0,0,0,0,0,0,0,0,0,0,0,1,0,0,0,0,0,0,0,0,0,0,0,0,0,0,0,0,0,0,0,0,1,0,0,0,0,0,0,0,0,0,0,0,0,0,0,0,0,0,0,1,0,0,0,0,0,0,0,0,0,0,0,0,0,0,0,0,0,0,0,0,0,0,0,0,1,0,0,0,0,0,0,0,0,0,0,0,1,0,0,0,0,0,0,0,0,0,0,0,0,0,0,0,0,0,0,0,0,0,0,0,0,0,0,0,1,0,0,0,0,0,0,0,0,0,0,0,0,0,0,0,0,1,0,0,0,0,0,0,0,0,0,0,0,0,0,0,0,0,0,0,0,0,0,0,1,0,0,0,0,0,0,0,0,0,0,0,0,0,0,0,0,1,0,0,0,0,0,0,0,0,0,0,0,0,0,0,0,0,0,0,0,0,0,0,0,0,0,0,0,1,0,0,0,0,0,0,0,0,1,0,0,0,0,0,0,0,0,0,0,0,0,0,0,0,0,0,0,0,0,0,0,0,0,0,1,0,0,0,0,0,0,0,0,0,0,0,1,0,0,0,0,0,0,0,0,0,0,0,0,0,0,0,0,0,0,0,0,0,0,0,0,0,0,0,1,0,0,0,0,0,0,0,0,0,0,0,0,0,0,1,0,0,0,0,0,0,0,0,0,0,0,0,0,0,0,0,0,0,0,0,1,0,0,0,0,0,0,0,0,0,0,0,0,0,0,0,0,0,0,0,0,0,0,0,0,0,0,0,0,1,0,0,0,0,0,0,0,0,0,0,0,0,0,0,1,0,0,0,0,0,0,0,0,1,0,0,0,0,0,0,0,0,0,0,0,0,0,0,0,0,0,0,0,0,0,0,0,0,0,0,0,0,0,0,1,0,0,0,0,0,0,0,0,0,0,0,0,0,0,0,0,1,0,0,0,0,0,0,0,0,0,0,0,0,0,0,0,0,0,0,0,0,0,0,0,0,0,0,0,1,0,0,0,0,0,0,0,0,0,1,0,0,0,0,0,0,0,0,0,0,0,0,0,0,0,0,0,0,0,0,0,0,0,0,1,0,0,0,0,0,0,0,0,0,0,0,0,0,0,0,0,1,0,0,0,0,0,0,0,0,0,0,0,0,0,0,0,0,0,0,0,0,0,0,0,0,0,0,0,1,0,0,0,0,0,0,0,0,0,0,0,0,0,0,1,0,0,0,0,0,0,0,0,0,0,0,0,0,0,0,1,0,0,0,0,0,0,0,0,0,0,0,0,0,0,0,0,0,0,0,0,0,0,0,1,0,0,0,0,0,0,0,0,0,0,0,0,0,0,0,0,0,0,0,1,0,0,0,0,0,0,0,0,0,0,0,1,0,0,0,0,0,0,0,0,0,0,0,0,0,0,0,0,0,0,0,0,0,0,0,0,0,0,0,0,0,0,0,0,1,0,0,0,0,0,0,1,0,0,0,0,0,0,0,0,0,0,0,0,0,0,0,0,0,0,0,0,0,0,0,0,0,0,0,0,1,0,0,0,0,0,0,0,0,0,0,0,0,0,0,0,0,0,0,0,0,0,0,0,1,0,0,0,0,0,0,0,0,0,0,1,0,0,0,0,0,0,0,0,0,0,0,0,0,0,0,0,0,1,0,0,0,0,0,0,0,0,0,0,0,0,0,0,0,0,0,0,0,0,0,0,0,0,0,0,0,0,0,0,1,0,0,0,0,0,0,0,0,0,0,0,1,0,0,0,0,0,0,0,0,0,0,0,0,0,0,0,0,0,0,0,0,0,0,1,0,0,0,0,0,0,0,0,0,0,0,0,0,0,0,0,0,0,0,0,0,0,0,0,1,0,0,0
8.115,38,1.0,1.065679206913626e-17,3.3433904418930583e-18,1.0096827602864609,0.7556245300324862,-0.5677574052199341,-0.2713022961571391,0.5644604959678503,0.8544752671379554,0.5151869865536844,-1.5993553457007204e-19,0.5594838913936737,0.498661798211817,-0.6102782248440535,-0.4790963105860433,0.4972619570488764,0.5336272413780089,-0.5712550991541098,-0.406973500814318,0.4766815270432717,0.0911459366953404,0.775879625393408,0.528491686595556,0.4700223717239916,0.4731754830831826,0.8308299995279865,0.2333896021631916,0.4384712925327636,-0.315292325717311,0.7665079021857915,0.3530736493773184,0.4060812319095221,0.3081448472686091,0.9248522119427676,-0.0380975054311405,0.3802722363489757,0.8909584168179705,0.3859834095571583,-0.1662056582419998,0.3764934473946625,0.0646478577643628,-0.4644931825601529,0.7716870296153159,0.3723847231803626,0.1362480456143006,0.5760382629231986,0.6883085099141868,0.3694053658960361,-0.3486516191947279,0.8264887416524477,0.0462569622892759,0.3689334265267993,0.8073719413188233,-0.5456786361396629,-0.004135203346917,0.3596632926526665,-0.8721488361842168,-0.1458865104990015,0.377306885435601,0.3362496479031371,0.8799507791228297,-0.3338492102788996,0.1745506796748957,0.320376848254129,-0.5138489291650429,0.5169743898781649,0.4846329901825754,0.3124850428580452,-0.7016610838358113,-0.0911733142373786,0.6140054989289747,0.3032248271486963,0.5606621507083925,0.7158048859478787,0.3310177570057367,0.2974068433061878,-0.5639682225614273,0.2089588986066544,0.6804609625221372,0.2961493020902331,0.6720248980627147,-0.6925733820137365,-0.0521010133237321,0.2796118805384712,-0.0147639991888643,-0.3861519639393019,0.8391232942266675,0.2778752667238403,-0.6864492467418116,0.456818791719372,0.259494145715848,0.2697937617143416,0.5140747761829221,-0.7757399268966325,-0.212252124477563,0.2441740383549395,0.5918643026591714,0.4854195196349324,0.4517266108981697,0.2269865687443471,0,0,0,0,0,0,0,1,0,0,0,0,0,0,0,0,0,0,0,0,0,0,0,0,0,0,0,0,0,0,0,1,0,0,0,0,0,0,0,0,0,0,0,0,0,0,0,1,0,0,0,0,0,0,0,0,0,0,0,0,0,0,0,1,0,0,0,0,0,0,0,0,0,0,0,0,0,0,0,0,0,0,0,0,0,0,0,0,0,0,0,0,0,0,0,1,0,0,0,0,1,0,0,0,0,0,0,0,0,0,0,0,0,0,0,0,0,0,0,0,0,0,0,0,0,0,0,1,0,0,0,0,0,0,0,0,0,0,0,0,0,0,0,0,0,0,1,0,0,0,0,0,0,0,0,0,0,0,0,0,0,0,0,0,0,0,0,1,0,0,0,0,0,0,0,0,0,0,0,0,0,0,0,0,0,0,1,0,0,0,0,0,0,0,0,0,0,0,0,0,0,0,0,0,0,0,0,0,0,0,0,0,0,0,0,1,0,0,0,0,0,0,0,0,0,0,0,0,0,0,0,1,0,0,0,0,0,0,0,0,0,0,0,0,0,0,0,0,0,0,0,0,0,0,0,1,0,0,0,0,0,0,0,1,0,0,0,0,0,0,0,0,0,0,0,0,0,0,0,0,0,0,0,0,0,0,0,0,0,0,0,0,0,0,0,0,1,0,0,0,1,0,0,0,0,0,0,0,0,0,0,0,0,0,0,0,0,0,0,0,0,0,0,0,0,0,0,0,0,0,0,0,0,0,0,1,0,0,0,0,0,0,0,0,0,0,1,0,0,0,0,0,0,0,0,0,0,0,0,0,0,0,0,0,0,0,0,0,0,0,0,0,0,0,0,1,0,0,0,0,0,0,0,0,0,0,0,0,0,0,0,0,0,0,0,0,1,0,0,0,0,0,0,0,0,0,0,1,0,0,0,0,0,0,0,0,0,0,0,0,0,0,0,0,0,0,0,0,0,0,0,0,0,0,0,0,1,0,0,0,0,0,0,0,0,0,0,0,0,0,0,0,0,0,0,1,0,0,0,0,0,0,0,0,0,1,0,0,0,0,0,0,0,0,0,0,0,0,0,0,0,0,0,0,0,0,0,0,0,0,0,0,0,0,0,0,1,0,0,0,0,0,0,0,0,0,0,0,0,0,0,0,0,0,0,0,1,0,0,0,0,0,0,0,0,0,0,1,0,0,0,0,0,0,0,0,0,0,0,0,1,0,0,0,0,0,0,0,0,0,0,0,0,0,0,0,0,0,0,0,0,0,0,0,0,0,0,0,0,0,0,1,0,0,0,0,0,0,0,0,0,0,0,0,0,0,0,0,0,0,0,0,0,0,0,0,1,0,0,0,0,0,0,0,0,0,0,1,0,0,0,0,0,0,0,0,0,0,0,0,0,0,0,0,0,0,0,0,0,0,0,0,0,0,0,0,1,0,0,0,0,0,0,0,0,0,0,0,0,0,0,0,0,0,0,0,1,0,0,0,0,0,0,1,0,0,0,0,0,0,0,0,0,0,0,0,0,0,0,0,0,0,0,0,0,0,0,0,0,0,0,1,0,0,0,0,0,0,0,0,1,0,0,0,0,0,0,0,0,0,0,0,0,0,0,0,0,0,0,0,0,0,0,0,0,0,0,0,0,0,0,0,0,0,0,1,0,0,0,0,0,0,0,1,0,0,0,0,0,0,0,0,0,0,0,0,0,0,0,0,0,0,0,0,0,0,0,0,0,0,0,0,0,0,0,0,1,0,0,0,0,0,0,0,0,0,0,0,0,0,0,1,0,0,0,0,0,0,0,0,0,0,0,0,0,0,0,0,0,0,0,0,0,0,0,0,0,0,0,1,0,0,0,0,0,0,0,0,0,0,0,1,0,0,0,0,0,0,0,0,0,0,0,0,0,0,0,1,0,0,0,0,0,0,0,0,0,0,0,0,1,0,0,0,0,0,0,0,0,0,0,0,0,0,0,0,0,0,0,0,0,0,0,0,0,0,0,0,0,0,0,0,0,0,0,0,1,0,0,0,0,0,0,0,0,0,1,0,0,0,0,0,0,0,0,0,0,0,0,0,0,0,0,0,0,0,0,0,0,0,0,0,0,0,0,0,0,0,0,1,0,0,0,0,0,1,0,0,0,0,0,0,0,0,0,0,0,0,0,0,0,0,0,0,0,0,0,0,0,0,0,0,0,0,0,1,0,0,0,0,0,0,0,0,0,0,0,0,0,0,0,0,0,0,0,0,0,1,0,0
9.012,39,1.0,-5.2754407068558784e-18,-3.5383990643622115e-18,1.0094909140075383,0.8374144721220003,0.5449339827430946,3.378737489507622e-18,0.5705129655826335,0.8237511727245936,-0.5426986320113335,-0.1387815916255543,0.5279596019958707,0.3654094000263918,0.9123192603329364,0.1528912406917229,0.470753510914377,0.1399278166794959,0.8636374921678243,0.1452854368343449,0.4599302559445267,0.1183737778534967,-0.9543474398830268,0.1245198264097899,0.4583209666379298,0.0407253747800447,0.9407521137658776,0.1373634454982479,0.4565030794029933,0.4832115587572036,-0.8435431006949449,0.1910345311544823,0.4242174556517231,0.2002046832498988,-0.5591756339990244,-0.7912198432431823,0.4193875089622013,0.576613787137717,-0.5348964440799101,-0.6051273796924261,0.4101294154846256,0.9391236543299832,-0.3288347005999299,-0.0169562261156756,0.3763794167062325,0.9118140927194088,0.3988558439997937,-0.0684429892076366,0.3708122490697174,0.37092940251189,-0.5384040955457967,0.6257505216560475,0.3692853342799544,0.4271046400303199,-0.6717652292418562,0.5729512805299841,0.3679695909363257,0.3091607424060902,-0.6343886332083102,0.6505841937829133,0.3323368924321081,-0.8195407411079568,-0.4601411000229546,-0.2638910627091042,0.3181942441357224,0.4396469965936003,-0.5227555574141629,0.6608271219332499,0.3149150128445525,-0.3222486340636686,-0.5365176117059762,-0.7434189772989439,0.3110563583431164,0.4238496436555239,0.8791942687420089,0.2016215642382028,0.303856353677926,0.6505647524322328,-0.4445253460104684,-0.6011830022813556,0.2912479183400572,0.4866892428676088,-0.8354917555727311,0.0812649858788142,0.2875506239326878,0.0533250564647714,0.5050282494976905,-0.8397933999085501,0.2432979690978818,-0.9161506733290756,0.2549903402195598,0.0953023336787783,0.1725401458909396,-0.3955752617364641,-0.8487555665798937,-0.2719462057076793,0.1674235518130534,0.2450330464745805,0.8716413413993562,0.4075613565568285,0.1664314488111995,0,0,0,0,0,0,0,0,0,0,0,0,0,0,0,0,0,0,0,1,0,0,0,0,0,0,0,0,0,0,0,1,0,0,0,0,0,0,0,0,0,0,0,0,0,0,0,1,0,0,0,0,0,0,0,0,0,0,0,0,1,0,0,0,0,0,0,0,0,0,0,0,0,0,0,0,0,0,0,0,0,0,0,0,0,0,0,0,0,0,0,0,0,0,0,0,0,0,0,1,0,0,0,1,0,0,0,0,0,0,0,0,0,0,0,0,0,0,0,0,0,0,0,0,0,0,0,1,0,0,0,0,0,0,0,0,0,0,0,0,0,0,0,1,0,0,0,0,0,0,0,0,0,0,0,0,0,0,0,0,0,0,0,0,0,0,0,1,0,0,0,0,0,0,0,0,0,0,0,0,0,0,0,0,0,0,1,0,0,0,0,0,0,0,0,0,0,0,0,0,0,0,0,0,0,0,0,0,0,0,0,0,0,0,0,0,0,0,0,1,0,0,0,0,0,0,0,0,1,0,0,0,0,0,0,0,0,0,0,0,0,0,0,0,0,0,0,1,0,0,0,0,0,0,0,0,0,0,0,0,0,0,0,0,0,0,1,0,0,0,0,0,0,0,0,0,0,0,0,0,0,0,0,0,0,0,0,0,0,0,0,0,0,0,0,0,0,0,0,1,0,0,0,1,0,0,0,0,0,0,0,0,0,0,0,0,0,0,0,0,0,0,0,0,0,0,0,0,0,0,0,0,0,0,0,0,0,0,0,1,0,0,0,0,0,0,0,0,0,0,0,0,0,0,0,0,1,0,0,0,0,0,0,0,0,0,0,0,0,0,0,0,0,0,0,0,0,0,0,1,1,0,0,0,0,0,0,0,0,0,0,0,0,0,0,0,0,0,0,0,0,0,0,0,0,0,0,0,0,0,0,0,0,0,0,0,0,0,0,1,0,0,0,0,0,0,1,0,0,0,0,0,0,0,0,0,0,0,0,0,0,0,0,0,0,0,0,1,0,0,0,0,0,0,0,0,0,0,0,0,0,0,0,0,0,0,0,0,0,0,0,0,0,0,0,0,1,0,0,0,0,0,0,0,0,0,0,0,0,0,0,0,0,0,0,0,0,0,0,1,0,0,0,0,0,0,0,0,1,0,0,0,0,0,0,0,0,0,0,0,0,0,0,0,0,0,0,0,0,0,0,0,0,0,0,0,0,0,0,1,0,0,0,1,0,0,0,0,0,0,0,0,0,0,0,0,0,0,0,0,0,0,0,0,0,0,0,0,0,0,0,0,0,0,0,0,0,0,0,1,0,0,0,0,0,0,0,0,1,0,0,0,0,0,0,0,0,0,0,0,0,0,0,0,0,0,0,0,0,1,0,0,0,0,0,0,0,0,0,0,0,0,0,0,0,0,0,0,0,0,0,0,0,0,0,0,1,0,0,0,0,0,0,0,0,0,0,0,0,0,0,0,0,0,0,0,0,0,0,1,0,0,0,0,0,0,0,0,1,0,0,0,0,0,0,0,0,0,0,0,0,0,0,0,0,0,0,0,0,1,0,0,0,0,0,0,0,0,0,0,0,0,0,0,0,1,0,0,0,0,0,0,0,0,0,0,0,0,0,0,0,0,0,0,0,0,0,1,0,0,0,0,0,0,0,0,0,0,0,0,0,0,0,0,0,0,0,0,0,0,0,1,0,0,0,0,0,0,0,0,0,0,0,0,0,0,0,0,0,0,0,0,0,0,0,0,0,0,0,1,0,0,0,0,0,0,0,0,0,0,0,1,0,0,0,0,0,0,0,0,0,0,0,0,0,0,0,0,0,0,0,0,0,0,0,0,0,0,0,1,0,0,0,1,0,0,0,0,0,0,0,0,0,0,0,0,0,0,0,0,0,0,0,0,0,0,0,0,1,0,0,0,0,0,0,0,0,0,0,0,0,0,0,0,0,1,0,0,0,0,0,0,0,0,0,0,0,0,0,0,0,0,0,0,0,1,0,0,0,0,0,0,0,0,0,0,0,0,0,0,0,0,0,0,0,1,0,0,0,0,0,0,0,0,0,0,0,0,0,0,0,0,0,0,0,0,0,0,0,1,0,0,0,0,0,0,0,0,0,0,0,0,0,0,0,0,0,0,1,0,0,0,0,0,0,0,0,0,0,0,0,0,0,0,0,0,0,1,0,0,0,0,0,0,0,0,0,0,0,0,0,0,0,0,0,1,0,0,0,0,0,0,0,0,0,0,0,0,0,0
8.648,40,1.0,2.9026972799203087e-18,4.2860502940611255e-18,1.0159410760605574,0.8312058616982496,0.5537087568359885,4.149714098238547e-17,0.5806902212211575,-0.6194853101147755,0.0093575024983921,-0.0306634391482853,0.579356557938103,0.7827590281193123,-0.5587122599754476,-0.0406245162213036,0.5493453539985991,0.0275623772815894,0.8490097528555619,0.1975044671329781,0.5082636801548398,0.0307641971019202,-0.7893846144796979,-0.5308811154655452,0.4808603792699413,0.4053976205199694,0.867764099807359,0.0692492030119935,0.4533226515631304,0.4153594924463136,-0.7599375070506168,-0.4154516244948452,0.4492984251670082,0.5312236132496766,-0.6845562372932699,0.3774317754372271,0.4157288282522815,-0.5165787433994207,-0.5098906992093412,-0.4311380731426097,0.3944210910960269,0.8773629182148797,-0.2977287105930653,-0.1251174227286139,0.3932350775401794,0.8783586701118242,0.422015073415819,-0.0483504127394415,0.3845550522810703,0.0762271307001708,-0.756090477414855,0.5501163858462177,0.3820883932221741,-0.7117204491238864,-0.0681973539481992,-0.002654769082688,0.3709798828704366,0.5466487818019707,-0.4669567053439876,0.5690271027734977,0.3699227535769605,0.283699797302598,0.863026042739631,-0.2528996908790678,0.3396975318409624,0.1091488612969549,0.684525357598575,-0.5312269210409823,0.332199467153952,-0.1144347705446131,-0.5349660638347116,0.7215254181825597,0.3249657040437104,-0.0819411439518695,-0.7743144560906833,0.4449460320984175,0.3145041726140095,0.0869926695427813,0.5254768223830105,-0.5865771092583721,0.303118676833708,-0.2214411665458822,-0.6582496989789145,0.628562826193182,0.2951873640351091,0.4325245277583245,0.8163428833142385,0.2751728223244353,0.2845630526779442,-0.0272332897332959,0.6458918257008189,-0.6004963257171975,0.2636069483294743,-0.0045638975809103,0.7181486619326749,0.5426324464429638,0.2534471359790055,-0.7742647645113995,-0.3761089194716351,-0.2344704604742953,0.2282996042116771,0,0,0,0,0,0,0,0,0,0,0,0,0,0,0,0,0,0,0,1,0,0,0,0,0,0,0,0,0,0,0,1,0,0,0,0,0,0,0,0,0,0,0,0,0,0,0,0,0,0,0,0,0,0,0,0,0,0,0,1,1,0,0,0,0,0,0,0,0,0,0,0,0,0,0,0,0,0,0,0,0,0,0,0,0,0,0,0,0,0,0,0,0,0,0,0,0,0,0,1,0,0,0,0,0,0,0,0,0,0,0,0,0,0,0,0,1,0,0,0,0,0,0,0,0,0,0,0,0,0,0,0,0,0,0,0,0,0,0,1,0,0,0,1,0,0,0,0,0,0,0,0,0,0,0,0,0,0,0,0,0,0,0,0,0,0,0,0,0,0,0,0,0,0,0,0,0,0,0,1,0,0,0,0,0,0,1,0,0,0,0,0,0,0,0,0,0,0,0,0,0,0,0,0,0,0,0,0,0,0,0,0,0,0,0,0,0,0,0,1,0,0,0,0,0,0,0,0,0,0,0,0,0,0,0,0,1,0,0,0,0,0,0,0,0,0,0,0,0,0,0,0,0,0,0,0,0,0,0,1,0,0,0,1,0,0,0,0,0,0,0,0,0,0,0,0,0,0,0,0,0,0,0,0,0,0,0,0,0,0,0,0,0,0,0,0,0,0,0,1,1,0,0,0,0,0,0,0,0,0,0,0,0,0,0,0,0,0,0,0,0,0,0,0,0,0,0,0,0,0,0,0,0,0,0,0,0,0,0,1,0,0,0,1,0,0,0,0,0,0,0,0,0,0,0,0,0,0,0,0,0,0,0,0,0,0,0,0,0,0,0,0,0,0,0,0,0,0,0,1,0,0,0,0,0,1,0,0,0,0,0,0,0,0,0,0,0,0,0,0,0,0,0,0,0,0,0,0,0,0,0,0,0,0,0,0,0,0,0,1,0,0,0,0,0,0,1,0,0,0,0,0,0,0,0,0,0,0,0,0,0,0,0,0,0,0,0,0,0,0,0,0,0,0,0,0,0,0,0,1,0,0,0,0,0,0,0,0,0,0,0,0,0,0,0,0,1,0,0,0,0,0,0,0,0,0,0,0,0,0,0,0,0,0,0,0,0,0,0,1,0,0,0,1,0,0,0,0,0,0,0,0,0,0,0,0,0,0,0,0,0,0,0,0,0,0,0,0,0,0,0,0,0,0,0,0,0,0,0,1,1,0,0,0,0,0,0,0,0,0,0,0,0,0,0,0,0,0,0,0,0,0,0,0,0,0,0,0,0,0,0,0,0,0,0,0,0,0,0,1,0,0,0,0,0,0,0,0,1,0,0,0,0,0,0,0,0,0,0,0,0,0,0,0,0,0,0,0,0,0,0,0,0,0,0,0,0,0,0,1,0,0,0,1,0,0,0,0,0,0,0,0,0,0,0,0,0,0,0,0,0,0,0,0,0,0,0,0,0,0,0,0,0,0,0,0,0,0,0,1,0,0,0,1,0,0,0,0,0,0,0,0,0,0,0,0,0,0,0,0,0,0,0,0,0,0,0,0,0,0,0,0,0,0,0,0,0,0,0,1,0,0,0,0,0,0,0,0,1,0,0,0,0,0,0,0,0,0,0,0,0,0,0,0,0,0,0,0,0,0,0,0,0,0,0,0,0,0,0,1,0,0,0,0,0,0,0,0,1,0,0,0,0,0,0,0,0,0,0,0,0,0,0,0,0,0,0,0,0,0,0,0,0,0,0,0,0,0,0,1,0,0,0,0,0,0,0,0,1,0,0,0,0,0,0,0,0,0,0,0,0,0,0,0,0,0,0,0,0,0,0,0,0,0,0,0,0,0,0,1,0,0,0,0,0,0,0,0,1,0,0,0,0,0,0,0,0,0,0,0,0,0,0,0,0,0,0,0,0,0,0,0,0,0,0,0,0,0,0,1,0,0,0,0,0,0,0,0,0,0,0,1,0,0,0,0,0,0,0,0,0,0,0,0,0,0,0,0,0,0,0,0,0,0,0,0,0,0,0,1,0,0,0,0,0,0,0,0,1,0,0,0,0,0,0,0,0,0,0,0,0,0,0,0,0,0,0,1,0,0,0,0,0,0,0,0,0,0,0,0,0,0,0,0,0,0,0,0,0,0,0,0,0,0,0,0,1,0,0,0,0,0,0,0,0,0,0,0,0,0,0,0,0,0,0,0,0,0,0,1,0,0,0,0,0,0,0,0,0,0,0,1,0,0,0,0,0,0,0,0
8.67,41,1.0,-1.8732169158032173e-18,-1.355489754985195e-17,1.0177274374473275,-0.7584143998307324,0.0683273797525612,-0.4052543008811137,0.6187535601526434,0.8238262777666938,0.5619256974089712,-1.3791104160678796e-17,0.5793741651831603,0.7941440849051336,-0.546959455136941,0.2203076691298749,0.5438086358688055,-0.0245794311914343,0.928246926501745,-0.184328924334312,0.5263134691210708,0.2860462232505373,-0.9062221046747874,0.2972980714694919,0.4707983585647934,0.0616327882136759,-0.9810098811699562,-0.0763500836666122,0.4658032384293223,-0.2408587202068311,-0.5041493495471288,0.7461878560268078,0.4657855274781475,-0.0948068788869637,-0.7214758755696667,0.6722712329199009,0.4597124154507601,0.3862009485784425,0.8768552889342877,-0.2419918337029312,0.4571435135135388,-0.2818601646706242,-0.5979375276891317,0.6926342658235367,0.4305675817732798,0.7540325950079276,-0.3476361157051043,0.52132302811482,0.4129792301855646,-0.7748392052225053,0.0015109190708203,-0.4752888197519739,0.3854205928106989,0.8779257137657888,0.4285853517480449,0.1592764244634373,0.3813187587386454,0.824618515119368,-0.5020435425003325,-0.1488535353354158,0.3615900077430881,0.3827590992842683,0.6944869995954962,-0.5900547152174429,0.3442919634818847,0.6772810574330976,-0.5281640097413164,-0.4526504642080389,0.3367409597781072,-0.1537549916057677,-0.6340894362082893,0.6655003336888825,0.3322488180303223,-0.5306160515433933,0.3734739433058807,0.6598537477897993,0.3311232491277859,0.2337263529962571,0.406924964491157,-0.8478252397429098,0.3039444887260599,-0.5489629479206617,0.6852917793312695,-0.311566083520885,0.3000774454876614,0.3282676461681453,0.9304248296485168,-0.0176036048289692,0.286164492933795,0.1544709130321301,0.2387514938276108,-0.871823511814024,0.2440501998384205,0.09787925582895,0.31432724162722,-0.8131285206433051,0.2413806479684278,-0.5827699274247723,-0.4007646245084169,-0.6359843493856795,0.2022421546619238,0,0,0,0,0,0,0,0,0,0,0,0,0,0,0,0,0,0,0,1,0,0,0,0,0,0,0,0,0,0,0,1,0,0,0,0,0,0,0,0,0,0,0,1,0,0,0,0,0,0,0,0,0,0,0,0,0,0,0,0,0,0,0,0,0,0,0,0,0,0,0,0,0,0,0,0,1,0,0,0,0,0,0,0,0,0,0,0,0,0,0,0,0,0,0,0,0,0,0,1,1,0,0,0,0,0,0,0,0,0,0,0,0,0,0,0,0,0,0,0,0,0,0,0,0,0,0,0,0,0,0,0,0,0,0,0,0,0,0,1,0,0,0,1,0,0,0,0,0,0,0,0,0,0,0,0,0,0,0,0,0,0,0,0,0,0,0,0,0,0,0,0,0,0,0,0,0,0,0,1,0,0,0,0,0,0,1,0,0,0,0,0,0,0,0,0,0,0,0,0,0,0,0,0,0,0,0,0,0,0,0,0,0,0,0,0,0,0,0,1,0,0,0,1,0,0,0,0,0,0,0,0,0,0,0,0,0,0,0,0,0,0,0,0,0,0,0,0,0,0,0,0,0,0,0,0,0,0,0,1,0,0,0,0,0,0,0,0,1,0,0,0,0,0,0,0,0,0,0,0,0,0,0,0,0,0,0,0,0,0,0,0,0,0,0,0,0,0,0,1,0,0,0,0,0,0,0,0,1,0,0,0,0,0,0,0,0,0,0,0,0,0,0,0,0,0,0,0,0,0,0,0,0,0,0,0,0,0,0,1,0,0,0,1,0,0,0,0,0,0,0,0,0,0,0,0,0,0,0,0,0,0,0,0,0,0,0,0,0,0,0,0,0,0,0,0,0,0,0,1,0,0,0,1,0,0,0,0,0,0,0,0,0,0,0,0,0,0,0,0,0,0,0,0,0,0,0,0,0,0,0,0,0,0,0,0,0,0,0,1,0,0,0,0,0,0,0,0,1,0,0,0,0,0,0,0,0,0,0,0,0,0,0,0,0,0,0,0,0,0,0,0,0,0,0,0,0,0,0,1,0,0,0,0,0,0,1,0,0,0,0,0,0,0,0,0,0,0,0,0,0,0,0,1,0,0,0,0,0,0,0,0,0,0,0,0,0,0,0,0,1,0,0,0,0,0,0,0,0,0,0,0,0,0,0,0,0,0,0,0,0,0,0,0,0,0,0,0,0,0,0,0,0,0,0,0,0,0,0,1,0,0,0,0,0,0,0,0,0,0,0,0,0,0,0,0,1,0,0,0,0,0,0,0,0,0,0,0,0,0,0,0,0,0,0,0,0,0,0,1,1,0,0,0,0,0,0,0,0,0,0,0,0,0,0,0,0,0,0,0,0,0,0,0,0,0,0,0,0,0,0,0,0,0,0,0,0,0,0,1,0,0,0,1,0,0,0,0,0,0,0,0,0,0,0,0,0,0,0,0,0,0,0,0,0,0,0,0,0,0,0,0,0,0,0,0,0,0,0,1,0,0,0,0,0,0,0,0,0,0,0,0,0,0,0,0,1,0,0,0,0,0,0,0,0,0,0,0,0,0,0,0,0,0,0,0,0,0,0,1,0,0,0,0,0,0,0,0,1,0,0,0,0,0,0,0,0,0,0,0,0,0,0,0,0,0,0,0,0,1,0,0,0,0,0,0,0,0,0,0,0,0,0,0,0,0,0,0,1,0,0,0,0,0,0,0,0,0,0,0,0,0,0,0,0,0,0,0,0,0,0,0,0,0,0,0,0,0,0,1,0,0,0,1,0,0,0,0,0,0,0,0,0,0,0,0,0,0,0,0,0,0,0,0,0,0,0,0,1,0,0,0,0,0,0,0,0,0,0,0,0,0,0,0,0,0,1,0,0,0,0,0,0,0,0,0,0,0,0,0,0,0,0,0,0,0,0,0,0,0,0,0,0,0,0,0,0,0,0,1,0,0,0,0,0,0,0,0,0,0,0,1,0,0,0,0,0,0,0,0,0,0,0,0,0,0,0,0,0,0,0,0,0,0,0,0,0,0,0,1,0,0,0,0,0,0,0,0,1,0,0,0,0,0,0,0,0,0,0,0,0,0,0,0,0,0,0,0,0,0,0,0,0,0,0,0,0,0,0,1,0,0,0,0,0,0,0,0,1,0,0,0,0,0,0,0,0,0,0,0,0,0,0,1,0,0,0,0,0,0,0,0,0,0,0,0,0,0,0,0,0,0,0,0,0,0,0,0,0,0,0,1,0,0,0,0,0,0,0,0
9.231,42,1.0,-2.8615798061602883e-18,-1.2194926752413418e-17,1.0183814094814294,-0.3704707758557967,-0.2392623871599574,-0.2301194438836225,0.568356166408449,0.8234832535444851,0.5613915222732395,6.087139677836327e-18,0.5681575495140384,0.7696615061729892,-0.5022247812659266,0.0563158088084307,0.5571272112894369,0.123404060170749,0.748820535709508,-0.03836942829667,0.4896991096005377,-0.3756805047530689,0.1136182529138006,0.1872962030191421,0.4773612353433051,0.3769177856873559,-0.7807811616302868,0.3031541689910565,0.4574110729973689,0.4286306266845481,0.8346329073637205,-0.0124295857893468,0.444753948181442,0.1504581850328313,-0.6954795687543943,-0.5359437346324814,0.435447381074859,0.29148902067613,-0.8182325726440274,0.3010122562113068,0.4163673697776469,0.5933916834649872,-0.5670313814051731,-0.3119225019095039,0.4081330593693157,0.0098700245829782,-0.7026185369011262,0.5079885864293786,0.4077857528278276,0.8033729165469972,-0.2410689590421157,0.1629088253627104,0.4010187995626511,0.3817605248926847,-0.5859184191538325,-0.5218447822468041,0.3858704569776026,-0.4944372649391015,-0.3494707800282609,-0.1813482984538773,0.382857690511852,0.8568237071434345,0.4524815917633876,0.0079088234197372,0.3801406927811777,0.1381095771352977,0.5422085005146016,-0.5453572598768079,0.3132425780849379,0.3316280640198755,0.8339388406719392,-0.2136480103029187,0.2935858314000568,-0.6483039020465284,0.0084888810476307,-0.0083925023991557,0.2877608613013304,-0.2090938801681302,0.7303587554162319,0.3926771248502405,0.2864284817556234,-0.6448273377257292,-0.2340782884016029,-0.220565821532199,0.2629516553751951,0.0784759138253863,0.7517726316694138,-0.3940944457939473,0.2545149558756206,0.2721021734881155,0.9146911977554286,0.1157657853939427,0.239505583334272,-0.7153177987246222,0.2694704711709182,0.394763866553363,0.2352111143363814,0.180244409656584,-0.8412691287426094,0.3855295543223493,0.2289491271183577,0,1,0,0,0,0,0,0,0,0,0,0,0,0,0,0,0,0,0,0,0,0,0,0,0,0,0,0,0,0,0,1,0,0,0,0,0,0,0,0,0,0,0,0,0,0,0,1,0,0,0,0,0,0,0,0,0,0,0,0,0,0,0,0,0,0,0,0,0,0,0,0,0,0,0,0,1,0,0,0,0,0,0,0,0,0,0,0,0,0,0,0,0,0,0,0,0,0,0,1,1,0,0,0,0,0,0,0,0,0,0,0,0,0,0,0,0,0,0,0,0,1,0,0,0,0,0,0,0,0,0,0,0,0,0,0,0,0,0,0,0,0,0,1,0,0,0,0,0,0,0,0,0,0,0,0,0,0,0,0,0,0,0,0,0,0,0,0,0,0,0,0,0,0,0,0,0,0,0,1,0,0,0,0,0,0,1,0,0,0,0,0,0,0,0,0,0,0,0,0,0,0,0,0,0,0,0,0,0,1,0,0,0,0,0,0,0,0,0,0,0,0,0,0,0,0,1,0,0,0,0,0,0,0,0,0,0,0,0,0,0,1,0,0,0,0,0,0,0,0,0,0,0,0,0,0,0,0,0,0,0,0,0,1,0,0,0,0,0,0,0,0,0,0,0,0,0,0,0,0,0,0,0,0,0,0,0,0,0,0,0,0,0,0,0,0,0,0,0,1,0,0,0,1,0,0,0,0,0,0,0,0,0,0,0,0,0,0,0,0,0,0,0,0,0,0,0,0,0,0,0,0,0,0,0,0,1,0,0,0,0,0,0,0,0,1,0,0,0,0,0,0,0,0,0,0,0,0,0,0,0,1,0,0,0,0,0,0,0,0,0,0,0,0,0,0,0,0,0,0,0,0,0,0,0,0,0,0,1,0,0,0,0,0,0,0,0,0,0,0,0,1,0,0,0,0,0,0,0,0,0,0,0,0,0,0,0,0,0,0,1,0,0,0,0,0,0,0,0,0,0,0,0,0,0,0,0,0,0,0,0,1,0,0,0,0,0,0,0,0,0,0,0,0,0,0,0,0,0,0,0,0,0,0,0,0,0,0,1,0,0,0,0,0,0,0,0,0,0,0,0,1,0,0,0,0,0,0,0,0,0,0,0,0,0,0,0,0,0,0,0,0,0,0,0,0,1,0,0,0,0,0,0,0,0,0,0,0,0,0,0,0,0,0,0,0,0,0,0,0,0,0,0,0,0,0,1,0,0,0,0,0,0,0,0,0,0,0,0,0,0,1,0,0,0,0,0,0,0,0,0,0,0,0,0,0,0,1,0,0,0,0,0,0,0,0,0,0,0,0,1,0,0,0,0,0,0,0,0,0,0,0,0,0,0,0,0,0,0,0,0,0,0,0,0,0,0,0,0,0,0,0,0,0,0,0,0,0,0,1,0,0,0,0,0,0,0,0,0,0,0,0,0,0,0,0,1,0,0,0,0,0,0,0,0,0,0,0,0,0,0,0,0,0,0,0,0,0,0,1,0,0,0,0,0,0,0,0,1,0,0,0,0,0,0,0,0,0,0,0,0,0,0,0,0,0,0,0,0,0,0,0,0,0,0,0,0,0,0,1,0,0,0,1,0,0,0,0,0,0,0,0,0,0,0,0,0,0,0,0,0,0,0,0,0,0,0,0,0,1,0,0,0,0,0,0,0,0,0,0,0,0,0,1,0,0,0,0,0,0,0,0,0,0,0,0,0,0,0,0,0,0,0,0,0,0,0,0,0,0,0,0,0,0,0,0,0,0,0,1,0,0,0,0,0,0,0,0,0,0,0,0,0,0,0,0,1,0,0,0,0,0,0,0,0,0,0,0,0,1,0,0,0,0,0,0,0,0,0,0,0,0,0,0,0,0,0,0,0,0,0,1,0,0,0,0,0,0,0,0,0,0,0,0,0,0,0,0,0,0,0,0,0,0,0,0,0,0,0,1,0,0,0,1,0,0,0,0,0,0,0,0,0,0,0,0,0,0,0,0,0,0,0,0,0,0,0,0,0,0,0,0,0,0,0,0,0,0,0,1,0,0,0,0,0,0,0,0,0,0,0,1,0,0,0,0,0,0,0,0,0,0,0,0,0,0,0,0,0,0,0,0,0,0,0,0,0,0,0,1,0,0,0,0,0,1,0,0,0,0,0,0,0,0,0,0,0,0,0,0,0,1,0,0,0,0,0,0,0,0,0,0,0,0,0,0,0,0,0,0,0,0,0,1,0,0,0,0,0,0,0,0,0,0,0,0,0,0,0,0
7.501,43,1.0,1.876508278908829e-18,-6.462026580542173e-19,1.0098915400421695,0.850036505299471,0.5255668982831689,-1.1431047120434925e-18,0.6063688738604357,0.7450228705331756,-0.6094566364581608,0.1705113035377661,0.569366183356018,-0.0367915833579997,-0.8684278838614248,-0.4032631725374747,0.4865043745340726,-0.7239840324978903,0.3122108387564797,-0.4932491623768249,0.4551278449343892,0.376847398202664,-0.8620468145064413,-0.2019642579836546,0.4544052547104874,0.441556156614584,0.8677341104192312,-0.1556885084669033,0.446521458155962,0.4130892543701525,-0.593227326267791,0.6352141201557976,0.443101819785018,-0.1294931371980655,0.7241550966723722,-0.5368464704520997,0.435447381074859,0.1511978318494008,0.7779502630233395,-0.554002838414587,0.4259092319926711,0.9253646960159708,0.3188225315293193,0.1526477555722337,0.4034222171865769,0.0342071395507732,-0.6580422749665299,0.6739840957777787,0.3971731211370307,0.3410460259654371,-0.4031656482629638,0.7381864528634441,0.3947162284372126,0.1132888183458619,0.9446254658346236,0.2018164753214509,0.3882442805160184,0.8670791953001169,-0.4228311385118115,0.1476849260207119,0.3828651614685296,-0.8811008008742945,0.2013256063543092,-0.2561971658064775,0.3542463405993797,-0.6760201415967378,-0.6318050412528841,-0.0610860928652141,0.3533986394973166,-0.0905721704581626,0.8966722308797793,0.255464181474525,0.3429270921234517,-0.7825809944949631,-0.4572346173636417,-0.2436523474931342,0.33406745645661,-0.9319258197147112,-0.1513897813858202,-0.0657854264407765,0.3332517439762543,0.5629813436674023,0.7922609673838971,-0.1575199334534925,0.3193417436868629,0.3354576095519421,0.5295055505877855,0.7407198606401003,0.2928203835347002,0.2145774145223336,0.5789537711100785,-0.7445012328224772,0.2562778143281224,-0.3117776210802582,-0.6194542013902972,0.6289842199364125,0.2555147991324489,0.1438462437276844,-0.122682641518644,-0.9082293875164352,0.2491336973393115,0,0,0,0,0,0,0,0,0,0,0,0,0,0,0,0,1,0,0,0,0,0,0,0,0,0,0,0,0,0,0,1,0,0,0,0,0,0,0,0,0,1,0,0,0,0,0,0,0,0,0,0,0,0,0,0,0,0,0,0,1,0,0,0,0,0,0,0,0,0,0,0,0,0,0,0,0,0,0,0,0,0,0,0,0,0,0,0,0,0,0,0,0,0,0,0,1,0,0,0,0,0,0,1,0,0,0,0,0,0,0,0,0,0,0,0,0,0,0,0,0,0,0,0,0,0,0,0,0,0,0,0,0,0,0,0,1,0,0,0,0,0,0,0,0,0,0,0,0,0,0,0,0,0,0,0,1,0,0,0,0,0,0,0,0,0,0,1,0,0,0,0,0,0,0,0,0,0,0,0,0,0,0,0,0,0,0,0,0,0,0,0,0,0,0,0,1,0,0,0,0,0,0,0,0,0,0,0,0,0,0,0,0,0,0,0,1,0,0,0,1,0,0,0,0,0,0,0,0,0,0,0,0,0,0,0,0,0,0,0,0,1,0,0,0,0,0,0,0,0,0,0,0,0,0,0,0,0,0,0,0,0,0,1,0,0,0,0,0,0,0,0,0,0,0,0,0,0,0,0,0,0,0,0,0,0,0,0,0,0,0,0,0,0,0,0,1,0,0,0,0,0,0,1,0,0,0,0,0,0,0,0,0,0,0,0,0,0,0,0,0,1,0,0,0,0,0,0,0,0,0,0,0,0,0,0,0,0,0,0,0,0,0,0,0,1,0,0,0,0,0,0,0,0,0,0,0,0,0,0,0,1,0,0,0,0,0,0,0,0,0,0,0,0,0,0,0,0,0,0,0,0,0,0,0,0,0,0,0,0,0,1,0,0,0,0,0,0,0,0,0,1,0,0,0,0,0,0,0,0,0,0,0,0,0,0,0,0,0,0,0,0,0,0,0,0,0,0,0,0,0,0,0,0,0,0,1,0,0,0,0,0,0,0,0,0,0,0,0,0,0,0,0,0,0,0,1,0,0,0,0,0,0,1,0,0,0,0,0,0,0,0,0,0,0,0,0,0,0,0,0,0,0,0,0,0,0,0,0,0,0,0,0,0,0,0,1,0,0,0,0,0,0,0,0,0,0,0,1,0,0,0,0,0,0,0,0,0,0,0,0,1,0,0,0,0,0,0,0,0,0,0,0,0,0,0,0,0,0,0,0,0,0,1,0,0,0,0,0,0,0,0,0,0,0,0,0,0,0,0,0,0,0,0,0,0,0,0,0,0,0,0,0,0,0,0,1,0,0,0,0,0,0,0,0,0,1,0,0,0,0,0,0,0,0,0,0,0,0,0,0,0,0,0,0,0,0,1,0,0,0,0,0,0,0,0,0,0,0,0,1,0,0,0,0,0,0,0,0,0,0,0,0,0,0,0,0,0,0,0,0,0,0,0,0,0,0,1,0,0,0,0,0,0,0,0,0,0,0,0,0,0,0,0,0,1,0,0,0,0,0,0,0,0,0,0,0,0,0,0,0,1,0,0,0,0,0,0,0,0,0,0,0,0,0,0,0,0,0,0,0,0,0,0,0,0,0,0,1,0,0,0,0,0,0,0,0,0,0,0,0,0,0,0,0,0,0,1,0,0,0,0,0,0,0,0,0,0,0,0,0,0,0,0,0,0,0,0,0,0,0,1,0,0,0,0,0,0,0,0,0,0,0,0,0,0,0,1,0,0,0,0,0,0,0,0,0,0,0,0,0,0,0,1,0,0,0,0,0,0,0,0,0,0,0,0,0,0,0,0,0,1,0,0,0,0,0,0,0,0,0,0,0,0,0,0,0,0,0,0,0,0,0,0,0,0,1,0,0,0,0,0,0,0,0,0,0,0,0,0,0,1,0,0,0,0,0,0,0,0,0,0,0,0,0,0,0,0,0,0,0,0,0,0,0,0,0,0,1,0,0,0,0,0,0,0,0,0,0,0,0,0,0,0,0,0,0,0,0,0,0,0,0,0,0,0,0,0,0,1,1,0,0,0,0,0,0,0,0,0,0,0,0,0,0,0,0,0,0,0,0,0,0,0,0,0,0,0,0,0,0,0,0,0,0,0,1,0,0,0,0,0,0,0,0,0,0,0,1,0,0,0,0,0,0,0,0,0,0,0,0,0,0,0,0,0,0,0,0,0,0,0,0,0,0,0,0,0,0,1,0,0,0,0,0,0,0,0,1,0,0,0,0,0,0,0,0,0,0,0
8.407,44,1.0,-1.143730880895507e-17,-1.7850840469707436e-17,1.0092645338766448,0.793443837516408,-0.5991770121766783,-0.0808698940173204,0.5429659839216087,0.8489540784059791,0.5275850687530016,2.330221136841581e-18,0.5423286936139484,-0.0024851171474372,0.9673473169964164,0.171299323485833,0.503024657206537,0.0169467644830738,-0.7380063194473283,-0.6598847264972857,0.4599884269289777,0.1353521378603797,-0.8506881383805996,0.439339369494187,0.4593750666228912,0.4040389140665715,0.9100327533656212,0.0153571590067718,0.445760231038857,0.4539789183861727,-0.7034575318760351,-0.5356251591281445,0.4381310563133794,0.496821905224704,-0.7882659152541309,0.3487316254184597,0.4213536321315222,0.9199732658646038,-0.3514810730299779,-0.1502074485323599,0.3861103721444406,-0.3378763615303736,0.2602899552332834,0.8296648304272981,0.3748100528499168,0.9299680484848756,0.3626593005038105,-0.0071872003547287,0.3601935321337107,0.2374005734455749,0.8738349915206645,-0.4007291662085871,0.3593922454976472,0.556769923948292,-0.5144297911367071,0.6161085531588675,0.3406823133656215,-0.1069554663287432,0.7576426026809986,-0.6109673849597037,0.340160559821897,-0.2417143890266722,0.190808432171593,0.932650148688522,0.3342441258073895,0.4335916723121129,-0.3282598494118671,0.7992585899266099,0.3219711251715679,0.3680111912165157,0.6814771005464509,-0.605134272042716,0.3105989133769419,0.4581968448438785,-0.4039013697134488,0.7283316692002633,0.3078129408357226,0.442539749978888,0.8713288881746128,0.1979014497428828,0.3012841032228265,0.5257019845540556,-0.6227755665351101,-0.5668496288322898,0.2966586997624064,0.4185214330360405,-0.8727184284439924,0.2057589924386947,0.2961396822695793,0.145363642934182,0.8746831856006902,-0.3484211466330465,0.2846744681294523,-0.1862664463321299,0.6037424948792507,-0.7371881855996739,0.234522825566547,0.3843015542656665,0.4859183502690438,-0.7541671815169756,0.2094522994343758,0,0,0,0,0,0,0,0,0,1,0,0,0,0,0,0,0,0,0,0,0,0,0,0,0,0,0,0,0,0,0,1,0,0,0,0,0,0,0,0,0,0,0,0,0,0,0,0,0,1,0,0,0,0,0,0,0,0,0,0,0,0,0,1,0,0,0,0,0,0,0,0,0,0,0,0,0,0,0,0,0,0,0,0,0,0,0,0,0,0,0,0,0,0,0,0,1,0,0,0,1,0,0,0,0,0,0,0,0,0,0,0,0,0,0,0,0,0,0,0,0,0,0,0,0,0,0,0,0,0,0,0,0,0,0,0,1,0,0,0,0,0,0,0,0,0,1,0,0,0,0,0,0,0,0,0,0,0,0,0,0,0,0,0,0,0,0,0,0,1,0,0,0,0,0,0,0,0,0,0,0,0,0,0,0,0,0,0,0,0,0,0,0,0,0,0,1,0,0,0,0,0,0,0,0,0,0,0,0,1,0,0,0,0,0,0,0,0,0,0,0,0,0,0,0,0,0,0,1,0,0,0,0,0,0,0,0,0,0,0,0,0,0,0,0,0,0,0,0,0,0,0,0,0,0,0,1,0,0,0,0,0,0,1,0,0,0,0,0,0,0,0,0,0,0,0,0,0,0,0,0,0,0,0,0,0,0,0,0,1,0,0,0,0,0,0,0,0,0,0,1,0,0,0,0,0,0,0,0,0,0,0,0,0,0,0,0,0,0,0,0,0,0,0,0,0,0,0,0,1,0,0,0,0,0,0,0,0,0,0,0,0,0,1,0,0,0,0,0,0,0,0,0,0,0,0,0,0,0,0,0,0,0,0,0,0,0,0,0,1,0,0,0,0,0,0,0,0,0,0,0,0,0,0,0,0,1,0,0,0,0,0,0,0,0,0,0,0,0,0,0,0,0,0,0,0,0,0,0,0,0,0,0,0,0,0,1,0,0,0,0,0,0,0,0,0,0,0,0,1,0,0,0,0,0,0,0,0,0,0,0,0,0,0,0,0,0,0,0,0,0,0,0,0,0,0,1,0,0,0,0,0,0,0,0,0,0,0,0,0,0,0,0,0,0,0,1,0,0,0,0,0,0,0,0,0,0,0,0,0,0,0,0,0,0,0,1,0,0,0,0,0,0,1,0,0,0,0,0,0,0,0,0,0,0,0,0,0,0,0,0,0,0,0,0,0,0,0,0,1,0,0,0,0,0,0,0,0,0,0,0,0,0,1,0,0,0,0,0,0,0,0,0,0,0,0,0,0,0,0,0,0,0,0,0,0,0,0,0,0,0,0,0,0,0,0,1,0,0,0,0,0,0,0,0,0,0,0,0,0,0,0,0,0,0,0,0,1,0,0,0,0,0,0,0,0,0,0,0,0,0,0,0,0,0,0,1,0,0,0,0,0,0,0,0,0,0,0,0,0,0,0,0,0,0,0,0,1,0,0,0,0,0,0,0,0,0,0,0,1,0,0,0,0,0,0,0,0,0,0,0,0,0,0,0,0,0,0,1,0,0,0,0,0,0,0,0,0,0,0,0,0,0,0,0,0,0,0,0,0,0,0,0,0,0,0,1,0,0,0,0,0,0,1,0,0,0,0,0,0,0,0,0,0,0,0,0,0,0,0,0,0,0,0,0,0,0,0,0,1,0,0,0,0,0,0,0,0,0,0,0,0,0,0,0,0,0,0,1,0,0,0,0,0,0,0,0,0,0,0,0,0,0,0,0,0,0,0,0,0,0,0,0,0,0,0,1,0,0,0,0,0,0,0,0,0,0,0,0,0,0,1,0,0,0,0,0,0,0,0,0,0,0,0,0,0,0,0,0,0,0,0,0,0,0,0,0,0,0,1,0,0,0,0,0,0,0,0,0,0,0,1,0,0,0,0,0,0,0,0,0,0,0,0,0,0,0,0,0,1,0,0,0,0,0,0,0,0,0,0,0,0,0,1,0,0,0,0,0,0,0,0,0,0,0,0,0,0,0,0,0,0,0,0,0,0,0,0,0,0,0,0,0,0,0,0,1,0,0,0,0,0,0,0,0,0,0,0,1,0,0,0,0,0,0,0,0,0,0,0,0,0,0,0,0,0,0,0,0,0,0,0,0,0,0,0,1,0,0,0,0,0,0,0,0,0,0,0,0,1,0,0,0,0,0,0,0,0,0,0,0,0,0,0,0,0,0,0,0,0,0,0,0,0,0,0,1,0,0,0,0,0,0,0,0,0,0,0,1,0,0,0,0,0,0,0,0,0,0,0
7.949,45,1.0,7.034842586422685e-18,-8.623730200654668e-18,1.01664779592528,-0.7263989401949436,0.0144033193439263,-0.0646348540240105,0.5710220405968947,0.765822634100842,-0.586711706846822,0.0075844448228161,0.5583638595519541,0.8542014419546712,0.5175633424360505,1.4550019699966264e-17,0.5401221497207522,0.1571950161640735,0.8601208989656677,0.2075214617138463,0.5096723199456326,0.2906898956703124,-0.9066575737706548,0.2397535702960948,0.4697653944059056,-0.0652450051562083,-0.992287101142152,0.0304472952124829,0.4656814486671912,0.4643818474475346,0.8532136877515233,0.0229612975249048,0.4280448293107947,0.1328540668858874,-0.6704907910427786,0.6575888321149219,0.4199908667057093,0.8194956724306195,-0.3859652124390555,0.2471965391232555,0.4047654489678982,-0.7952486478856745,-0.1759914927672392,0.1305085039770023,0.4039687730718787,0.6287957233883013,-0.5402198791699729,-0.4271614097393139,0.4016982132680682,-0.4461853159885187,0.3936587518784827,0.534272540553906,0.4009809035865813,0.3409555846525421,-0.5283141970362835,-0.6669660246634115,0.3956786345724231,0.9151692240721674,0.3631232923653943,-0.0367335126175156,0.3657288834186349,-0.0656779434282714,-0.4843629146358065,0.7714961650465286,0.3630461210046983,0.0586443696124531,0.6062109320751591,-0.6655425156117822,0.3337300560413876,0.0447459454472295,-0.4949222686617586,0.7457670696604725,0.3336419623095863,0.1753712181827831,0.6874178165721513,-0.5602877777223327,0.3284893820261152,0.3553204874751607,0.8385347722175295,-0.3029372764391977,0.3283512197965181,0.1223276561878716,0.521962051122506,-0.5271528582694094,0.3149826237852097,-0.7685419983443432,-0.4824377757856132,0.0308364059252077,0.3145115246286996,-0.7171369992813029,-0.5783397157839962,-0.0170112305370992,0.2940117176982198,0.0436396270174088,-0.5372938444957183,0.7522924898885619,0.282776911787415,0.3013479724294369,-0.9037553331226492,0.1558608013815652,0.26929606772653,0,0,0,0,0,0,0,0,0,0,0,0,0,0,0,0,0,0,0,1,0,0,0,0,0,0,0,0,0,0,0,1,0,0,0,0,0,0,0,0,0,0,0,0,0,0,0,1,0,0,0,0,0,0,0,0,0,0,0,0,0,0,0,0,0,0,0,0,0,0,0,0,0,0,0,0,1,0,0,0,0,0,0,0,0,0,0,0,0,0,0,0,0,0,0,0,0,0,0,1,0,0,0,1,0,0,0,0,0,0,0,0,0,0,0,0,0,0,0,0,0,0,0,0,0,0,0,0,0,1,0,0,0,0,0,0,0,0,0,0,1,0,0,0,0,0,0,0,0,0,0,0,0,0,0,0,0,0,0,0,0,0,0,0,0,0,0,0,0,1,0,0,0,0,0,0,0,0,0,0,0,0,0,0,0,0,1,0,0,0,0,0,0,0,0,0,0,0,0,0,0,0,0,0,0,0,0,0,0,0,0,0,0,0,0,0,0,0,0,1,0,0,0,1,0,0,0,0,0,0,0,0,0,0,0,0,0,0,0,0,0,0,0,0,0,0,0,0,0,0,0,0,0,0,0,0,0,0,0,1,0,0,0,0,0,0,0,0,1,0,0,0,0,0,0,0,0,0,0,0,0,0,0,0,0,0,0,0,0,1,0,0,0,0,0,0,0,0,0,0,0,0,0,1,0,0,0,0,0,0,0,0,0,0,0,0,0,0,0,0,0,0,0,0,0,0,0,0,0,0,0,0,0,0,0,0,0,0,0,1,0,0,0,1,0,0,0,0,0,0,0,0,0,0,0,0,0,0,0,0,0,0,0,0,0,0,0,0,0,0,0,0,0,0,0,0,0,0,0,1,0,0,0,0,0,0,1,0,0,0,0,0,0,0,0,0,0,0,0,0,0,0,0,0,0,0,0,1,0,0,0,0,0,0,0,0,0,0,0,0,1,0,0,0,0,0,0,0,0,0,0,0,0,0,0,0,0,0,0,0,0,0,0,0,0,0,0,0,0,0,0,0,0,0,0,0,0,0,0,1,1,0,0,0,0,0,0,0,0,0,0,0,0,0,0,0,0,0,0,0,0,0,0,0,0,0,0,0,0,0,0,0,0,1,0,0,0,0,0,0,0,0,0,0,0,0,1,0,0,0,0,0,0,0,0,0,0,0,0,0,0,0,0,0,0,0,0,0,0,0,0,0,0,0,0,0,0,0,0,1,0,0,0,0,0,0,0,0,0,0,0,0,0,0,0,0,1,0,0,0,0,0,0,0,0,0,0,0,0,1,0,0,0,0,0,0,0,0,0,0,0,0,0,0,0,0,0,0,0,0,0,0,0,0,0,0,1,0,0,0,0,0,0,0,0,0,0,0,0,0,0,0,0,0,0,0,0,0,0,1,0,0,0,0,0,0,0,0,1,0,0,0,0,0,0,0,0,0,0,0,0,0,0,0,0,0,0,0,0,1,0,0,0,0,0,0,0,0,0,0,0,0,0,0,0,0,0,0,1,0,0,0,0,0,0,0,0,0,0,0,0,0,0,0,0,0,0,0,0,0,0,0,0,0,0,0,0,0,0,1,0,0,0,0,0,0,0,0,1,0,0,0,0,0,0,0,0,0,0,0,0,0,0,0,0,0,0,0,0,1,0,0,0,0,0,0,0,0,0,0,0,0,0,1,0,0,0,0,0,0,0,0,0,0,0,0,0,0,0,0,0,0,0,0,0,0,0,0,0,1,0,0,0,0,0,0,0,0,0,0,0,0,0,1,0,0,0,0,0,0,0,0,0,0,0,0,0,0,0,0,0,0,0,0,0,0,0,0,0,1,0,0,0,0,0,0,0,0,0,0,0,0,0,0,0,0,0,0,1,0,0,0,0,0,0,0,0,0,0,0,0,0,0,0,0,0,0,1,0,0,0,0,0,0,0,0,0,0,0,0,0,0,0,1,0,0,0,0,0,0,0,0,0,0,0,0,0,0,0,0,0,0,0,0,0,0,0,1,0,0,0,0,0,0,0,0,0,0,0,0,0,0,0,0,0,0,1,0,0,0,0,0,0,0,0,0,0,0,0,0,0,0,0,0,0,0,0,0,0,0,0,0,0,0,0,0,0,0,0,1,0,0,0,0,0,0,0,0,1,0,0,0,0,0,0,0,0,0,0,0,0,0,0,0,0,0,0,0,0,0,0,0,0,0,0,0,0,0,0,1,0,0,0,1,0,0,0,0,0,0,0,0,0,0,0,0,0,0,0,0
10.631,47,1.0,1.1290327345501685e-17,7.969226732294275e-18,1.000859322567554,0.7298775535209304,-0.5242288094789698,-0.4063210467684611,0.5786486954083482,0.8168331583326275,0.5685982356956755,1.0109060964271025e-17,0.5582062703283046,-0.1823026636080177,-0.1087372693920221,0.8697751954993447,0.5113565248512898,0.4352651885369078,-0.6810518164384918,-0.494314009284688,0.4926740424816753,0.4831759126235943,-0.3873110642420007,-0.69439176160188,0.4896567686554777,0.1807669054600805,0.6963959036577424,0.6492014672285774,0.4557283922971669,0.4609214151370045,0.7972504987919496,0.3628300446290446,0.4364793224929972,0.8189968104729415,0.4934967384684334,-0.2330197111496909,0.3785786487096078,0.815648670317767,-0.4989070614019354,-0.1372280703503213,0.3576794548030949,0.1674332437535111,0.9527270367542398,0.1046625343942205,0.3465404620312566,-0.0329618074573536,0.9357949520329,-0.0319759485134761,0.3414914944682443,-0.0672540706759896,-0.1666068929033271,0.8946480056853797,0.3405139575581098,0.1183456376250539,0.9243456915131402,-0.1080882608991193,0.3350103864410996,0.3528195656664201,-0.2397824149536092,0.8348690418635242,0.3243951123154522,0.9431800090585136,-0.0259743830969499,0.1671207237528283,0.3199618270722769,0.9041404143735932,-0.3005142573539329,0.1572223079019216,0.3193963738288931,0.5650274759725906,0.7007992879060186,0.4275124811817822,0.2933616813795961,0.2567822601060277,-0.2425709339929457,0.8620252686763574,0.2909350721374708,0.3840969796690802,-0.1351180654744198,0.7957124620224384,0.2907164316760021,0.7270748890069646,0.3024390635344195,0.6001349795456881,0.2863716163791395,0.7168124288640205,-0.5807241211362291,-0.2585724191444351,0.2740197381251558,0.6680246038070515,0.519414964689983,0.5267038368746746,0.2541591774380733,0.1690831219012097,-0.9004765900974105,0.0775774309232193,0.2436323263497417,-0.2074724055645551,-0.1606663154258799,0.8688929365877622,0.2416526635074406,0,0,0,0,0,0,0,1,0,0,0,0,0,0,0,0,0,0,0,0,0,0,0,0,0,0,0,0,0,0,0,1,0,0,0,0,0,0,0,0,0,0,0,0,0,0,0,1,0,0,0,0,0,0,0,0,0,0,0,0,0,0,0,1,0,0,0,0,0,0,0,0,0,0,0,0,0,0,0,0,0,0,0,0,0,0,0,0,0,0,0,0,0,0,1,0,0,0,0,0,1,0,0,0,0,0,0,0,0,0,0,0,0,0,0,0,0,0,0,0,0,0,0,1,0,0,0,0,0,0,0,0,0,0,0,0,0,0,0,0,0,0,0,0,0,0,0,0,0,0,0,0,0,0,0,0,1,0,0,0,0,0,0,0,0,0,0,1,0,0,0,0,0,0,0,0,0,0,0,0,0,0,0,0,0,0,1,0,0,0,0,0,0,0,0,0,0,0,0,0,0,0,0,0,0,0,0,1,0,0,0,0,0,0,0,0,0,0,0,0,0,0,0,0,0,0,1,0,0,0,0,0,0,0,0,0,0,0,0,0,0,0,0,0,0,0,0,0,0,0,0,0,0,0,1,0,0,0,0,0,0,0,0,0,0,0,1,0,0,0,0,0,0,0,0,0,0,0,0,0,0,0,0,0,0,0,0,0,0,0,0,0,0,0,1,0,0,0,0,0,0,0,0,1,0,0,0,0,0,0,0,0,0,0,0,0,0,0,0,0,0,0,0,0,0,0,0,0,0,0,0,0,0,0,1,0,0,0,0,0,0,0,0,0,0,0,0,0,0,0,0,0,0,0,0,0,1,0,0,0,0,0,0,0,0,0,0,1,0,0,0,0,0,0,0,0,0,0,0,0,1,0,0,0,0,0,0,0,0,0,0,0,0,0,0,0,0,0,0,0,0,0,0,0,0,0,0,0,0,0,0,0,0,0,1,0,0,0,0,0,0,0,0,1,0,0,0,0,0,0,0,0,0,0,0,0,0,0,0,0,0,0,0,0,0,0,0,0,0,0,0,0,0,0,1,0,0,0,0,0,0,0,0,0,0,0,0,0,1,0,0,0,0,0,0,0,0,0,0,0,0,0,0,1,0,0,0,0,0,0,0,0,0,0,0,0,0,0,0,0,1,0,0,0,0,0,0,0,0,0,0,0,0,0,0,0,0,0,0,0,0,0,0,0,0,0,0,0,0,0,0,0,0,0,1,0,0,0,0,0,0,0,0,0,0,0,0,0,1,0,0,0,0,0,0,0,0,0,0,0,0,0,0,1,0,0,0,0,0,0,0,0,0,0,0,0,0,0,0,0,0,0,0,0,0,0,0,0,1,0,0,0,0,0,0,0,0,0,0,0,0,0,0,0,0,0,0,1,0,0,0,0,0,0,0,0,0,0,0,0,0,0,0,0,0,1,0,0,0,0,0,0,0,0,0,0,0,0,0,0,0,0,0,0,0,0,0,1,0,0,0,0,0,0,0,0,0,0,0,0,0,0,0,0,0,0,0,0,0,0,0,1,0,0,0,0,0,0,0,0,0,0,0,0,0,0,0,0,0,0,0,0,0,0,1,0,0,0,0,0,0,0,0,0,0,0,0,0,0,0,0,1,0,0,0,0,0,0,0,0,0,0,0,1,0,0,0,0,0,0,0,0,0,0,0,0,0,0,0,0,0,0,0,1,0,0,0,0,0,0,0,0,0,0,0,0,0,0,0,0,0,0,0,1,0,0,0,0,0,0,0,0,0,0,0,0,0,0,0,0,0,0,0,0,0,0,0,0,1,0,0,0,0,0,0,0,0,0,0,0,0,0,0,0,0,0,0,0,0,0,0,0,0,0,0,0,0,0,0,1,0,0,0,0,0,0,0,0,0,0,0,0,0,0,0,0,1,0,0,0,0,0,0,0,0,0,0,1,0,0,0,0,0,0,0,0,0,0,0,0,0,0,0,0,0,0,0,0,0,0,0,0,0,0,0,0,1,0,0,0,0,0,0,0,0,0,0,0,0,0,0,0,0,0,0,0,0,0,0,1,1,0,0,0,0,0,0,0,0,0,0,0,0,0,0,0,0,0,0,0,0,1,0,0,0,0,0,0,0,0,0,0,0,0,0,0,0,0,0,0,0,0,0,0,0,0,0,0,1,0,0,0,0,0,0,0,0,0,0,0,0,0,0,1,0,0,0,0,0,0,0,0,0,0,0,0,0,0,0,0,0,0,0,0,0,0,0,0,0,0,0,0,0,0,0,0,1,0,0,0
7.99,48,1.0,-6.422806636210226e-18,4.454919518852398e-18,1.0112339445796108,0.7321232944000589,-0.512403406714551,0.3604718569724469,0.5776443503606237,0.8142559991924134,0.5723524764134169,-2.6109216121481464e-18,0.5579534964047624,0.4150288907017223,-0.6475471557540178,0.477887646985515,0.5075368169636907,0.5465739107910279,-0.406822883192533,0.5824913658846915,0.4833811482461995,-0.4701263021634568,0.6374143511330055,-0.1846813857595616,0.479879520850251,-0.3988607033447525,-0.5155293816199918,-0.5504292755272815,0.4742083738537864,-0.2788153921139653,0.556822597007528,-0.5320796282691186,0.4700139634894377,0.1708478217023625,0.637509189597849,-0.6070234251978126,0.4507702736593117,0.4926140326060479,0.7790812602098716,-0.3179826915485647,0.4243297641549416,0.7959027713233329,0.5045139680219304,0.2435881159578866,0.3869706073769695,0.7928536751527802,-0.4709329617591914,0.0868791950570819,0.3631090748937572,-0.6111745251175891,-0.3963070468522354,-0.4427698579968342,0.3590837640495274,-0.5264930946748404,-0.7723022019537408,0.1766324886775014,0.3407430759500608,-0.4313203514566616,0.2524066318625102,-0.6340565521551478,0.3388920703262442,0.3927372790436715,0.8475994261426649,-0.1787248571801935,0.3370161981156699,0.461149204140121,0.7831142952424532,-0.2881511674336264,0.3334712636843272,0.8230869847764082,-0.3372866349109814,-0.1969030527340092,0.3325365816113927,-0.6313797498477391,-0.0722885345804092,-0.512466681958655,0.3311812425384001,0.1573009016258924,0.6154320963497504,-0.6547651867023137,0.3199618270722769,0.2835847854207761,-0.2486611891004318,-0.779651189634929,0.3049234390227341,-0.7469140872581371,-0.1777041697802213,0.2066940925217483,0.3045539490617495,-0.273042620901439,0.174636306718315,-0.7563945832346366,0.2918789723131226,-0.8805053927015074,-0.3318395596394099,0.1349883920750182,0.2785347852017837,-0.7340288046283422,-0.6186719125559582,0.0034227238943013,0.261665861609028,0,0,0,0,0,0,0,1,0,0,0,0,0,0,0,0,0,0,0,0,0,0,0,0,0,0,0,0,0,0,0,1,0,0,0,0,0,0,0,0,0,0,0,0,0,0,0,1,0,0,0,0,0,0,0,0,0,0,0,0,0,0,0,1,0,0,0,0,0,0,0,0,0,0,0,0,0,0,0,0,0,0,0,0,0,0,0,1,0,0,0,0,0,0,0,0,0,0,0,0,1,0,0,0,0,0,0,0,0,0,0,0,0,0,0,0,0,0,0,0,0,0,0,0,0,0,0,1,0,0,0,0,0,0,0,0,0,0,0,0,0,0,0,0,0,0,1,0,0,0,0,0,0,0,0,0,0,0,0,0,0,0,0,0,0,0,0,1,0,0,0,0,0,0,0,0,0,0,0,0,0,0,0,0,0,0,1,0,0,0,0,0,0,0,0,0,0,0,0,0,0,0,0,0,0,0,0,0,0,0,0,0,0,0,1,0,0,0,0,0,0,0,0,0,0,0,0,0,0,0,0,0,0,0,0,0,1,0,0,0,0,0,0,0,0,0,0,0,0,0,0,0,0,0,0,0,0,0,0,1,0,0,0,0,0,0,0,0,0,0,0,0,0,0,0,0,1,0,0,0,0,0,0,0,0,0,0,0,0,0,0,0,0,0,1,0,0,0,0,0,1,0,0,0,0,0,0,0,0,0,0,0,0,0,0,0,0,0,0,0,0,0,0,0,0,0,0,1,0,0,0,0,0,0,0,0,0,0,0,0,0,0,0,0,0,0,0,0,0,0,0,1,0,0,0,0,0,0,0,0,0,0,0,0,0,0,0,1,0,0,0,0,0,0,0,0,0,0,0,0,0,0,0,1,0,0,0,0,0,0,0,0,0,0,0,0,0,0,0,0,0,0,0,0,0,0,0,1,0,0,0,0,0,0,0,0,0,0,0,0,0,0,0,0,0,0,0,0,0,0,0,0,0,0,0,0,1,0,0,0,0,0,0,0,0,0,0,1,0,0,0,0,0,0,0,0,0,0,0,0,1,0,0,0,0,0,0,0,0,0,0,0,0,0,0,0,0,0,0,0,0,0,0,0,0,0,0,0,0,0,0,0,0,0,0,0,0,0,0,1,1,0,0,0,0,0,0,0,0,0,0,0,0,0,0,0,0,0,0,0,0,0,0,0,0,0,0,0,0,0,0,0,0,0,0,0,0,0,0,1,0,0,0,0,0,0,0,0,1,0,0,0,0,0,0,0,0,0,0,0,0,0,0,0,0,0,0,0,0,0,0,0,0,0,1,0,0,0,0,0,0,0,0,1,0,0,0,0,0,0,0,0,0,0,0,0,0,0,0,0,0,0,0,0,0,0,0,1,0,0,0,0,0,0,0,0,0,0,0,0,0,0,0,0,0,0,1,0,0,0,0,0,0,0,0,0,0,0,0,0,0,0,0,0,0,0,0,1,0,0,0,0,0,0,0,0,0,0,0,0,0,0,0,0,0,0,1,0,0,0,0,0,0,0,0,0,0,0,0,0,0,0,0,0,0,0,0,1,0,0,0,0,0,0,0,0,0,0,0,0,0,0,0,0,0,0,0,0,0,0,0,0,0,0,0,0,1,0,0,0,0,0,0,0,0,0,0,0,0,0,0,0,0,0,1,0,0,0,0,0,0,0,0,0,0,0,0,0,0,0,0,1,0,0,0,0,0,0,0,0,0,0,0,0,0,0,0,1,0,0,0,0,0,0,0,0,0,0,0,0,0,0,0,0,0,1,0,0,0,0,0,0,0,0,0,0,0,0,0,0,0,0,0,1,0,0,0,0,0,0,0,0,0,0,0,0,0,0,0,0,0,0,0,0,0,0,0,0,1,0,0,0,0,0,0,0,0,0,0,0,0,0,0,0,0,0,0,0,0,0,0,0,0,0,0,0,0,0,0,1,0,0,0,0,0,0,0,0,1,0,0,0,0,0,0,0,0,0,0,0,0,0,0,0,0,0,0,0,0,0,0,0,0,0,1,0,0,0,0,0,0,0,0,0,0,0,1,0,0,0,0,0,0,0,0,0,0,0,0,0,0,0,0,0,0,0,0,0,0,0,0,0,0,0,0,0,0,0,0,1,0,0,0,1,0,0,0,0,0,0,0,0,0,0,0,0,0,0,0,0,0,0,0,0,0,0,0,0,0,0,0,0,0,0,0,0,0,0,0,1,0,0,0,1,0,0,0,0,0,0,0,0,0,0,0,0,0,0,0,0
8.725,49,1.0,-6.0057872907986824e-18,-4.9881629733371544e-18,1.0089728980367592,0.8281914067738934,0.5587171381801046,5.63359310389605e-19,0.578090305902058,0.812889789677558,-0.5290459308689615,0.2374773517641498,0.533252102907538,0.3320859226803793,0.9297433861767967,-0.1425185918935581,0.4797434709201339,0.1019700636124615,-0.925190070065794,0.035053928629327,0.4754580369739413,0.0759156142781518,0.8762757138507542,-0.3195415490484438,0.471690183730749,0.0179083041344552,0.9368251805759648,-0.0454475225114986,0.4693886795548165,0.3268081588934445,-0.9142284815757128,0.2328379524726839,0.4664228535632189,0.1311199430762633,-0.8790892197666407,0.2609536078237081,0.4512142634935078,0.7592422442107023,-0.2968115264620156,0.5723343884266895,0.4254370853407456,0.6524991231293049,-0.314182807403985,-0.6794064237735224,0.3814398368612419,0.9101922032713594,0.4093294188286574,0.0349402831168983,0.3727465434878027,0.8806691486248303,-0.4601433179577034,-0.0897556157374434,0.3488995634163078,0.0645432504876628,-0.6088809533816568,-0.7758601449333493,0.3322864392907939,-0.1367329827994249,0.1834282906433133,-0.9464838972602996,0.3269629556164243,-0.3392454068305269,0.1976831486429955,-0.8983669255603276,0.3260359827777158,0.7999335289263928,-0.4000044038780303,-0.4395688359804396,0.322000749645216,-0.2577887604357926,-0.5749661731801965,-0.7561455899527377,0.3180997071481565,0.2660246309493107,-0.873644207102006,0.3490101359287322,0.3162520521147626,-0.7652766592531592,-0.5863406909806664,-0.0423824798278022,0.3112145313853426,-0.2468822068583302,0.0416720245102338,-0.9557481794823636,0.3070760279427542,0.3785117384715849,0.922509328301714,-0.0614653766676876,0.3063679249155221,-0.395329559707637,-0.278276053238743,-0.8590807312395192,0.303852437150392,-0.3393906738140413,-0.8629902068217994,-0.3154365393121181,0.2987058416819586,0.2821607729683342,0.8376954775556411,0.4602272532267132,0.2178102862368923,0,0,0,0,0,0,0,0,0,0,1,0,0,0,0,0,0,0,0,0,0,0,0,0,0,0,0,0,0,0,0,1,0,0,0,0,0,0,0,0,0,0,0,0,0,0,0,1,0,0,0,0,0,0,0,0,0,0,0,0,1,0,0,0,0,0,0,0,0,0,0,0,0,0,0,0,0,0,0,0,0,0,0,0,0,0,0,0,0,0,1,0,0,0,0,0,0,0,0,0,0,0,0,1,0,0,0,0,0,0,0,0,0,0,0,0,0,0,0,0,0,0,0,0,0,0,0,1,0,0,0,0,0,0,0,0,0,0,0,0,0,0,0,1,0,0,0,0,0,0,0,0,0,0,0,0,0,0,0,0,0,0,0,0,0,0,0,0,0,0,1,0,0,0,0,0,0,0,0,0,0,0,0,0,0,0,0,0,1,0,0,0,0,0,0,0,0,0,0,0,0,0,0,0,0,0,0,1,0,0,0,0,0,0,0,0,0,0,0,0,0,0,0,0,0,0,1,0,0,0,0,0,0,0,0,0,0,0,0,0,0,0,0,0,0,0,0,1,0,0,0,0,0,0,0,0,0,0,0,0,0,0,0,0,0,0,1,0,0,0,0,0,0,0,0,0,0,0,0,0,0,0,0,0,0,0,0,0,0,0,1,0,0,0,0,0,0,0,0,0,0,0,0,1,0,0,0,0,0,0,0,0,0,0,0,0,0,0,0,0,0,0,0,0,0,0,0,0,0,0,1,0,0,0,0,0,0,0,0,0,0,0,0,0,0,0,0,0,1,0,0,0,0,0,0,0,0,0,0,0,0,0,0,0,0,0,0,0,0,0,1,0,0,0,0,0,0,0,0,0,0,0,0,0,0,0,1,0,0,0,0,0,0,0,0,0,0,0,0,0,1,0,0,0,0,0,0,0,0,0,0,0,0,0,0,0,0,0,0,0,0,0,0,0,0,1,0,0,0,0,0,0,0,0,0,0,0,0,0,0,0,0,0,0,0,0,0,1,0,0,0,0,0,0,0,0,0,0,0,0,0,0,0,0,0,0,0,0,0,0,0,0,0,0,0,0,1,0,0,0,0,0,0,0,0,0,0,0,0,0,1,0,0,0,0,0,0,0,0,0,1,0,0,0,0,0,0,0,0,0,0,0,0,0,0,0,0,0,0,0,0,0,0,0,0,0,0,0,0,0,1,0,0,0,0,0,0,0,0,0,0,0,0,0,0,0,0,0,0,0,0,0,0,0,0,0,1,0,0,0,0,0,0,0,0,0,0,1,0,0,0,0,0,0,0,0,0,0,0,0,0,0,0,0,0,0,1,0,0,0,0,0,0,0,0,0,0,0,0,0,0,0,0,0,0,0,0,1,0,0,0,0,0,0,0,0,0,0,0,0,0,0,0,0,0,0,1,0,0,0,0,0,0,0,0,0,0,0,0,0,1,0,0,0,0,0,0,0,0,0,0,0,0,0,0,0,0,0,0,0,0,0,0,0,0,0,0,0,0,0,0,1,0,0,0,0,0,0,0,0,0,0,0,0,0,0,0,0,0,0,1,0,0,0,0,0,0,0,0,0,1,0,0,0,0,0,0,0,0,0,0,0,0,0,0,0,0,0,0,0,0,0,0,0,0,0,0,0,0,0,1,0,0,0,0,0,0,0,0,0,0,0,0,1,0,0,0,0,0,0,0,0,0,0,0,0,0,0,0,0,0,0,0,0,0,0,0,1,0,0,0,0,0,0,0,0,0,0,0,0,0,0,0,0,0,0,0,0,0,0,0,0,0,0,0,0,1,0,0,0,0,0,0,0,0,0,0,1,0,0,0,0,0,0,0,0,0,0,0,0,0,0,0,1,0,0,0,0,0,0,0,0,0,0,0,0,0,0,0,0,0,0,0,0,0,0,0,1,0,0,0,0,0,0,0,0,0,0,0,0,0,0,0,0,0,0,0,0,0,0,0,1,0,0,0,0,0,0,0,0,0,0,0,0,0,0,0,1,0,0,0,0,0,0,0,0,0,0,0,0,0,0,0,0,0,0,0,0,0,0,0,1,0,0,0,0,0,0,0,0,0,0,0,0,0,0,0,0,0,0,1,0,0,0,0,0,0,0,0,0,0,0,0,0,0,0,1,0,0,0,0,0,0,0,0,0,0,0,0,0,0,0,0,0,0,0,0,1,0,0,0,0,0,0,0,0,0,0,0,0,0,0,0,0,0,0,0,0,0,0,0,0,0,0,0,0,1,0,0,0
7.623,50,1.0,2.406463362178645e-18,6.935936259364691e-19,1.0136599680760143,0.8405305174439768,0.540820028961214,-1.4505303357320615e-18,0.5519696333057393,0.8086738003505897,-0.5724271242411634,-0.0968335459831603,0.535448862617228,-0.5093597129931309,-0.0569915863962728,0.8201853478249926,0.5139629885970524,-0.0648118919005528,0.9583714826920868,-0.2212415862419615,0.4733909838463525,0.3364310655488723,-0.9362217368597584,0.0644267376958817,0.4644597429110197,0.0957159208652326,-0.3437453545204398,-0.9234745665489144,0.463971374888742,0.3969318458298016,0.9120350265535696,0.0586635463716844,0.4421406052976935,0.1227164900086554,-0.9104085536919972,0.1790172648948153,0.434935017429188,0.2277665615234045,-0.9289658291109866,0.0627121984287338,0.3978738994201743,0.1997558148314401,-0.9187090541884664,0.031269125895833,0.3960628445775791,-0.0833068187905933,0.7848926349191001,-0.5894673669374725,0.3918873090377047,-0.3467123907832314,0.9202683268741758,-0.0120394265038293,0.3814398368612419,0.7113173267375998,-0.4522739927856288,-0.5239900831503654,0.3799554245024052,0.4379103011743193,-0.3271166297143157,-0.8261615717846181,0.379051624536476,0.8797157721528459,-0.4430955237998075,0.1288284724316558,0.3773197457579246,0.9250255171666716,0.3657272599458474,-0.0792817490764872,0.3678858120469204,0.2459896434236844,0.8300243157280798,0.4868500810035684,0.3623660175217147,0.2016075210046528,0.6141052796538027,-0.74728662660096,0.3586681750997215,-0.6433657240601953,0.087894445177544,0.7211798174859444,0.3547892186518428,-0.9709048055091596,-0.0269433405786045,0.1185732603865355,0.3298745905399037,0.4338687859872577,0.8934050177299389,-0.0888781081915135,0.3168341848743966,-0.8048883862370773,-0.5353240512620269,-0.2102667446485452,0.3165346358540741,0.0540802182874176,0.6762052036547426,0.7148852366349967,0.2960679615702231,-0.9655092883559266,0.1107484020853422,-0.0350546109347264,0.291585647119169,1,0,0,0,0,0,0,0,0,0,0,0,0,0,0,0,0,0,0,0,0,0,0,0,0,0,0,0,0,0,0,1,0,0,0,0,0,0,0,0,0,0,0,0,0,0,0,0,0,0,1,0,0,0,0,0,0,0,0,0,1,0,0,0,0,0,0,0,0,0,0,0,0,0,0,0,0,0,0,0,1,0,0,0,0,0,0,0,0,0,0,0,0,0,0,0,0,0,0,0,0,0,0,1,0,0,0,0,0,0,0,0,0,0,0,0,0,0,0,0,0,0,0,0,0,0,0,0,0,0,1,0,0,0,0,0,0,0,0,0,0,0,0,0,0,0,0,0,0,0,0,0,0,0,0,0,1,0,0,0,0,0,0,0,0,0,0,0,0,0,1,0,0,0,0,0,0,0,0,0,0,0,0,0,0,0,0,0,0,0,0,1,0,0,0,0,0,0,0,0,1,0,0,0,0,0,0,0,0,0,0,0,0,0,0,0,0,0,0,0,0,0,0,1,0,0,0,0,0,0,0,0,0,0,0,0,0,0,0,0,0,0,0,1,0,0,0,0,0,0,0,0,0,0,0,0,0,0,0,0,0,0,0,0,0,1,0,0,0,0,0,0,0,0,0,0,0,0,0,0,0,0,0,0,0,0,0,0,0,0,1,0,0,0,0,0,0,0,0,0,0,0,0,1,0,0,0,0,0,0,0,0,0,0,0,0,0,0,0,0,1,0,0,0,0,0,0,0,0,0,0,0,0,0,0,0,0,0,0,0,0,0,0,0,0,0,0,0,1,0,0,0,0,0,0,0,0,0,0,0,1,0,0,0,0,0,0,0,0,0,0,0,0,0,0,0,0,0,0,0,0,0,0,0,0,0,0,0,1,0,0,0,0,0,0,0,0,0,0,0,1,0,0,0,0,0,0,0,0,0,0,0,0,0,0,0,0,0,0,0,0,0,0,0,0,0,0,0,1,0,0,0,0,0,0,0,0,0,0,0,0,0,0,0,0,0,0,1,0,0,0,0,0,0,0,0,0,0,0,0,1,0,0,0,0,0,0,0,0,0,0,0,0,0,0,0,0,0,0,0,0,0,0,0,0,0,0,0,0,0,1,0,0,0,0,0,0,0,0,0,0,0,0,0,0,1,0,0,0,0,0,0,0,0,0,0,0,0,0,0,1,0,0,0,0,0,0,0,0,0,0,0,0,0,0,0,0,0,0,0,1,0,0,0,0,0,0,0,0,0,0,0,0,0,0,0,0,0,0,0,0,0,0,1,0,0,0,0,0,0,0,0,0,0,0,0,0,0,0,0,0,0,0,0,0,0,0,0,0,0,0,1,0,0,0,0,0,0,0,0,1,0,0,0,0,0,0,0,0,0,0,0,0,0,0,0,0,0,0,0,0,0,0,0,0,0,1,0,0,0,0,0,0,0,0,0,0,0,0,0,0,0,0,0,0,0,0,0,0,0,1,0,0,0,0,0,0,0,0,0,0,0,0,0,0,0,0,0,0,0,0,0,0,0,0,0,1,0,0,0,0,0,0,0,0,0,0,0,0,0,1,0,0,0,0,0,0,0,0,0,0,0,0,1,0,0,0,0,0,0,0,0,0,0,0,0,0,0,0,0,0,0,0,0,0,0,0,1,0,0,0,0,0,0,0,0,0,0,0,0,0,0,0,0,0,0,0,0,0,0,0,0,0,0,0,0,1,0,0,0,0,0,0,0,0,0,0,0,0,0,1,0,0,0,0,0,0,0,0,0,1,0,0,0,0,0,0,0,0,0,0,0,0,0,0,0,0,0,0,0,0,0,0,0,0,0,0,1,0,0,0,0,0,0,0,0,0,0,0,0,0,0,0,1,0,0,0,0,0,0,0,0,0,0,0,0,0,0,0,0,0,0,0,0,0,0,0,0,0,0,1,0,0,0,0,0,0,0,0,0,0,0,0,0,0,0,1,0,0,0,0,0,0,0,0,0,0,0,0,0,0,0,0,0,0,0,0,1,0,0,0,0,0,0,0,0,0,0,0,0,0,0,0,0,0,0,0,0,0,0,0,0,0,0,0,0,1,0,0,0,0,0,0,0,0,0,0,0,0,0,1,0,0,0,0,0,0,0,0,0,0,0,0,0,0,0,0,0,1,0,0,0,0,0,0,0,0,0,0,0,0,0,0,0,0,0,0,1,0,0,0,0,0,0,0,0,0,0,0,0,0,0,0,0,0,0,1,0,0,0,0,0,0,0,0,0,0,0,0,0
9.244,51,1.0,2.094849287580981e-17,9.986571193226757e-18,1.0122291588737813,0.8492388003930527,0.5262981587887774,4.3467625212507215e-18,0.5417236103086711,0.7979637918236411,-0.5856218818398837,0.1238766648267379,0.540931880551646,0.278889067245604,-0.9516937594666258,0.1096410443427534,0.4785719099221044,-0.313428768802445,0.782011858695163,-0.5221670689050746,0.463971374888742,0.0146125754518406,-0.9154456979715352,0.1281854112613715,0.4563651399703231,0.4224689312747008,0.8918891375284485,-0.1458689996116428,0.4395998208199546,0.0461762018914681,-0.9375803698549874,-0.0313461554323297,0.4393542279009145,0.1172366290849626,0.8079498421712495,-0.5707948449671951,0.4378245491053791,0.7763057754539076,-0.4397485386541714,0.4437278803259842,0.4019652237309465,0.0146573157737074,-0.2683583978946087,-0.9550901963601408,0.4015188380400477,0.1012334957782652,0.9574603456581968,0.2473795254511512,0.390999863884185,0.6441397886061694,-0.1685922420747621,-0.7405100489115237,0.3806125193684912,0.92526140483368,0.3629148454995684,0.091172972613006,0.3618358637805839,-0.3081858882511357,-0.2461342899736948,0.8639639146330468,0.3593831575045286,0.8437103794919034,-0.4813897540507631,-0.218446999530617,0.3551296669444648,-0.3082980383272374,-0.1109890822105666,-0.9353896321588028,0.3522614142048538,0.2239815830819925,0.5684466315022477,-0.7874186243868465,0.3379536393369299,0.0122349662512165,-0.2119200302938003,0.946085240191116,0.3280270462316938,0.0639971828565332,0.8726699449702404,0.379785167736386,0.3267005079648433,0.7726833361008743,-0.3411341679016087,-0.5269867317922541,0.3251570506608349,-0.228020290833063,-0.1737516132292972,0.95125811066608,0.3215263157446663,-0.2639654169539311,-0.12449525610537,0.8837326075385599,0.3212978252784907,0.522089158588848,0.8364874301996827,-0.1532397254478761,0.3112811006108859,0.0599820963267207,0.8331969057657629,0.4615330262107175,0.2815568350118958,0,0,0,1,0,0,0,0,0,0,0,0,0,0,0,0,0,0,0,0,0,0,0,0,0,0,0,0,0,0,0,1,0,0,0,0,0,0,0,0,1,0,0,0,0,0,0,0,0,0,0,0,0,0,0,0,0,0,0,0,1,0,0,0,0,0,0,0,0,0,0,0,0,0,0,0,0,0,0,0,0,0,0,1,0,0,0,0,0,0,0,0,0,0,0,0,0,0,0,0,0,0,0,1,0,0,0,0,0,0,0,0,0,0,0,0,0,0,0,0,0,0,0,1,0,0,0,0,0,0,0,0,0,0,0,0,0,0,0,0,0,0,0,1,0,0,0,0,0,0,0,0,0,0,0,0,0,0,0,0,1,0,0,0,0,0,0,0,0,0,0,0,0,0,0,0,0,0,0,0,0,0,0,0,0,1,0,0,0,0,0,0,0,0,0,0,0,0,0,0,0,0,0,1,0,0,0,0,0,0,0,0,0,0,0,0,0,0,0,0,0,0,0,0,0,0,0,0,1,0,0,0,0,0,0,0,0,0,0,0,1,0,0,0,0,0,0,0,0,0,0,0,0,0,0,0,0,0,0,0,0,0,0,1,0,0,0,0,0,0,0,0,0,0,0,0,0,0,0,0,0,0,0,1,0,0,0,0,0,0,0,0,0,0,0,0,0,0,0,0,0,0,0,0,0,0,0,0,1,0,0,0,0,0,0,0,0,0,0,0,1,0,0,0,0,0,0,0,0,0,0,0,0,0,0,0,0,0,0,0,0,0,0,0,0,0,0,0,0,0,0,1,0,0,0,0,0,0,0,0,0,0,0,1,0,0,0,0,0,0,0,0,0,0,0,0,0,0,0,0,0,0,0,0,0,0,1,0,0,0,0,0,0,0,0,0,0,0,0,0,0,0,0,0,0,0,0,1,0,0,0,0,0,0,0,0,0,0,0,0,0,0,0,0,0,0,0,0,0,0,0,0,0,0,0,0,1,0,0,0,1,0,0,0,0,0,0,0,0,0,0,0,0,0,0,0,0,0,0,0,0,0,0,1,0,0,0,0,0,0,0,0,0,0,0,0,0,0,0,0,0,1,0,0,0,0,0,0,0,0,0,0,0,0,0,0,0,0,0,0,0,0,0,0,0,1,0,0,0,0,0,0,0,0,0,0,0,0,0,0,1,0,0,0,0,0,0,0,0,0,0,0,0,0,0,0,0,0,0,0,0,0,0,0,0,0,0,0,0,0,0,0,0,0,0,0,1,0,0,0,0,0,0,0,0,0,0,0,0,1,0,0,0,0,0,0,0,0,0,0,0,0,0,0,0,0,0,0,1,0,0,0,0,0,0,0,0,0,0,0,0,0,0,1,0,0,0,0,0,0,0,0,0,0,0,0,0,0,0,0,1,0,0,0,0,0,0,0,0,0,0,0,0,0,0,0,0,0,0,0,0,0,0,0,0,0,0,1,0,0,0,0,0,0,0,0,0,0,0,0,1,0,0,0,0,0,0,0,0,0,0,0,0,0,0,0,0,0,0,0,0,0,0,0,0,0,0,0,0,0,1,0,0,0,0,0,0,0,0,0,1,0,0,0,0,0,0,0,0,0,0,0,0,0,0,0,0,0,0,0,0,0,0,0,0,0,0,0,0,1,0,0,0,0,0,0,0,0,0,0,0,0,0,0,0,0,0,0,1,0,0,0,0,0,0,0,0,0,0,0,1,0,0,0,0,0,0,0,0,0,0,0,0,0,0,0,0,0,0,0,0,0,0,0,0,0,0,0,1,0,0,0,0,0,0,0,0,0,0,0,0,1,0,0,0,0,0,0,0,0,0,0,0,0,0,0,0,0,0,0,0,0,0,0,0,0,0,0,0,0,0,1,0,0,0,0,0,0,0,0,0,0,0,0,0,0,0,0,0,1,0,0,0,0,0,0,0,0,0,0,0,0,0,1,0,0,0,0,0,0,0,0,0,0,0,0,0,0,0,0,0,0,0,0,0,0,0,0,0,1,0,0,0,0,0,0,0,0,0,0,0,0,0,0,0,0,0,0,1,0,0,0,0,0,0,0,0,0,0,0,1,0,0,0,0,0,0,0,0,0,0,0,0,0,0,0,0,0,0,0,0,0,0,0,0,0,1,0,0,0,0,0,0,0,0,0,0,0,0,0,1,0,0,0,0,0,0,0,0,0,0,0,0,0,0,0,0,0,0,0,0,0,0,0,0,0,0,0,1,0,0,0,0,0,0,0,0,0,0,0
8.562,52,1.0,-7.570909789551372e-18,3.636954605177592e-17,1.0168710803835022,-0.6695096126864788,0.1518819280964312,0.703627460376209,0.5760496858481361,0.8540180095311222,0.5194377620412081,5.842709660225324e-17,0.5665976191027629,0.7721101204469261,-0.630743228369613,-0.0241041073274588,0.554882603792758,0.2591230771171303,-0.938806721187908,0.2138846107932618,0.4832961028446629,-0.0557979505676282,0.9715032529142172,-0.1874890670661086,0.4694103198979353,-0.6842724839133283,-0.1943582858987333,-0.6861825177109396,0.4649449055836706,0.0558018476579351,-0.488838895653527,-0.836384422423885,0.4601016766391644,0.4277160244442752,0.8995591439947198,0.0460265595637054,0.4370909994219805,-0.900637881538926,0.0453064755595075,-0.4017888783081934,0.4149197100603176,0.3835686767093499,-0.4439350343910688,-0.8024467279218284,0.4131065967683338,-0.1285020863236795,0.7667596241797712,-0.6120546741568973,0.4123729838633509,0.0566981536565776,-0.9638900415000552,0.0699588401690673,0.4009045774140131,0.1111189379532222,-0.9605470057476776,0.0064165367711684,0.3985066521899697,0.6539406077613692,-0.5757933953533689,-0.4808740587506118,0.3917702762445003,0.8706571495597066,-0.4568132383849278,0.1582665855025594,0.3840001633429627,0.938053426433379,0.3143952643370783,-0.1344232990685031,0.3814747580715456,-0.3062021621236802,0.9375221260286098,0.0626898691432595,0.3806125193684912,0.1853710578861548,-0.7351242618165384,0.6434901771844624,0.3795580323141196,-0.7895767235288433,0.142916787038897,0.571596496984961,0.3724181124081974,0.1620947125643461,0.607815910351668,-0.7667514550089465,0.3590285983704337,-0.7911511000898444,0.4331048467168038,-0.3980824347961865,0.3581807162855385,-0.8799914876109151,-0.4547251472902907,0.0741977139557518,0.3531521381934609,0.3137122255569509,0.8281797832612355,0.4554001842541731,0.3454249294181746,-0.9774751376166074,-0.1538721705694548,-0.0352448581935071,0.3382245376186795,0,1,0,0,0,0,0,0,0,0,0,0,0,0,0,0,0,0,0,0,0,0,0,0,0,0,0,0,0,0,0,1,0,0,0,0,0,0,0,0,0,0,0,0,0,0,0,1,0,0,0,0,0,0,0,0,0,0,0,0,0,0,0,0,0,0,0,0,0,0,0,0,0,0,0,0,1,0,0,0,0,0,0,1,0,0,0,0,0,0,0,0,0,0,0,0,0,0,0,0,1,0,0,0,0,0,0,0,0,0,0,0,0,0,0,0,0,0,0,0,0,1,0,0,0,0,0,0,0,0,0,0,0,0,0,0,0,0,0,0,0,0,0,1,0,0,0,0,0,0,0,0,0,0,0,0,0,0,0,0,0,1,0,0,0,0,0,0,0,0,0,0,0,0,0,0,0,0,0,0,0,0,0,1,0,0,0,0,0,0,0,0,0,0,0,0,0,0,0,0,0,0,0,1,0,0,0,0,0,0,0,0,0,0,0,0,0,0,0,0,0,0,0,0,0,0,0,0,0,0,0,1,0,0,0,0,0,0,0,0,0,0,0,0,0,0,0,0,0,0,1,0,0,0,0,0,0,0,0,0,0,0,0,0,0,0,0,0,0,0,0,0,0,0,0,0,1,0,0,0,0,0,0,1,0,0,0,0,0,0,0,0,0,0,0,0,0,0,0,0,0,0,0,0,0,1,0,0,0,0,0,0,0,0,0,0,0,0,0,0,0,0,0,1,0,0,0,0,0,0,0,0,0,0,0,0,0,0,0,0,0,0,0,1,0,0,0,0,0,0,0,0,0,0,0,0,0,0,0,0,0,0,0,0,0,0,0,0,0,0,1,0,0,0,0,0,0,0,0,0,1,0,0,0,0,0,0,0,0,0,0,0,0,0,0,0,0,0,0,0,0,0,0,1,0,0,0,0,0,0,0,0,0,0,0,0,0,0,0,0,0,0,0,0,0,0,0,0,0,0,0,1,0,0,0,0,0,0,0,0,1,0,0,0,0,0,0,0,0,0,0,0,0,0,0,0,0,0,0,0,1,0,0,0,0,0,0,0,0,0,0,0,0,0,0,0,0,0,0,0,0,1,0,0,0,0,0,0,0,0,0,0,0,0,0,0,0,0,0,0,0,0,0,0,0,0,0,0,1,0,0,0,0,0,0,0,0,0,0,0,0,1,0,0,0,0,0,0,0,0,0,0,0,0,0,0,0,0,0,0,0,0,0,0,0,0,0,0,1,0,0,0,0,0,0,0,0,0,0,0,0,1,0,0,0,0,0,0,0,0,0,0,0,0,0,0,0,0,0,0,1,0,0,0,0,0,0,0,0,0,0,0,0,0,0,0,0,0,0,0,0,1,0,0,0,0,0,0,0,0,0,0,0,0,0,0,0,0,0,0,0,0,0,0,0,0,1,0,0,0,0,0,0,0,0,0,0,0,0,0,0,0,0,1,0,0,0,0,0,0,0,0,0,0,0,0,0,0,0,0,0,0,0,0,0,0,0,0,0,0,0,0,0,0,0,0,1,0,0,0,0,0,0,1,0,0,0,0,0,0,0,0,0,0,0,0,0,0,0,0,0,0,0,0,0,1,0,0,0,0,0,0,0,0,0,0,0,0,0,0,0,1,0,0,0,0,0,0,0,0,0,0,0,0,0,0,0,0,0,0,0,0,0,1,0,0,0,0,0,0,0,0,0,0,0,0,0,0,0,0,0,0,0,0,0,0,0,1,0,0,0,0,0,0,0,0,0,0,0,0,1,0,0,0,0,0,0,0,0,0,0,0,0,0,0,0,0,0,0,0,1,0,0,0,0,0,0,0,0,0,0,0,0,0,0,0,0,0,0,0,0,0,0,0,0,0,0,0,0,0,0,0,0,0,0,0,1,0,0,0,1,0,0,0,0,0,0,0,0,0,0,0,0,0,0,0,0,0,0,0,0,0,0,0,0,0,0,0,0,0,0,1,0,0,0,0,0,0,0,0,0,0,0,0,0,0,0,0,0,0,1,0,0,0,0,0,0,0,0,0,0,0,0,0,0,0,1,0,0,0,0,0,0,0,0,0,0,0,0,0,0,0,0,1,0,0,0,0,0,0,0,0,0,0,0,0,0,0,0,0,0,0,0,1,0,0,0,0,0,0,0,0,0,0,0,0,0,0,0,0,0,0,0,0,0,0,0,0,0,0,1,0,0,0,0,0,0,0,0,0,0,0,0,1,0,0,0,0,0,0,0,0,0,0,0,0,0,0,0,0
8.023,53,1.0,-2.6981785462437204e-17,-3.0443512927042324e-17,1.0132493647057037,0.7498793830099351,-0.4555257732424284,0.3102634714425781,0.5665004570201947,0.8281055970500079,0.5497614796742444,-1.4075923020698524e-17,0.5619613502398301,-0.5935640431293658,-0.3026159374395115,-0.1794195865555505,0.5421651619423489,0.2855937069211121,-0.8542285308838565,0.3608601390341011,0.4768506562808664,-0.0374422220926067,0.4784392709409021,-0.5615272583295303,0.4601016766391644,0.0101805061822854,-0.8335598693291753,0.3511142876633435,0.4600368602251432,0.488141233918279,0.7746033706366706,-0.2682463045982835,0.4438460585293239,0.6644474296722196,-0.1991752697086801,0.5489517596209151,0.4335179639138243,0.1308017419080585,-0.8745317086737836,0.2762669775044224,0.4327552257322,0.3109968526052887,0.5825014376719437,-0.5729279861099839,0.4290163476049236,0.0341457899123119,0.789970572115765,0.1881427608497642,0.4075254673571124,0.1067891823232791,0.840352558746423,-0.0767766157764613,0.4015646324454114,0.8226412023871786,0.4818062241116477,0.1453514317148823,0.3776654004168495,0.5402786881535987,-0.3780419824464096,-0.4849264152872313,0.3765152452461088,0.7787923721236915,-0.3935101763757431,0.0055401579630723,0.3680168651459689,0.1342086138554153,-0.3445189295321427,-0.6737797408096002,0.3632512158129516,-0.6259502768397015,-0.1887162982497153,-0.2866130240817875,0.3583928047419265,-0.1787708555004553,0.7998652912413801,-0.1642561013305837,0.352878324414216,0.6939179126903443,-0.3822949282123998,-0.2937469252475334,0.3434239296429529,-0.1071640532058247,-0.2413600348610873,-0.6857128999463361,0.3383435858319439,0.3669042731517999,0.4240608641879858,-0.67415872499162,0.3281041740903613,0.2406566365878778,-0.7839844256867204,0.4743394422670913,0.321063447517361,0.5620588816551729,0.7685518800220624,-0.2467345759843901,0.3167386677499176,-0.3791716934654973,-0.6424052077909116,-0.3701512506350587,0.2930831070093468,0,0,0,1,0,0,0,0,0,0,0,0,0,0,0,0,0,0,0,0,0,0,0,0,0,0,0,0,0,0,0,1,0,0,0,0,0,0,0,0,0,0,0,1,0,0,0,0,0,0,0,0,0,0,0,0,0,0,0,0,0,0,0,1,0,0,0,0,0,0,0,0,0,0,0,0,0,0,0,0,0,1,0,0,0,0,0,0,0,0,0,0,0,0,0,0,0,0,0,0,1,0,0,0,0,0,0,0,0,0,0,0,0,0,0,0,0,0,0,0,0,0,0,0,0,0,0,0,0,0,1,0,0,0,0,0,0,0,0,0,0,0,0,0,0,0,0,0,0,0,0,0,0,0,0,0,1,0,0,0,0,0,0,1,0,0,0,0,0,0,0,0,0,0,0,0,0,0,0,0,0,0,0,1,0,0,0,0,0,0,0,0,0,0,0,0,0,0,0,0,0,1,0,0,0,0,0,0,0,0,0,0,0,0,0,0,0,0,0,0,0,0,0,0,0,1,0,0,0,0,0,0,0,0,0,0,0,0,0,0,0,0,0,1,0,0,0,0,0,0,0,0,0,0,0,0,0,0,0,0,0,0,0,0,0,0,0,0,1,0,0,0,0,0,0,0,0,0,0,0,0,1,0,0,0,0,0,0,0,0,0,0,0,0,0,0,0,0,0,0,0,0,0,1,0,0,0,0,0,0,0,0,0,0,0,0,0,0,0,0,0,0,0,1,0,0,0,0,0,0,0,0,0,0,0,0,0,0,0,0,0,0,0,0,0,0,1,0,0,0,0,0,0,0,0,0,0,0,0,0,0,0,0,1,0,0,0,0,0,0,0,0,0,0,0,0,0,0,0,0,0,0,0,0,0,0,0,0,1,0,0,0,0,0,0,0,0,0,0,0,0,1,0,0,0,0,0,0,0,0,0,0,0,0,0,0,0,0,0,0,0,0,0,0,0,0,0,0,0,0,0,1,0,0,0,0,0,0,0,0,0,1,0,0,0,0,0,0,0,0,0,0,0,0,0,0,0,0,0,0,0,0,0,0,0,0,0,0,1,0,0,0,0,0,0,0,0,0,0,0,0,1,0,0,0,0,0,0,0,0,0,0,0,0,0,0,0,0,0,0,0,0,0,1,0,0,0,0,0,0,0,0,0,0,0,0,0,0,0,0,0,1,0,0,0,0,0,0,0,0,0,0,0,0,0,0,0,0,0,0,0,0,0,0,0,0,0,0,0,0,0,0,0,0,0,0,1,0,0,0,0,0,0,0,0,0,0,1,0,0,0,0,0,0,0,0,0,0,0,0,0,0,0,0,0,1,0,0,0,0,0,0,0,0,0,0,0,0,0,0,0,0,0,1,0,0,0,0,0,0,0,0,0,0,0,0,0,0,0,0,1,0,0,0,0,0,0,0,0,0,0,0,0,0,0,0,0,0,0,0,1,0,0,0,0,0,0,0,0,0,0,0,0,0,0,0,0,0,0,0,0,0,0,0,0,0,0,0,0,0,0,0,0,0,0,0,1,0,0,0,0,0,0,0,0,0,0,0,0,0,1,0,0,0,0,0,0,0,0,0,1,0,0,0,0,0,0,0,0,0,0,0,0,0,0,0,0,0,0,0,0,1,0,0,0,0,0,0,0,0,0,0,0,0,0,0,0,0,0,0,0,0,0,0,0,0,0,0,1,0,0,0,0,0,0,0,0,0,0,0,0,0,0,0,0,0,0,1,0,0,0,0,0,0,0,0,0,0,0,0,0,0,0,0,0,0,0,0,0,0,0,1,0,0,0,0,0,0,0,0,1,0,0,0,0,0,0,0,0,0,0,0,0,0,0,0,0,0,0,0,1,0,0,0,0,0,0,0,0,0,0,0,0,0,0,0,0,0,0,0,0,0,0,1,0,0,0,0,0,0,0,0,0,0,0,0,0,0,0,0,1,0,0,0,0,0,0,0,0,0,0,0,0,0,0,0,0,0,0,0,0,0,0,1,0,0,0,0,0,0,0,0,0,0,0,0,0,0,0,0,1,0,0,0,0,0,0,0,0,0,0,0,0,0,0,0,0,0,0,0,0,1,0,0,0,0,0,0,0,0,0,0,0,0,0,0,0,0,0,0,0,0,0,0,0,0,1,0,0,0,0,0,0,0,0,0,0,0,0,0,1,0,0,0,0,0,0,0,0,0,0,0,0,0,0,0,0,0,0,0,0,0,0,0,0,0,1,0,0,0,0,0,0,0,0,0,0,0,0,0
7.359,54,1.0,-6.058023415384111e-18,2.3004729576234528e-17,1.0163573246813873,-0.6852804343686312,-0.1015509735845163,0.0909072073325152,0.6154616122618394,0.7257627922880261,-0.6301662682127661,-0.1124783837613735,0.5826379527173419,0.8770560319021126,0.475398939826518,-6.6013594797206186e-18,0.5444449520054873,0.3698312904171321,-0.1940212773284364,0.8181523750941251,0.4766216265987745,0.5333429966709409,-0.6830953706348989,-0.2913696627438871,0.4577257069794746,0.6096457570601402,-0.559613846574325,-0.3510467361294092,0.4474995279006888,0.1683714032163215,0.8334808218737519,-0.2759117664563387,0.4301217035934129,0.5141355364360838,0.825112170824044,-0.015472661780029,0.4236981388572601,0.6085948561890107,-0.6499278307720685,0.304207945880813,0.3989737123993895,0.4747896156272035,-0.4787683546337969,0.6322315674564288,0.3959507698405698,-0.7479674054042464,0.030576521769239,0.0279192839479597,0.3883042380488327,-0.2296894941298759,-0.0558363781784434,-0.7823545158757691,0.3835212436251401,-0.042876674255378,0.8328375713889681,-0.1534651881581918,0.3765152452461088,0.9283653956117628,0.3084909249343378,0.0297558329260556,0.3704742930045327,0.3004787103112138,0.8226572136636138,0.3205022750967188,0.3636221363352431,-0.4524939420057515,0.0756400579301832,-0.6384125812419791,0.3513117896625057,0.1655726169718303,0.7215886559802416,-0.5025940081294622,0.3177841044684746,0.5849464816343198,0.791328144744653,-0.0872294010856835,0.3089695570491454,0.1945877219573775,0.6763947915937214,0.4700256098615608,0.2865246071105055,-0.7849948973874272,-0.019837295108223,-0.1346476620271622,0.2790478868370409,-0.5028540517311926,0.4853571573673544,-0.4692019605063811,0.2724625273353314,-0.7358721135681396,-0.3653477711779158,-0.3802465850877251,0.269274353218971,-0.2915640005870471,-0.4083388546622027,0.7990973930681715,0.2691685381729924,-0.683190251196276,0.3139204650709261,0.3036221230108231,0.2660002180883176,0,0,0,0,0,0,0,1,0,0,0,0,0,0,0,0,0,0,0,0,0,0,0,0,0,0,0,0,0,0,0,1,0,0,0,0,0,0,0,0,1,0,0,0,0,0,0,0,0,0,0,0,0,0,0,0,0,0,0,0,0,0,0,0,0,0,0,0,0,0,0,0,0,0,0,0,1,0,0,0,0,0,0,0,0,0,0,1,0,0,0,0,0,0,0,0,0,0,0,0,0,0,0,1,0,0,0,0,0,0,0,0,0,0,0,0,0,0,0,0,0,0,0,1,0,0,0,0,0,0,0,0,0,0,0,0,0,0,0,0,1,0,0,0,0,0,0,0,0,0,0,0,0,0,0,0,0,0,0,0,0,1,0,0,0,0,0,0,0,0,0,0,0,0,0,0,0,0,0,0,0,0,0,0,0,1,0,0,0,0,0,0,0,0,0,0,0,0,0,0,0,0,0,0,0,0,0,1,0,0,0,0,0,0,0,0,0,0,0,0,0,0,0,0,0,0,1,0,0,0,0,0,0,0,0,0,0,0,0,0,0,0,0,0,0,0,0,1,0,0,0,0,0,0,0,0,0,0,0,0,0,0,0,0,0,0,1,0,0,0,0,0,0,0,0,0,0,0,0,0,0,0,0,1,0,0,0,0,0,0,0,0,0,0,0,0,0,0,0,0,0,0,0,0,0,0,0,0,0,0,0,1,0,0,0,0,0,0,0,0,0,0,0,1,0,0,0,0,0,0,0,0,0,0,0,0,0,0,0,0,0,0,0,1,0,0,0,0,0,0,0,0,0,0,0,0,0,0,0,0,0,0,0,0,0,0,0,1,0,0,0,0,0,0,0,0,0,0,0,0,1,0,0,0,0,0,0,0,0,0,0,0,0,0,0,0,0,0,0,0,0,1,0,0,0,0,0,0,0,0,0,0,0,0,0,0,0,0,0,0,0,0,0,0,0,0,0,0,0,0,0,1,0,0,0,0,0,0,0,0,1,0,0,0,0,0,0,0,0,0,0,0,0,0,0,0,0,0,0,0,1,0,0,0,0,0,0,0,0,0,0,0,0,0,0,0,0,0,0,0,0,0,0,1,0,0,0,0,0,0,0,0,0,0,0,0,0,0,0,0,0,0,0,0,0,0,0,0,0,0,0,0,0,0,0,0,1,0,0,0,0,0,0,1,0,0,0,0,0,0,0,0,0,0,0,0,0,0,0,0,0,0,0,0,0,1,0,0,0,0,0,0,0,0,0,0,0,0,0,0,0,0,0,1,0,0,0,0,0,0,0,0,0,0,0,0,0,0,0,0,0,0,0,0,0,0,0,0,0,0,0,0,0,0,0,0,1,0,0,0,0,0,0,1,0,0,0,0,0,0,0,0,0,0,0,0,0,0,0,0,0,0,0,1,0,0,0,0,0,0,0,0,0,0,0,0,0,0,0,0,0,0,0,1,0,0,0,0,0,0,0,0,0,0,0,0,0,0,0,0,1,0,0,0,0,0,0,0,0,0,0,0,0,0,0,0,0,0,0,0,0,1,0,0,0,0,0,0,0,0,0,0,0,0,0,0,0,0,0,0,1,0,0,0,0,0,0,0,0,0,0,0,0,0,0,0,0,0,0,0,0,0,0,1,0,0,0,0,0,0,0,0,0,0,0,0,0,0,0,0,0,0,0,0,0,0,1,0,0,0,0,0,0,0,0,0,0,0,0,0,0,0,0,1,0,0,0,0,0,0,0,0,0,0,0,0,0,0,0,0,0,0,0,0,0,0,0,0,1,0,0,0,0,0,0,0,0,0,0,0,0,0,0,1,0,0,0,0,0,0,0,0,0,0,0,0,0,0,0,0,0,0,0,0,0,0,0,0,0,0,0,1,0,0,0,0,0,0,0,0,0,1,0,0,0,0,0,0,0,0,0,0,0,0,0,0,0,0,0,0,0,0,0,0,0,0,0,0,0,0,0,1,0,0,0,0,0,0,0,0,0,0,0,1,0,0,0,0,0,0,0,0,0,0,0,0,0,0,0,0,0,0,0,0,0,0,1,0,0,0,0,0,0,0,0,0,0,0,0,0,0,0,0,0,0,0,0,0,0,0,1,0,0,0,0,0,0,0,0,0,0,0,0,0,0,1,0,0,0,0,0,0,0,0,0,0,0,0,0,0,1,0,0,0,0,0,0,0,0,0,0,0,0,0,0,0,0,0,0,0,0,0,0,0,0,0,1,0,0,0,0,0,0,0,0,0,0,0,0,0
7.713,55,1.0,-7.423447848100341e-18,1.982206326365333e-17,1.0132682987080035,0.8821412974178242,0.4694520972497032,1.4741776856338578e-17,0.5431936253596619,0.7973791020685808,-0.5788826615775513,0.1229932460429162,0.5416556549022858,0.0531531366892144,-0.5742033496844989,-0.7931492650653282,0.5360928915131122,-0.0469293444646948,0.9741944805542392,0.0657432561229343,0.5061473922040055,-0.2320340220709652,0.8778744616015277,-0.3118772713102712,0.4766216265987745,0.3728690727266238,-0.7582875276995898,0.5072304869896518,0.4551984112376397,0.4733967443890264,0.8723153683452225,-0.0536310990782175,0.4429431065212632,0.1373901961806637,-0.8788732739441606,0.3320372196144555,0.4246926552585466,0.3451738296670844,-0.6864720104958626,-0.6204063064325365,0.4153678486688708,-0.2131476057689081,0.8404966015867217,0.4318090520417542,0.4094143708182696,0.6071203543388467,-0.7118511708644283,-0.3232942613462576,0.4011401632803851,0.8998034467881298,-0.3759493956666874,0.1776944472036714,0.3722945901199864,0.3327245070829613,-0.415420221135392,0.8229754694762859,0.3693095408245777,0.2689137045755766,-0.8287367474302754,0.4386261196732414,0.3672610152113108,0.9524207061059672,0.2942572773717253,0.021491900898583,0.3617716861528392,0.0151573851354577,0.7081072303447865,0.669406659033182,0.3584183067265989,-0.4243889145802544,0.5794469089765355,-0.6442429917765964,0.3409338667533877,-0.7950091876139871,0.3874751174470187,0.3454536240731839,0.3364032458527673,0.4661531058966659,0.8465318282881624,-0.1147546303351127,0.3356571847489977,0.4973528022912109,0.8130867139735575,-0.0200216332774513,0.3345285827271927,0.41609574657051,-0.2797831576900656,0.8394448757295441,0.3224124135238095,-0.5470085248793755,0.7036704817898605,0.358142351638447,0.3141197887169029,0.2782159877490791,-0.0624137103592297,0.9262488211241404,0.3126792036054195,-0.7361212235039258,0.1427129019494379,0.5961458580341146,0.3067551689138544,0,1,0,0,0,0,0,0,0,0,0,0,0,0,0,0,0,0,0,0,0,0,0,0,0,0,0,0,0,0,0,1,0,0,0,0,0,0,0,0,0,0,0,0,0,0,0,1,0,0,0,0,0,0,0,0,0,0,0,0,1,0,0,0,0,0,0,0,0,0,0,0,0,0,0,0,0,0,0,0,0,1,0,0,0,0,0,0,0,0,0,0,0,0,0,0,0,0,0,0,0,0,0,1,0,0,0,0,0,0,0,0,0,0,0,0,0,0,0,0,0,0,0,0,0,0,0,0,0,0,1,0,0,0,0,0,0,0,0,0,0,0,0,0,0,1,0,0,0,0,0,0,0,0,0,0,0,0,0,0,0,0,0,0,0,0,0,1,0,0,0,0,0,0,0,0,0,0,0,0,0,0,0,0,0,0,0,0,0,0,0,1,0,0,0,0,0,0,0,0,0,0,0,0,0,0,0,1,0,0,0,0,0,0,0,0,0,0,0,0,0,0,0,0,0,1,0,0,0,0,0,0,0,0,0,0,0,0,0,0,0,1,0,0,0,0,0,0,0,0,0,0,0,0,0,0,0,0,0,0,0,0,0,1,0,0,0,0,0,0,0,0,0,0,0,0,0,0,0,0,0,0,0,0,0,0,0,1,0,0,0,0,0,0,0,0,0,0,0,0,0,0,0,1,0,0,0,0,0,0,0,0,0,0,0,0,0,0,0,0,0,1,0,0,0,0,0,0,0,0,0,0,0,0,0,0,0,0,0,0,0,0,0,0,0,0,0,0,1,0,0,0,0,0,0,0,0,0,0,0,0,0,0,0,0,0,0,0,0,0,1,0,0,0,0,0,0,0,0,0,0,0,0,0,0,0,0,0,0,0,0,1,0,0,0,0,0,0,0,0,0,0,0,1,0,0,0,0,0,0,0,0,0,0,0,0,0,0,0,0,1,0,0,0,0,0,0,0,0,0,0,0,0,0,0,0,0,0,0,0,0,1,0,0,0,0,0,0,0,0,0,0,0,0,0,0,0,0,0,0,1,0,0,0,0,0,0,0,0,0,0,0,0,0,0,0,0,0,0,0,0,1,0,0,0,0,0,0,0,0,0,0,0,0,0,0,0,0,0,0,0,0,0,0,0,0,1,0,0,0,0,0,0,0,0,0,0,0,0,0,0,1,0,0,0,0,0,0,0,0,0,0,0,0,0,0,0,0,0,0,0,0,0,1,0,0,0,0,0,0,0,0,0,0,0,0,0,0,0,0,0,1,0,0,0,0,0,0,0,0,0,0,0,0,0,0,0,0,0,0,0,0,0,0,0,0,0,0,1,0,0,0,0,0,0,0,0,0,0,0,0,0,0,0,0,0,0,1,0,0,0,0,0,0,0,0,0,0,0,0,0,0,0,0,0,0,0,0,0,0,0,0,0,0,0,0,1,0,0,0,0,0,0,1,0,0,0,0,0,0,0,0,0,0,0,0,0,0,0,0,0,0,0,0,0,0,0,0,0,0,0,0,0,0,0,0,1,0,0,0,1,0,0,0,0,0,0,0,0,0,0,0,0,0,0,0,0,0,0,0,0,0,0,0,0,0,0,0,0,0,0,0,0,0,0,0,1,0,0,0,0,0,0,1,0,0,0,0,0,0,0,0,0,0,0,0,0,0,0,0,0,0,0,1,0,0,0,0,0,0,0,0,0,0,0,0,0,0,0,0,0,0,0,0,0,0,0,1,0,0,0,0,0,0,0,0,0,0,0,0,0,0,0,0,0,0,1,0,0,0,0,0,0,0,0,0,0,0,0,0,0,0,0,0,0,0,0,1,0,0,0,0,0,0,0,0,0,0,0,0,0,0,0,0,0,0,1,0,0,0,0,0,0,0,0,0,0,0,0,0,0,1,0,0,0,0,0,0,0,0,0,0,0,0,0,0,0,0,0,0,0,0,0,0,0,0,0,0,1,0,0,0,0,0,0,0,0,0,0,0,0,0,0,1,0,0,0,0,0,0,0,0,0,0,0,0,0,0,0,0,0,0,0,1,0,0,0,0,0,0,0,0,0,0,0,0,0,0,0,0,0,1,0,0,0,0,0,0,0,0,0,0,0,0,0,0,0,0,0,0,0,0,0,0,0,0,0,0,1,0,0,0,0,0,0,0,0,0,0,0,0,0,0,1,0,0,0,0,0,0,0,0,0,0,0,0,0,0,0,0,1,0,0,0,0,0,0,0,0,0,0,0,0,0,0,0,0,0,0,0
9.058,56,1.0,-2.363210182797536e-17,3.3415849679293895e-18,1.0105004798010075,0.8919239384302324,0.4512168376295638,1.509062768989041e-17,0.56401988624534,0.7624249716835401,-0.6330756619366926,-0.0516802609551059,0.5594365849986993,-0.3632432461511976,0.8550730398518208,-0.0421903148735123,0.5360928915131123,0.0219280451070141,0.9226767422053934,-0.2827337029380249,0.4865268265935506,0.0784204449918268,-0.8373964080062274,0.3559613953360298,0.4794957664258549,0.1144981478942908,-0.7738710124496448,0.4753237672796018,0.4715487213963232,0.3323597634785553,-0.8778843863281638,0.3037930578007471,0.4650743521648245,0.4858347830837174,0.8625944516637606,-0.0141695012583341,0.4475295659634447,0.1674378903847596,-0.5945146509548364,-0.7494494515183586,0.4297036378261601,0.5243793348080297,-0.643929048032308,-0.5221413821170703,0.4199825951404555,0.891071873840537,-0.42329796392334,0.0388927011333089,0.3893504661567954,0.3190533696013429,0.6792917905095961,0.5838487868019282,0.3769501951245936,0.958995268920938,0.2659272716125068,0.0362424112917405,0.3726711083912031,0.3307241264802855,0.8387450125652032,0.3876303927809454,0.3550488176032968,0.0013985616151769,0.8091403071578851,-0.5228906287754705,0.347035764127074,0.5755349893986663,0.7946504530556623,-0.1564029127646009,0.3245178381725,-0.8386437059002763,-0.0031383022806379,-0.4179331794259877,0.3143579707457393,-0.7293284588577353,0.4479319186022918,-0.3633494154891319,0.2691685381729923,0.3677875461736977,0.730620835840827,0.4980346175585923,0.2674027058448439,0.3119530844210854,-0.9112997389795916,0.2120138001108483,0.2661932745425471,-0.5927729266596999,0.6605016486431852,-0.3338566633381959,0.2632037228701805,-0.3657562389028627,0.7039432864428186,-0.5286303042233383,0.2344921608209496,0.5551768425085057,-0.6120525322025802,-0.5241111568232688,0.202477222967,0.0475942150552564,-0.2169251878252934,0.9188425870036312,0.1948219952986541,0,0,0,0,0,0,0,0,0,0,1,0,0,0,0,0,0,0,0,0,0,0,0,0,0,0,0,0,0,0,0,1,0,0,0,0,0,0,0,0,0,1,0,0,0,0,0,0,0,0,0,0,0,0,0,0,0,0,0,0,1,0,0,0,0,0,0,0,0,0,0,0,0,0,0,0,0,0,0,0,0,0,0,0,0,0,0,0,0,0,1,0,0,0,0,0,0,0,0,0,0,0,0,1,0,0,0,0,0,0,0,0,0,0,0,0,0,0,0,0,0,1,0,0,0,0,0,0,0,0,0,0,0,0,0,0,0,0,0,0,0,0,0,0,0,1,0,0,0,0,0,0,0,0,0,0,0,0,0,0,0,1,0,0,0,0,0,0,0,0,0,0,0,0,0,0,0,0,0,0,0,0,0,0,0,0,0,0,0,0,0,1,0,0,0,0,0,0,0,0,0,0,0,0,0,0,0,0,0,0,1,0,0,0,0,0,0,0,0,0,0,0,0,0,0,0,0,0,1,0,0,0,0,0,0,0,0,0,0,0,0,0,0,0,0,0,0,0,0,0,1,0,0,0,0,0,0,0,0,0,0,0,0,0,0,0,0,0,1,0,0,0,0,0,0,0,0,0,0,0,0,0,0,0,0,0,0,0,0,0,1,0,0,0,0,0,0,0,0,0,0,0,0,1,0,0,0,0,0,0,0,0,0,0,0,0,0,0,0,0,0,1,0,0,0,0,0,0,0,0,0,0,0,0,0,0,0,0,0,0,0,0,0,1,0,0,0,0,0,0,0,0,0,0,0,0,0,0,0,0,0,0,0,0,0,0,0,0,0,0,1,0,0,0,0,0,0,0,0,0,0,0,0,0,0,0,0,0,0,0,0,0,0,0,0,0,1,0,0,0,0,0,0,0,0,0,0,0,0,0,1,0,0,0,0,0,0,0,0,0,1,0,0,0,0,0,0,0,0,0,0,0,0,0,0,0,0,0,0,0,0,0,0,0,0,0,0,0,0,0,1,0,0,0,0,0,0,0,0,0,0,0,0,0,0,0,1,0,0,0,0,0,0,0,0,0,0,0,0,0,0,1,0,0,0,0,0,0,0,0,0,0,0,0,0,0,0,0,0,0,0,0,0,0,0,0,0,0,1,0,0,0,0,0,0,0,0,0,0,0,0,1,0,0,0,0,0,0,0,0,0,0,0,0,0,0,0,0,0,0,0,0,0,0,0,0,0,0,0,0,0,0,0,0,0,0,1,0,0,0,0,1,0,0,0,0,0,0,0,0,0,0,0,0,0,0,0,0,0,0,0,0,0,1,0,0,0,0,0,0,0,0,0,0,0,0,0,0,0,0,0,0,0,0,0,0,0,1,0,0,0,0,0,0,0,0,0,0,0,0,1,0,0,0,0,0,0,0,0,0,0,0,0,0,0,0,0,0,0,0,0,1,0,0,0,0,0,0,0,0,0,0,0,0,0,0,0,0,0,0,0,0,0,0,0,0,1,0,0,0,0,0,0,0,0,0,0,0,0,0,1,0,0,0,0,0,0,0,0,0,0,0,0,0,0,0,0,0,0,0,0,0,0,0,0,0,0,0,0,0,0,0,0,0,0,0,1,0,0,0,0,0,0,0,0,0,0,1,0,0,0,0,0,0,0,0,0,0,0,0,0,0,0,0,0,1,0,0,0,0,0,0,0,0,0,0,0,0,0,0,0,1,0,0,0,0,0,0,0,0,0,0,0,0,0,0,0,0,0,0,0,0,0,0,0,0,0,0,1,0,0,0,0,0,0,0,0,0,0,0,0,0,0,0,0,0,0,0,0,0,1,0,0,0,0,0,0,0,0,0,0,0,0,1,0,0,0,0,0,0,0,0,0,0,0,0,0,0,0,0,0,0,0,0,0,0,0,1,0,0,0,0,0,0,0,0,0,0,0,0,0,0,0,0,0,0,0,0,0,0,0,1,0,0,0,0,0,0,0,0,0,0,0,0,0,0,0,1,0,0,0,0,0,0,0,0,0,0,0,0,0,0,0,1,0,0,0,0,0,0,0,0,0,0,0,0,0,0,0,0,0,0,0,0,0,1,0,0,0,0,0,0,0,0,0,0,0,0,0,0,0,0,0,0,0,0,0,0,0,0,0,1,0,0,0,0,0,0,0,0,0,0,0,0,0,0,0,0,0,0,0,0,0,0,0,0,0,0,0,1,0,0,0,0,0,0,0,0,1,0,0,0,0,0,0,0,0,0,0,0
8.808,57,1.0,1.3789957147302069e-17,7.958116963253249e-18,1.0188862241321697,-0.6289109498919987,-0.2044860799725656,0.7078557129295936,0.5842877212898444,0.7872685541838036,-0.5783426096045501,-0.1818377408389021,0.547382918316349,0.8247174833013565,0.5635149738050489,-1.1063613984114233e-17,0.5427604130529065,-0.1450999518301615,-0.7144926102889234,-0.671210712805734,0.5290562248673348,0.1428284746888173,0.8275016549071241,0.5029580227664352,0.4777070326320625,0.3139108386393519,-0.7845021063242124,-0.5221059451169281,0.4684102171624594,-0.0076267405826879,0.6691763349980204,-0.7082767456573359,0.458840742963338,0.4216722257612354,0.876877808023251,0.20733062311098,0.4263603675857494,-0.7572057460766166,-0.4492908613030512,0.4177169164396302,0.4238645809954328,0.6530812389929717,-0.6940855993952876,0.2624236366091254,0.3927136990447919,0.8632089876084116,-0.368155205335636,-0.304991376681265,0.380600702532932,-0.5084497105251494,0.7891990812023764,-0.2148585415421222,0.376284901769654,-0.1102577902806851,0.8641630329395301,-0.4372323468081974,0.3759033214302136,0.8958342453152831,0.4079473513701795,-0.1516533312938841,0.3676340503182912,-0.9331219011195614,-0.275166585312664,0.0514466932910843,0.3535084507072923,0.1967955329054923,0.9583043085453292,-0.1382915287364801,0.3419604786843369,0.4555416128342863,-0.807747283046836,0.344218373218674,0.3163050326263059,0.7817555008768529,-0.3946276574248992,0.4492980454857723,0.3117059563448081,-0.9470694486329722,-0.0792060391820416,-0.0199319896766154,0.3116712583651348,0.3297475087929366,-0.807682669853339,-0.4729991606474758,0.3083993882751037,-0.9362140846020336,-0.1144596345670374,-0.1803206319563997,0.3076780483143563,-0.6120671954518494,-0.6244991100980529,0.4485751373633062,0.2936314858916627,-0.7128967547172095,0.6449539690283974,-0.203317662920335,0.2866088391546714,-0.6156581876420117,0.7150244552650761,0.0287144818346176,0.271613272607665,0,0,0,0,0,1,0,0,0,0,0,0,0,0,0,0,0,0,0,0,0,0,0,0,0,0,0,0,0,0,0,1,0,0,0,0,0,0,0,0,0,0,0,1,0,0,0,0,0,0,0,0,0,0,0,0,0,0,0,0,0,0,0,0,0,0,0,0,0,0,0,0,0,0,0,0,1,0,0,0,0,0,0,0,0,1,0,0,0,0,0,0,0,0,0,0,0,0,0,0,0,0,0,1,0,0,0,0,0,0,0,0,0,0,0,0,0,0,0,0,0,0,0,0,0,0,0,0,0,0,1,0,0,0,0,0,0,0,0,0,1,0,0,0,0,0,0,0,0,0,0,0,0,0,0,0,0,0,0,0,0,0,0,0,0,1,0,0,0,0,0,0,0,0,0,0,0,0,0,0,0,0,0,0,0,0,0,0,0,0,0,0,0,0,0,0,1,0,0,0,0,0,0,0,0,0,0,0,0,0,1,0,0,0,0,0,0,0,0,0,0,0,0,0,0,0,1,0,0,0,0,0,0,0,0,0,0,0,0,0,0,0,0,0,0,1,0,0,0,0,0,0,0,0,0,0,0,0,0,0,1,0,0,0,0,0,0,0,0,0,0,0,0,0,0,0,0,0,0,0,0,0,0,0,0,0,0,0,0,0,1,0,0,0,0,0,0,0,0,0,0,0,0,0,0,0,0,0,1,0,0,0,0,0,0,0,0,0,0,0,0,0,0,0,0,0,0,0,0,0,1,0,0,0,0,0,0,0,0,0,0,0,0,1,0,0,0,0,0,0,0,0,0,0,0,0,0,0,0,0,0,0,0,1,0,0,0,0,0,0,0,0,0,0,0,0,0,0,0,0,1,0,0,0,0,0,0,0,0,0,0,0,0,0,0,0,0,0,0,0,0,0,0,0,0,1,0,0,0,0,0,0,0,0,0,0,0,0,0,0,0,0,0,1,0,0,0,0,0,0,0,0,0,0,0,0,0,0,0,0,0,0,0,0,0,1,0,0,0,0,0,0,0,0,0,0,0,0,0,0,0,0,0,0,0,0,1,0,0,0,0,0,0,0,0,0,0,0,0,0,0,0,0,0,0,0,0,0,0,0,1,0,0,0,0,0,0,0,0,0,0,0,0,1,0,0,0,0,0,0,0,0,0,0,0,0,0,0,0,0,0,0,0,0,0,0,0,0,0,0,1,0,0,0,0,0,0,0,0,0,0,0,0,1,0,0,0,0,0,0,0,0,0,0,0,0,0,0,0,0,0,0,0,0,0,0,0,0,0,0,1,0,0,0,0,0,0,0,0,0,0,0,0,0,0,0,0,0,0,0,0,0,0,0,0,0,1,0,0,0,0,0,0,1,0,0,0,0,0,0,0,0,0,0,0,0,0,0,0,0,0,0,0,1,0,0,0,0,0,0,0,0,0,0,0,0,0,0,0,0,0,0,0,0,0,0,0,0,0,0,1,0,0,0,0,0,0,0,0,0,0,0,0,1,0,0,0,0,0,0,0,0,0,0,0,0,0,0,0,0,0,0,0,0,0,1,0,0,0,0,0,0,0,0,0,0,0,0,0,0,0,0,0,0,0,0,0,0,1,0,0,0,0,0,0,0,0,0,0,0,0,0,0,0,0,1,0,0,0,0,0,0,0,0,0,0,0,0,0,0,0,0,0,1,0,0,0,0,0,0,0,0,0,0,0,0,0,0,0,0,0,0,0,1,0,0,0,0,0,0,0,0,0,0,0,0,0,0,0,0,0,0,0,0,0,0,0,0,1,0,0,0,0,0,0,0,0,0,0,0,0,0,0,0,0,0,0,0,0,0,0,0,0,0,0,0,1,0,0,0,0,0,0,0,0,0,0,0,0,0,0,1,0,0,0,0,0,0,0,0,0,0,0,1,0,0,0,0,0,0,0,0,0,0,0,0,0,0,0,0,0,0,0,0,0,0,0,0,1,0,0,0,0,0,0,0,0,0,0,0,0,0,0,1,0,0,0,0,0,0,0,0,0,0,0,0,0,0,0,0,0,0,0,0,0,0,0,0,0,0,0,0,0,0,0,0,1,0,0,0,0,0,0,0,0,0,0,0,0,0,1,0,0,0,0,0,0,0,0,0,0,0,0,0,0,0,0,0,1,0,0,0,0,0,0,0,0,0,0,0,0,0,0,0,0,0,0,0,0,0,1,0,0,0,0,0,0,0,0,0,0,0,0,0,0,0,0,0,1,0,0,0,0,0,0,0,0,0,0,0
8.582,58,1.0,-5.706711224944229e-18,5.902738900339069e-18,1.0100572525557658,0.7794207661197783,-0.6191280114012712,-0.0506471115145429,0.5503629149081803,0.8696663798876385,0.4932737050515985,3.463130510645353e-18,0.5356444169636281,-0.1347323350710795,-0.9643115010293204,-0.2192824184002766,0.485185130546481,0.2455684004863334,-0.9640911372796208,0.0720093807138351,0.4832978569036513,0.1838213347686214,0.896749996950452,0.36787287175688,0.4679156419225505,0.0132527505230015,-0.8239772706574378,0.5586226676069248,0.464031258092698,-0.0398615081511763,0.7574952052813531,-0.5608722103005266,0.4525255094367306,0.4470157450209475,0.8883937906528473,0.0202576964978465,0.4419168126525621,0.1187086686433571,0.8938627403584919,-0.3968454273292893,0.41877908639205,0.0910556875063728,0.721444145929312,-0.6359031443122197,0.4168916927553787,0.8131366862281852,-0.4969644546966078,0.2851994598071958,0.4092545150385369,0.7180149743573375,-0.5012403694165493,-0.4704552871176048,0.3791577853305046,-0.0723557850299677,-0.7622246183283546,0.6025052272966043,0.3687931606280261,0.5032993619076483,-0.3883214483388907,-0.762115510539662,0.3679170315363466,0.9421168060214348,0.3277010753501189,-0.0397610214191642,0.3578823946363875,-0.6033678383725352,0.7562743395376693,0.0524662532856748,0.3146218279432048,0.2926829230761229,-0.9504512743614442,0.0435771534133138,0.3005041856336587,0.2347671406190669,0.0875948072189446,0.9234535589305746,0.2997960331063862,-0.1335742734558382,0.934002915004998,-0.2725887488156976,0.2974981861188487,-0.3517774987497615,0.9111902515690088,0.0152453437829461,0.2907979878080298,0.5131063818620438,0.8541971191437735,0.0405278228175451,0.2898059900065531,0.8048067941391907,-0.475121785625601,-0.3346150000670785,0.2739502173087994,0.1463413038977767,0.1607810800627784,0.8983187539844957,0.2427217061418277,0.2057955436198474,-0.937315739714198,-0.0540953519193297,0.2408022731705242,0,0,0,0,0,0,0,0,0,0,0,0,0,0,0,0,1,0,0,0,0,0,0,0,0,0,0,0,0,0,0,1,0,0,0,0,0,0,0,0,0,0,0,0,0,0,0,0,0,0,0,0,0,0,0,0,1,0,0,0,0,0,0,1,0,0,0,0,0,0,0,0,0,0,0,0,0,0,0,0,0,0,0,0,0,1,0,0,0,0,0,0,0,0,0,0,0,0,0,0,1,0,0,0,0,0,0,0,0,0,0,0,0,0,0,0,0,0,0,0,0,0,0,0,0,0,0,0,0,0,0,0,0,0,0,0,1,0,0,0,0,0,0,0,0,0,0,0,1,0,0,0,0,0,0,0,0,0,0,0,0,0,0,0,0,0,0,0,0,0,0,0,0,0,0,0,1,0,0,0,0,0,0,1,0,0,0,0,0,0,0,0,0,0,0,0,0,0,0,0,0,0,0,0,0,1,0,0,0,0,0,0,0,0,0,0,0,0,0,0,0,0,0,0,0,0,1,0,0,0,0,0,0,0,0,0,0,0,0,0,0,0,0,0,0,0,0,0,0,0,0,0,0,0,0,0,1,0,0,0,0,0,0,0,0,0,0,0,0,0,0,0,0,0,0,0,0,1,0,0,0,0,0,0,0,1,0,0,0,0,0,0,0,0,0,0,0,0,0,0,0,0,0,0,0,0,0,0,1,0,0,0,0,0,0,0,0,0,0,0,0,0,0,0,0,1,0,0,0,0,0,0,0,0,0,0,0,0,0,0,0,0,0,1,0,0,0,0,0,0,0,0,0,0,0,0,0,0,0,0,0,0,0,0,0,1,0,0,0,0,0,0,0,0,0,0,0,0,0,0,0,0,0,1,0,0,0,0,0,0,0,0,0,0,0,0,0,0,0,0,0,0,0,0,0,1,0,0,0,0,0,0,0,0,0,0,0,0,0,0,0,0,0,0,0,0,0,0,1,0,0,0,0,0,0,0,0,0,0,0,0,0,0,0,0,0,0,0,0,0,0,0,0,0,0,0,1,0,0,0,0,0,0,0,0,0,1,0,0,0,0,0,0,0,0,0,0,0,0,0,0,0,0,0,0,0,0,0,0,0,0,0,0,0,0,0,1,0,0,0,1,0,0,0,0,0,0,0,0,0,0,0,0,0,0,0,0,0,0,0,0,0,0,0,0,0,0,0,0,0,0,0,0,0,0,0,1,0,0,0,0,0,0,0,0,0,0,0,0,1,0,0,0,0,0,0,0,0,0,0,0,0,0,0,0,0,0,0,0,0,0,0,0,0,0,0,1,0,0,0,0,0,0,0,0,0,0,0,0,0,0,0,0,0,0,0,1,0,0,0,0,0,0,0,0,1,0,0,0,0,0,0,0,0,0,0,0,0,0,0,0,0,0,0,0,0,0,0,0,0,0,0,0,0,0,0,1,0,0,0,0,0,0,0,0,1,0,0,0,0,0,0,0,0,0,0,0,0,0,0,0,0,0,0,0,0,0,0,0,0,0,0,0,0,0,0,1,0,0,0,0,0,0,0,0,0,0,0,0,0,0,0,0,0,0,0,1,0,0,0,0,0,0,1,0,0,0,0,0,0,0,0,0,0,0,0,0,0,0,0,0,0,0,0,0,0,0,0,0,1,0,0,0,0,0,0,0,0,0,0,0,0,0,0,0,0,0,0,1,0,0,0,0,0,0,0,0,0,0,0,0,0,0,0,0,1,0,0,0,0,0,0,0,0,0,0,0,0,0,0,0,0,0,1,0,0,0,0,0,0,0,0,0,0,0,0,0,0,0,0,0,0,0,0,0,1,0,0,0,0,0,0,0,0,0,0,0,0,0,0,1,0,0,0,0,0,0,0,0,0,0,0,0,0,0,0,0,0,0,0,0,0,0,0,0,1,0,0,0,0,0,0,0,0,0,0,0,0,0,0,0,0,0,0,0,0,0,0,0,0,0,1,0,0,0,0,0,0,0,0,0,0,0,0,0,0,0,1,0,0,0,0,0,0,0,0,0,0,0,0,0,0,0,0,0,0,0,0,0,0,0,1,0,0,0,0,0,0,0,0,0,0,0,0,0,0,0,0,0,1,0,0,0,0,0,0,0,0,0,0,0,0,0,0,0,0,0,0,1,0,0,0,0,0,0,0,0,0,0,0,0,0,0,0,0,0,0,0,0,0,0,0,0,0,0,0,1,0,0,0,0,0,0,0,0,0,0,0,1,0,0,0,0,0,0,0,0,0,0,0
9.247,59,1.0,-1.0490153099575433e-17,-5.052024824581317e-18,1.0155853648156543,-0.5073074297538196,-0.5239477508573316,0.1188580669162245,0.6090567253054302,0.810275491134235,0.5826066862366301,-6.8150923162706096e-18,0.5633732358014673,0.7711059625582647,-0.4908576810880311,-0.1704281385452335,0.5590075059664251,0.0534291777217044,0.752753267770839,0.2376923520083068,0.4882506859613134,0.5826035891707568,-0.5018826584271285,-0.3782747321988946,0.4597148282971786,0.3913056712399137,0.8445169571713633,0.1229765092794928,0.4585952175080034,0.660960870709834,-0.3988821998425743,-0.3787262309257403,0.4312805123890134,0.6131175399277764,-0.0595616309282175,0.5969029580682866,0.4148968227218801,-0.152198705481433,-0.1520682654441862,0.7150619614791992,0.4127160418921792,-0.5972818916020226,-0.4214447558831461,0.2273911256906469,0.395349353973352,-0.0074246368739979,0.7031130356225039,-0.3892941642254023,0.3873375773820744,0.6916340427193808,-0.5177333204724166,0.1955926973906339,0.3829391765722804,0.8419231443186389,0.4945565383412394,-0.0636790809570697,0.3732657120168672,0.6021880213355917,-0.3610418120092851,0.4902611492055621,0.36524235321178,-0.2794870297876877,0.5880828547426697,-0.3183186796679555,0.3500837080930108,0.2160671397292531,0.8743751058286735,-0.1536026659483803,0.3498048992664092,0.4026588619595915,0.8087330416332053,0.2924467972221894,0.3163820648192752,-0.6475261169845398,-0.232451211452615,-0.2121380295231513,0.3105136437497003,-0.1668983557786289,0.6266391964467475,-0.330784523633845,0.305176132370884,-0.1519540039960061,0.7106946705898549,-0.5233609951001015,0.2912359466594872,-0.6825219197919473,-0.3289363587099044,0.1891953693625406,0.2706262389353127,-0.4777082260950308,-0.1563019066263909,0.5632865478262659,0.2701838213372637,-0.5928955369518537,-0.4513172840647828,0.3489065205081297,0.2620588546680574,0.1306281040941778,0.5703035596942059,0.6579676500236131,0.2454420714956972,0,0,0,0,0,0,0,1,0,0,0,0,0,0,0,0,0,0,0,0,0,0,0,0,0,0,0,0,0,0,0,1,0,0,0,0,0,0,0,0,0,0,0,0,0,0,0,0,0,0,0,0,0,0,0,0,0,0,0,1,0,0,0,0,0,0,0,0,0,0,0,0,0,0,0,0,1,0,0,0,0,0,0,0,0,0,0,0,0,0,0,0,0,0,0,0,1,0,0,0,1,0,0,0,0,0,0,0,0,0,0,0,0,0,0,0,0,0,0,0,0,0,0,0,0,0,0,1,0,0,0,0,0,0,0,0,0,0,0,0,0,0,0,1,0,0,0,0,0,0,0,0,0,0,0,0,0,0,0,0,0,0,0,0,0,0,0,0,0,0,0,0,0,0,0,0,1,0,0,0,0,0,0,0,0,0,1,0,0,0,0,0,0,0,0,0,0,0,0,0,0,0,0,0,0,0,0,1,0,0,0,0,0,0,0,0,0,0,0,0,0,0,0,0,0,0,1,0,0,0,0,0,0,0,0,0,0,0,0,0,0,0,0,0,0,0,0,0,0,0,0,0,0,0,0,0,1,0,0,0,0,0,0,1,0,0,0,0,0,0,0,0,0,0,0,0,0,0,0,0,0,0,0,0,0,0,0,1,0,0,0,0,0,0,0,0,0,0,0,0,0,0,0,0,0,0,1,0,0,0,0,0,0,0,0,0,0,0,0,0,0,0,0,1,0,0,0,0,0,0,0,0,0,0,0,0,0,0,0,0,0,0,0,0,0,1,0,0,0,0,0,0,0,0,0,0,0,0,0,0,0,0,0,0,0,0,0,0,0,0,0,0,0,0,0,0,0,0,0,1,0,0,0,0,0,0,0,0,1,0,0,0,0,0,0,0,0,0,0,0,0,0,0,0,0,0,0,0,0,0,0,0,0,0,0,0,0,0,0,1,1,0,0,0,0,0,0,0,0,0,0,0,0,0,0,0,0,0,0,0,0,0,0,0,0,0,0,0,0,0,0,0,0,0,0,0,1,0,0,0,0,0,0,1,0,0,0,0,0,0,0,0,0,0,0,0,0,0,0,0,0,0,0,0,0,0,0,1,0,0,0,0,0,0,0,0,0,0,0,0,1,0,0,0,0,0,0,0,0,0,0,0,0,0,0,0,0,0,0,0,0,0,0,0,0,0,0,0,0,0,0,0,0,0,0,0,1,0,0,0,0,0,0,0,0,0,0,0,0,0,0,0,0,0,0,0,1,0,0,0,0,0,0,1,0,0,0,0,0,0,0,0,0,0,0,0,0,0,0,0,0,0,0,0,0,0,0,0,0,0,0,1,0,0,0,0,0,0,0,0,0,0,0,0,0,0,0,0,0,0,0,0,0,0,0,0,1,0,0,0,0,0,0,0,0,0,0,0,1,0,0,0,0,0,0,0,0,0,0,0,0,0,0,0,0,0,0,0,0,0,0,0,0,0,0,0,1,0,0,0,0,0,0,1,0,0,0,0,0,0,0,0,0,0,0,0,0,0,0,0,0,0,0,0,0,0,0,0,0,0,0,0,0,0,0,0,1,0,0,0,0,0,0,0,0,0,0,0,0,0,0,1,0,0,0,0,0,0,0,0,0,1,0,0,0,0,0,0,0,0,0,0,0,0,0,0,0,0,0,0,0,0,0,0,0,0,1,0,0,0,0,0,0,0,0,0,0,0,0,0,0,0,0,0,0,0,0,0,0,0,0,0,0,0,0,0,1,0,0,0,0,0,0,0,0,0,0,0,1,0,0,0,0,0,0,0,0,0,0,0,0,0,0,0,0,0,0,0,0,0,0,0,0,0,0,0,1,0,0,0,0,0,0,0,0,0,0,0,1,0,0,0,0,0,0,0,0,0,0,0,0,1,0,0,0,0,0,0,0,0,0,0,0,0,0,0,0,0,0,0,0,0,0,0,0,0,0,0,0,0,0,1,0,0,0,0,0,0,0,0,0,0,0,0,0,0,0,0,0,0,0,0,0,0,0,0,0,0,0,1,0,0,0,1,0,0,0,0,0,0,0,0,0,0,0,0,0,0,0,0,0,0,0,0,0,0,0,0,0,0,0,0,0,0,0,0,0,0,0,1,0,0,0,1,0,0,0,0,0,0,0,0,0,0,0,0,0,0,0,0,0,0,0,0,0,1,0,0,0,0,0,0,0,0,0,0,0,0,0,0,0,0,0,0,0,0,0,0,0,0,0,0,0,0,0,0,1,0,0,0
7.83,60,1.0,1.2921825628967465e-17,-6.224793510553271e-19,1.0134149664869656,0.8285180996380646,0.5588985334079145,4.520400991317432e-18,0.5704996401173127,0.8047073825855143,-0.5460561853169328,0.1578529239205445,0.537782111878356,-0.1003624147368656,0.8614177344207251,-0.3456478179223817,0.501730860739425,-0.8272161878369488,-0.3564959895669533,-0.1069289480862876,0.5006376483956695,0.3176592796318321,-0.9071600916083946,0.2485944121395472,0.4688277200220183,0.401753540259701,0.8808212314989514,-0.1821523437412366,0.4474061207399152,-0.4460787209501934,0.7957341105047072,-0.0201253765107974,0.4411169275392065,-0.2370946887571369,-0.2923154116920802,-0.8529638936121111,0.4331667804039642,0.0176973519926759,-0.7344414042213427,0.6423545725575994,0.4210159334524695,0.8026258300022002,-0.3114366438700979,0.4531460174657519,0.4170248276734247,-0.1419695937955783,0.6894291712096702,-0.5905122724031973,0.41489682272188,0.1187694576642448,-0.39500702733879,0.865753861675296,0.4095907167812102,0.2010995137617464,-0.9437904320493022,0.0258280301905541,0.4094961308129801,-0.368764172609879,0.7822119863543626,0.3365031258427603,0.3891284250852063,0.2278913349306996,-0.9211814684193936,0.1354573515237858,0.3873189342693842,0.8875390488661499,0.4156078794549763,0.1475986394312619,0.3800514545918894,-0.9030506329054092,-0.1170417372787591,0.0640992463391303,0.36872775385588,0.8052965420739969,-0.4958029862204628,-0.2136933258054923,0.3626016311102109,0.3976500543166662,0.8643356189953142,-0.0588261326497047,0.3474395919032397,0.6660791050523309,-0.4527630060421957,-0.5269974487525736,0.3462043724930325,-0.7148841519139988,0.5267975814740333,-0.1749468991233229,0.3404658231871319,0.3755866078585657,0.88435917873194,-0.1219966442409228,0.3336134566613093,-0.6995819880937726,0.3840533058429297,-0.4300009106227112,0.3225717059968547,-0.8958766780615997,0.2619946283730012,-0.0544012925497533,0.2926533993227443,0,0,0,1,0,0,0,0,0,0,0,0,0,0,0,0,0,0,0,0,0,0,0,0,0,0,0,0,0,0,0,1,0,0,0,0,0,0,0,0,0,0,0,0,0,0,0,1,0,0,0,0,0,0,0,0,0,0,0,0,1,0,0,0,0,0,0,0,0,0,0,0,0,0,0,0,0,0,0,0,0,0,0,1,0,0,0,0,0,0,0,0,0,0,0,0,0,0,0,0,0,0,0,1,0,0,0,0,0,0,0,0,0,0,0,0,0,0,0,0,0,0,0,0,0,0,0,1,0,0,0,0,0,0,0,0,0,0,0,0,0,0,0,0,0,0,0,0,0,0,0,1,0,0,0,0,0,0,0,0,0,0,0,0,0,1,0,0,0,0,0,0,0,0,0,0,0,0,0,0,0,0,0,0,0,0,0,0,0,0,0,0,0,0,0,0,1,0,0,0,0,0,0,1,0,0,0,0,0,0,0,0,0,0,0,0,0,0,0,0,0,0,0,1,0,0,0,0,0,0,0,0,0,0,0,0,0,0,0,0,0,0,0,0,0,0,0,1,0,0,0,0,0,0,0,0,0,0,0,0,0,0,0,1,0,0,0,0,0,0,0,0,0,0,0,0,0,0,0,0,0,0,0,0,0,0,0,0,0,0,0,0,0,0,0,0,1,0,0,0,1,0,0,0,0,0,0,0,0,0,0,0,0,0,0,0,0,0,0,0,0,0,0,0,0,0,0,0,0,0,0,0,0,0,0,0,0,0,0,1,0,0,0,0,0,0,0,0,1,0,0,0,0,0,0,0,0,0,0,0,0,0,0,1,0,0,0,0,0,0,0,0,0,0,0,0,0,0,0,0,1,0,0,0,0,0,0,0,0,0,0,0,0,0,0,0,0,0,0,0,0,0,0,1,0,0,0,0,0,0,0,0,0,0,0,0,0,0,0,0,0,0,0,0,0,0,1,0,0,0,0,0,0,0,0,0,0,0,0,0,0,0,0,0,0,0,0,1,0,0,0,0,0,0,0,0,0,0,0,0,0,0,0,0,0,1,0,0,0,0,0,0,0,0,0,0,0,0,0,0,0,0,0,1,0,0,0,0,0,0,0,0,0,0,0,0,0,0,0,0,0,0,0,0,0,0,0,0,0,0,0,0,0,0,0,0,1,0,0,0,0,0,0,1,0,0,0,0,0,0,0,0,0,0,0,0,0,0,0,0,0,0,0,0,0,0,0,0,1,0,0,0,0,0,0,0,0,0,0,0,0,0,0,0,0,0,0,0,0,0,0,0,0,0,0,0,1,0,0,0,0,0,0,0,0,0,0,0,0,0,0,0,0,0,0,0,1,0,0,0,0,0,0,1,0,0,0,0,0,0,0,0,0,0,0,0,0,0,0,0,0,0,0,0,0,0,0,0,1,0,0,0,0,0,0,0,0,0,0,0,0,0,0,0,0,0,0,1,0,0,0,0,0,0,0,0,0,0,0,0,0,0,0,0,0,0,0,0,0,0,0,0,0,0,0,0,1,0,0,0,0,0,0,0,0,1,0,0,0,0,0,0,0,0,0,0,0,0,0,0,1,0,0,0,0,0,0,0,0,0,0,0,0,0,0,0,0,0,0,0,0,0,0,1,0,0,0,0,0,0,0,0,0,0,0,0,0,0,0,0,1,0,0,0,0,0,0,0,0,0,0,0,0,0,0,0,0,0,0,0,0,0,0,0,0,0,0,1,0,0,0,0,0,0,0,0,0,0,0,0,0,0,0,0,0,0,1,0,0,0,0,0,0,0,0,0,0,0,0,0,0,0,0,1,0,0,0,0,0,0,0,0,0,0,0,0,0,0,0,0,0,0,0,0,0,0,0,0,0,0,0,0,0,0,0,0,1,0,0,0,0,0,0,0,0,0,0,0,0,0,0,0,0,0,0,0,1,0,0,0,0,0,0,1,0,0,0,0,0,0,0,0,0,0,0,0,0,0,0,0,0,0,0,0,0,0,0,1,0,0,0,0,0,0,0,0,0,0,0,0,0,0,0,0,0,0,1,0,0,0,0,0,0,0,0,0,0,0,0,0,0,0,0,0,0,0,0,0,0,0,0,0,0,0,0,0,1,0,0,0,0,0,0,0,0,0,1,0,0,0,0,0,0,0,0,0,0,0,0,0,0,0,0,0,0,0,0,0,0,0,0,0,0,0,0,0,1,0,0,0,0,0,0,0,0,0,0,0,0,0,0,1,0,0,0,0,0,0,0,0
9.159,61,1.0,7.345131405725038e-18,-9.089216199637116e-18,1.0152072221196402,0.7975760515291757,0.599810310287786,-2.541156477441258e-17,0.5862783001895469,-0.5466533618504776,-0.2725616266829032,-0.390864431004258,0.5811993116379636,0.8095189036862231,-0.5142035853616861,0.0748118669671723,0.5363033190237678,-0.0444387984728409,0.8552740435164102,-0.0274544010628375,0.512572762887646,0.3340818456242822,0.8985797582310591,-0.0723051684354101,0.4645352812696527,0.3983371200970287,-0.8330430380789539,0.3026354243115764,0.4501710904381809,0.1578749307116863,-0.9134505986135676,0.2562787137085632,0.4136764088701496,-0.0702811659019685,-0.5117249320425302,-0.6848377415511393,0.4097479686758829,0.825220434408911,-0.301032741959289,0.2972924157816192,0.3962295601306299,0.692104526582018,-0.5363388147656012,-0.3240228566811055,0.3868407175025633,0.8492770576247965,0.478401801125718,0.0577141963345402,0.3846726031157276,0.4470568303520267,-0.5808431133563035,-0.5577982071243637,0.3800795416217457,-0.4438193990713913,-0.1537036278368009,0.7578853555899975,0.3777275712710942,-0.5796258985191403,-0.3570675854565861,-0.4045803065719996,0.3695857546542239,0.3261682134513402,-0.8718344674226142,0.1779052739089199,0.3606859322888296,-0.1666808994096134,-0.3880877672900485,0.8214733647365645,0.3603182563865721,0.1605861036769119,-0.6195208718200449,0.7151452887424008,0.3587025420096389,0.2687059719361503,0.8154425753353781,-0.3695042430296494,0.3450483434928641,-0.7112187515056526,0.0974547722578878,0.0126671404259686,0.3404107361445206,0.2883490588916497,0.917013329935957,0.1603851485853509,0.3242074164782682,-0.1378188967998651,0.7699323700146098,0.5288474475335564,0.2934878831720073,0.2799370300495564,0.7217140477259699,-0.4993902434920416,0.2376141839938506,0.0902129117948869,0.6389995611312599,-0.4828026896820003,0.2355915990444545,0.0264582144973085,0.9021804568468086,0.372485220440431,0.2210289336184883,0,0,0,0,0,0,0,0,1,0,0,0,0,0,0,0,0,0,0,0,0,0,0,0,0,0,0,0,0,0,0,1,0,0,0,0,0,0,0,0,0,0,0,1,0,0,0,0,0,0,0,0,0,0,0,0,0,0,0,0,1,0,0,0,0,0,0,0,0,0,0,0,0,0,0,0,0,0,0,0,1,0,0,0,0,0,0,0,0,0,0,0,0,0,0,0,0,0,0,0,0,0,0,0,0,0,0,0,0,0,0,0,0,0,0,0,1,0,0,0,0,0,0,0,0,0,0,0,1,0,0,0,0,0,0,0,0,0,0,0,0,0,0,1,0,0,0,0,0,0,0,0,0,0,0,0,0,0,0,0,0,0,0,1,0,0,0,0,0,0,0,0,0,0,0,0,0,0,0,0,0,0,0,0,0,0,1,0,0,0,0,0,0,0,0,0,0,0,0,0,0,0,0,1,0,0,0,0,0,0,0,0,0,0,0,0,0,0,0,0,0,0,0,1,0,0,0,0,0,0,0,0,0,0,0,0,0,0,0,0,0,0,0,0,0,0,0,0,1,0,0,0,0,0,0,0,0,0,0,0,0,0,0,1,0,0,0,0,0,0,0,0,0,0,0,0,0,0,0,0,0,0,0,0,0,0,0,0,1,0,0,0,0,0,0,0,0,0,0,0,0,0,0,0,0,0,0,0,1,0,0,0,0,0,0,0,0,0,0,0,1,0,0,0,0,0,0,0,0,0,0,0,0,0,0,0,0,0,0,0,0,0,0,0,0,1,0,0,0,0,0,0,0,0,0,0,0,0,0,0,0,0,0,0,0,0,0,0,1,0,0,0,0,0,0,0,0,0,0,0,0,0,0,0,0,0,1,0,0,0,0,0,0,0,0,0,0,0,0,0,0,0,0,0,0,0,0,0,1,0,0,0,0,0,0,0,0,0,0,0,1,0,0,0,0,0,0,0,0,0,0,0,0,0,0,0,0,0,0,0,0,0,0,1,0,0,0,0,0,0,0,0,0,0,0,0,0,0,0,0,0,0,0,0,0,0,0,0,0,0,0,0,0,0,0,0,1,0,0,0,0,0,0,0,0,0,0,0,1,0,0,0,0,0,0,0,0,0,0,0,0,0,0,0,0,0,0,0,0,0,0,0,0,0,0,0,1,0,0,0,0,0,0,0,0,0,0,0,1,0,0,0,0,0,0,0,0,0,0,0,0,0,0,0,0,1,0,0,0,0,0,0,0,0,0,0,0,0,0,0,1,0,0,0,0,0,0,0,0,0,0,0,0,0,0,0,0,0,0,0,1,0,0,0,0,0,0,0,0,0,0,0,0,0,0,0,0,0,0,0,0,0,0,0,0,0,0,0,1,0,0,0,0,0,0,0,0,0,0,0,0,0,0,0,0,0,0,0,1,0,0,0,0,0,0,0,0,0,0,0,0,0,0,0,0,0,0,0,1,0,0,0,0,0,0,0,0,0,0,0,0,0,0,0,1,0,0,0,0,0,0,0,0,0,0,0,0,0,0,0,0,0,0,0,0,0,0,0,1,0,0,0,0,0,0,0,0,0,0,0,0,0,0,0,1,0,0,0,0,0,0,0,0,0,0,0,0,0,0,0,0,0,0,1,0,0,0,0,0,0,0,0,0,0,0,0,0,0,0,0,0,0,0,1,0,0,0,0,0,0,0,0,0,0,0,0,0,0,0,0,0,1,0,0,0,0,0,0,0,0,0,0,0,0,0,0,0,0,0,0,0,0,0,0,0,0,1,0,0,0,0,0,0,0,0,0,0,0,0,0,0,0,0,1,0,0,0,0,0,0,0,0,0,0,0,0,0,0,0,0,0,0,0,0,0,0,0,0,0,0,0,1,0,0,0,0,0,0,0,0,0,0,0,0,0,0,0,1,0,0,0,0,0,0,0,0,0,0,0,0,0,0,0,0,0,0,0,0,0,0,0,0,0,0,0,0,1,0,0,0,0,0,0,1,0,0,0,0,0,0,0,0,0,0,0,0,0,0,0,0,0,0,0,0,0,0,0,0,1,0,0,0,0,0,0,0,0,0,0,0,0,0,0,1,0,0,0,0,0,0,0,0,0,0,0,0,0,0,0,0,0,0,0,0,0,0,0,0,1,0,0,0,0,0,0,0,0,0,0,0,0,0,0,0,0,0,0,1,0,0,0,0,0,0,0,0,0,0,0,0,1,0,0,0,0,0,0,0,0,0,0,0,0,0,0,0,0,0,0,0
8.151,62,1.0,1.388985064346546e-17,-1.5063933121487337e-17,1.014153943186623,-0.72555340242142,0.0619639834668798,0.2498873789765938,0.5867492660481407,0.8630961445705511,0.5027866026613682,-2.415002974592199e-17,0.5606962784757246,0.7689157453331701,-0.5522683645502483,-0.2439639774205731,0.5565439209460059,0.1088567075285412,0.8283962558933411,0.3761019874273518,0.4904390408974224,0.0295468892018773,-0.9862948607170884,-0.0043167104132929,0.4588580385060974,0.4686935268217841,0.8334790000445645,0.2016351787142841,0.4466207899834116,0.4213573021049025,-0.8807595177493168,0.0652291630115105,0.4391598413243185,0.3219526492516136,-0.479038833914798,0.7091465807760022,0.4391172655353529,0.0525808532289117,-0.5186973368688956,-0.8031417653757196,0.4391152521413858,0.4612336674694733,-0.4803187569774049,-0.6949449858965173,0.4385725324256875,0.8834041794977742,-0.3574238159553936,-0.0990272131488057,0.3892209463556302,-0.2708009041998542,0.3637219930829695,0.6848623994611847,0.3797491770352927,0.4226923723027826,-0.6909525488369027,0.4954842927466978,0.377398394113351,0.90776610793524,0.3711956353714293,-0.1208332489025342,0.3726817183606736,-0.7685308923312676,-0.0095127953422731,0.2986682136644175,0.3710561630814672,0.2618183090557229,0.9135319383484442,-0.1201104202757952,0.3488094596682046,0.5258949996424415,0.7501964237032868,0.3647226751833194,0.305776694297947,-0.8121958407151075,-0.1290983097407083,-0.2961855214574167,0.2833187792876486,-0.6782096317078761,-0.6261820093806736,-0.1805756008707711,0.2685783539900215,0.5311634079649044,-0.5379302314074612,0.5860399038010926,0.2587580895807427,0.020131409326094,0.8656090924007916,-0.3166733471934813,0.2458350777377559,-0.7950705155471853,0.2117159594368092,0.3132920443689214,0.2188887157676494,0.2156364591856551,0.5550910756299067,0.7087717480914516,0.2173833550393486,0.3959163831411095,-0.8902301288804095,-0.0599579182574245,0.2030787974780474,0,0,0,0,0,0,0,0,0,1,0,0,0,0,0,0,0,0,0,0,0,0,0,0,0,0,0,0,0,0,0,1,0,0,0,0,0,0,0,0,0,0,0,0,0,0,0,0,0,0,0,0,0,0,0,0,0,0,0,1,0,0,0,0,0,0,0,0,0,0,0,0,0,0,0,0,1,0,0,0,0,0,0,0,0,0,0,0,1,0,0,0,0,0,0,0,0,0,0,0,1,0,0,0,0,0,0,0,0,0,0,0,0,0,0,0,0,0,0,0,0,0,0,0,0,0,0,0,0,1,0,0,0,0,0,0,0,0,0,0,0,0,0,1,0,0,0,0,0,0,0,0,0,0,0,0,0,0,0,0,0,0,0,0,0,0,0,0,1,0,0,0,0,0,0,0,0,0,0,0,0,0,0,0,0,0,1,0,0,0,0,0,0,0,0,0,0,0,0,0,0,0,0,0,0,0,0,0,0,1,0,0,0,0,0,0,0,0,0,0,0,0,0,0,0,0,0,0,1,0,0,0,0,0,0,0,0,0,0,0,0,0,0,0,0,0,0,0,1,0,0,0,0,0,0,0,0,0,0,0,0,0,0,1,0,0,0,0,0,0,0,0,0,0,0,0,0,0,0,0,0,0,0,0,0,0,0,0,0,1,0,0,0,0,0,0,0,0,0,0,0,0,0,1,0,0,0,0,0,0,0,0,0,0,0,0,0,0,0,0,0,0,0,0,0,0,0,0,0,1,0,0,0,0,0,0,0,0,0,0,0,0,0,0,0,0,0,0,1,0,0,0,0,0,0,0,0,0,0,0,0,0,0,0,0,0,0,0,0,1,0,0,0,0,0,0,0,0,0,0,0,0,0,0,0,0,0,0,0,0,0,0,0,0,0,0,1,0,0,0,0,0,0,0,0,0,0,0,0,1,0,0,0,0,0,0,0,0,0,0,1,0,0,0,0,0,0,0,0,0,0,0,0,0,0,0,0,0,0,0,0,0,0,0,0,0,0,0,0,1,0,0,0,0,0,0,0,0,0,0,0,0,0,0,0,0,1,0,0,0,0,0,0,0,0,0,0,0,0,0,0,0,0,0,0,0,0,0,0,0,0,0,0,0,0,0,0,0,0,1,0,0,0,0,0,0,1,0,0,0,0,0,0,0,0,0,0,0,0,0,0,0,0,0,0,0,0,0,0,1,0,0,0,0,0,0,0,0,0,0,0,0,0,1,0,0,0,0,0,0,0,0,0,0,0,0,0,0,0,0,0,0,0,0,0,0,0,0,1,0,0,0,0,0,0,0,0,0,0,0,0,0,0,0,0,0,0,0,0,0,0,0,0,0,0,0,1,0,0,0,0,0,0,0,0,0,0,0,0,0,0,0,0,0,0,0,0,0,0,1,1,0,0,0,0,0,0,0,0,0,0,0,0,0,0,0,0,0,0,0,0,0,0,0,0,0,0,0,1,0,0,0,0,0,0,0,0,0,0,0,0,0,0,1,0,0,0,0,0,0,0,0,0,0,0,0,0,0,0,0,0,0,0,0,0,0,0,0,1,0,0,0,0,0,0,0,0,0,0,0,0,0,0,0,0,0,0,0,0,0,0,1,0,0,0,0,0,0,0,0,0,0,0,0,0,0,0,0,0,0,0,0,0,0,0,0,0,0,0,1,0,0,0,0,0,1,0,0,0,0,0,0,0,0,0,0,0,0,0,0,0,0,0,0,0,0,0,0,0,0,0,0,0,0,0,0,0,0,0,1,0,0,0,0,0,0,0,0,1,0,0,0,0,0,0,0,0,0,0,0,0,0,0,0,0,0,0,0,0,1,0,0,0,0,0,0,0,0,0,0,0,0,0,0,0,0,0,0,1,0,0,0,0,0,0,0,0,0,0,0,0,0,0,0,0,0,0,0,1,0,0,0,0,0,0,0,0,0,0,0,0,0,0,0,0,0,0,0,1,0,0,0,0,0,0,0,0,0,0,0,0,0,0,0,0,0,0,0,0,0,0,0,0,0,0,0,0,0,0,1,0,0,0,0,0,0,0,0,0,0,0,1,0,0,0,0,0,0,0,0,0,0,0,1,0,0,0,0,0,0,0,0,0,0,0,0,0,0,0,0,0,0,0,0,0,0,0,0,0,0,0,0,0,0,0,0,1,0,0,0,0,0,0,0,0,0,0,0,0,1,0,0,0,0,0,0,0,0,0,0,0,0,0,1,0,0,0,0,0,0,0,0,0,0,0,0,0,0,0,0
8.993,63,1.0,-5.103475662004715e-18,2.364679469512285e-17,1.0188951306963017,-0.70784153359968,-0.5068746682120981,0.0313824297065193,0.6403978610949619,0.7553591083489796,0.6541049084500118,1.4753805307042418e-17,0.5900196480186096,-0.2035513865993926,0.8854273726685049,0.1237758104874647,0.536854716403435,0.0536381737662802,-0.565214596609108,-0.7483491861194066,0.5248873530276771,0.866572960354088,-0.4603650663402869,-0.0081756467980786,0.5097147344896491,0.226341291342411,0.9508371987259194,0.0543194399170667,0.4768211443296974,0.2582068442584363,-0.2922553644294545,0.8587511092199561,0.4314136621613892,-0.6009715562288119,0.1336974320893168,0.575900373545837,0.4299557817568933,0.3406355765826145,-0.5939267861805987,-0.6790385844828817,0.417483835296662,0.5653223633751927,-0.7295340332526388,0.3318551767298934,0.4114887912734984,-0.7710578808810892,-0.4557794559989537,0.0834863333094487,0.3911639922760081,0.6675070432613031,-0.5555196712697492,-0.4336726468692212,0.3904705705428153,0.8391382470797064,0.5232368279736537,-0.0588062486253283,0.3816917194764297,0.953049377341744,-0.1950184269370246,0.0355679739760757,0.3732592502621119,0.0124124010095369,0.7059915145599531,-0.6269594506976045,0.3592434620535639,0.4537108125540451,-0.4867316241403901,0.6920058537634027,0.3573009687884514,0.1379776435776899,0.9193449125962878,-0.2921285849688215,0.3419023554095799,0.3552791359902794,-0.8683587357103364,0.2192679260018726,0.3358117782095206,0.2364907049450617,0.8949202360105006,0.3306095075560054,0.3324197932029417,-0.1603045510132944,0.6125197040998432,0.6858291095075066,0.3260890021704845,-0.1152605660658896,0.5640088969102255,-0.7073069564223176,0.3122893365565088,-0.0864928157488734,0.5626246605483799,-0.6902462789237591,0.2710935677736693,-0.7974107640282305,0.0375757871767662,0.404360535881501,0.2595432401133953,0.3772611338242328,-0.8523923381555176,0.2794429108463177,0.254148915749924,0,0,0,0,0,0,0,0,0,0,1,0,0,0,0,0,0,0,0,0,0,0,0,0,0,0,0,0,0,0,0,1,0,0,0,0,0,0,0,0,0,0,0,0,0,0,0,0,0,0,1,0,0,0,0,0,0,0,0,0,0,0,0,0,0,0,0,0,0,0,0,0,0,0,0,0,1,0,0,0,0,0,0,0,0,0,0,0,0,1,0,0,0,0,0,0,0,0,0,0,1,0,0,0,0,0,0,0,0,0,0,0,0,0,0,0,0,0,0,0,0,0,0,0,0,0,0,0,0,1,0,0,0,0,0,0,0,0,0,0,0,0,0,0,0,0,1,0,0,0,0,0,0,0,0,0,0,0,0,0,0,0,0,0,0,0,0,0,0,0,0,1,0,0,0,0,0,0,0,0,0,0,0,0,0,1,0,0,0,0,0,0,0,0,0,0,0,0,0,0,0,0,0,0,0,0,0,0,0,0,1,0,0,0,0,0,0,0,0,0,0,0,0,1,0,0,0,0,0,0,0,0,0,0,0,0,0,0,0,0,0,0,0,0,0,0,0,0,0,1,0,0,0,0,0,0,0,0,0,0,0,0,0,1,0,0,0,0,0,0,0,0,0,0,0,0,0,0,0,0,0,0,0,0,0,0,0,0,0,0,1,0,0,0,0,0,0,0,0,0,0,0,0,0,0,0,0,0,1,0,0,0,0,0,0,0,0,0,0,0,0,0,0,0,0,0,0,0,0,0,0,0,0,0,0,0,0,0,0,1,0,0,0,0,0,0,1,0,0,0,0,0,0,0,0,0,0,0,0,0,0,0,0,0,0,0,0,0,0,0,0,1,0,0,0,0,0,0,0,0,0,0,0,0,0,0,0,0,0,0,0,1,0,0,0,0,0,0,0,0,0,0,0,0,0,0,0,0,0,0,1,0,0,0,0,0,0,0,0,0,0,0,0,1,0,0,0,0,0,0,0,0,0,0,0,0,0,0,0,0,0,0,0,0,0,0,0,0,0,0,1,0,0,0,0,0,0,0,0,0,1,0,0,0,0,0,0,0,0,0,0,0,0,0,0,0,0,0,0,0,0,0,0,0,0,0,0,0,0,0,1,0,0,0,0,0,0,0,0,0,1,0,0,0,0,0,0,0,0,0,0,0,0,0,0,0,0,0,0,0,0,0,0,0,0,0,0,0,0,1,0,0,0,0,0,0,0,0,0,0,0,0,0,0,0,0,0,0,0,0,0,0,0,0,0,0,1,0,0,0,0,0,0,0,0,0,0,0,0,0,1,0,0,0,0,0,0,0,0,0,0,0,0,0,0,0,1,0,0,0,0,0,0,0,0,0,0,0,0,0,0,0,0,0,0,0,0,0,0,1,0,0,0,0,0,0,0,0,0,0,0,0,0,1,0,0,0,0,0,0,0,0,0,0,0,0,0,0,0,0,0,0,0,0,0,0,0,0,0,0,1,0,0,0,0,0,0,0,0,0,0,0,0,1,0,0,0,0,0,0,0,0,0,0,0,0,0,0,0,0,0,0,0,0,0,0,0,0,0,1,0,0,0,0,0,0,0,0,0,0,0,0,0,1,0,0,0,0,0,0,0,0,0,0,0,0,0,0,0,0,0,0,0,0,0,0,0,0,0,0,1,0,0,0,0,0,0,0,0,0,0,0,0,0,0,0,0,0,1,0,0,0,0,0,0,0,0,0,0,0,0,0,0,0,0,0,0,0,0,1,0,0,0,0,0,0,0,0,0,0,0,0,0,0,0,0,0,0,0,0,0,1,0,0,0,0,0,0,0,0,0,0,0,0,0,0,0,0,1,0,0,0,0,0,0,0,0,0,0,0,0,0,0,0,0,0,0,0,0,0,0,0,0,0,0,0,1,0,0,0,0,0,0,0,0,0,0,0,0,1,0,0,0,0,0,0,0,0,0,0,0,0,0,0,0,0,0,0,1,0,0,0,0,0,0,0,0,0,0,0,0,0,0,0,0,0,0,0,0,1,0,0,0,0,0,0,0,0,0,0,0,0,0,0,0,0,0,0,1,0,0,0,0,0,0,0,0,0,0,0,0,0,0,0,0,0,0,0,0,0,0,0,0,0,0,0,0,0,0,1,0,0,0,1,0,0,0,0,0,0,0,0,0,0,0,0,0,0,0,0,0,0,0,0,0,0,0,0,0,0,1,0,0,0,0,0,0,0,0,0,0,0,0,0,0,0,0,0,1,0,0,0,0,0,0,0,0,0,0,0
7.513,64,1.0,-1.737757742998891e-17,7.448415292908658e-18,1.015469186402434,0.7593598340750203,-0.6155585003656021,-0.0391436521367841,0.5612580051867828,0.8792613435145176,0.4743311691980751,1.8005121570769052e-17,0.5415429579925363,-0.2269054117769694,-0.9324140034097368,-0.2091628721730178,0.5322269095394121,-0.3214956642590036,0.7530644687773738,-0.0920774147513947,0.5248873530276771,0.2484412186754338,-0.9121759537947314,-0.2622003238777811,0.4855303603712433,0.0458427277351351,0.8978857080602396,-0.204674136321624,0.4799918576816891,-0.6829398128421869,0.3412905389692393,0.3164448958577838,0.4729123372350676,0.485262693567665,0.8533601718046695,0.0217999624129911,0.4371647198909042,0.8222780871202447,-0.4359482649782412,-0.2618866051957339,0.3961760310234865,0.6484838716701862,-0.5874160317548082,0.3989887439640736,0.3940523364944467,0.9387592472162776,0.3130821936868761,-0.0480929098861887,0.3634351672099856,0.5556856141293023,-0.5339605782431286,0.5044105399080012,0.3575789241460386,0.3374923627029189,0.8115109911809208,0.3974487498184919,0.3521700461544083,-0.7368460357345394,0.1302805250243822,0.4263853827154252,0.3448406364278695,-0.0763797735809473,0.8338392361567927,-0.41987491207627,0.3137483633923389,-0.5213336183227363,-0.7088263949360472,0.4058621894077495,0.3091258848922481,-0.7373897757751721,-0.5118853198387308,0.3177118147471877,0.308804667742018,-0.2500401556915474,-0.1954536817930431,0.8155907097152537,0.3027068085435778,0.5196545747926291,0.8308421239734104,-0.1462057870060817,0.2930802287396479,0.2256191674363254,-0.8710152189520783,-0.3847722688918843,0.2920045362018139,-0.3225964925102189,0.051131397915139,-0.8024791438600304,0.2887158098161094,-0.6287977428027707,0.0624465601141734,-0.6237184028076064,0.2831979158492882,0.1864877927310088,0.6809051976026289,0.6469842876742556,0.2483061714387024,-0.4903580969012102,-0.1264596710484825,0.7648205014111539,0.2394052632388903,0,0,0,0,0,0,0,0,0,0,0,1,0,0,0,0,0,0,0,0,0,0,0,0,0,0,0,0,0,0,0,1,0,0,0,0,0,0,0,0,0,0,0,0,0,0,0,0,0,0,0,1,0,0,0,0,0,0,0,0,0,0,0,1,0,0,0,0,0,0,0,0,0,0,0,0,0,0,0,0,0,0,0,0,0,0,0,0,0,0,1,0,0,0,0,0,0,0,0,0,1,0,0,0,0,0,0,0,0,0,0,0,0,0,0,0,0,0,0,0,0,0,0,0,0,0,0,0,0,0,0,1,0,0,0,0,0,0,0,0,0,0,0,0,0,0,0,0,0,0,0,0,0,0,0,0,1,0,0,0,0,0,0,0,0,0,0,0,0,0,1,0,0,0,0,0,0,0,0,0,0,0,0,0,0,1,0,0,0,0,0,0,0,0,0,0,0,0,0,0,0,0,0,0,0,0,0,0,0,0,0,1,0,0,0,0,0,0,0,0,1,0,0,0,0,0,0,0,0,0,0,0,0,0,0,0,0,0,0,0,0,0,0,0,0,0,0,0,0,0,1,0,0,0,0,0,0,0,0,0,0,0,0,0,0,0,0,0,0,0,0,1,0,0,0,0,0,0,0,0,0,0,0,0,0,0,0,0,0,0,1,0,0,0,0,0,0,0,0,0,0,0,0,0,0,0,0,0,0,0,0,0,0,0,0,0,1,0,0,0,0,0,0,0,0,0,0,0,0,0,1,0,0,0,0,0,0,0,0,0,0,0,0,1,0,0,0,0,0,0,0,0,0,0,0,0,0,0,0,0,0,0,0,0,0,0,0,0,0,0,0,1,0,0,0,0,0,0,0,0,0,0,0,0,0,0,1,0,0,0,0,0,0,0,0,0,0,0,0,0,0,0,0,0,0,0,0,0,0,0,0,1,0,0,0,0,0,0,0,0,0,0,0,1,0,0,0,0,0,0,0,0,0,0,0,0,0,0,0,0,0,0,0,0,0,0,0,0,0,0,1,0,0,0,0,0,0,0,0,0,0,0,0,0,0,0,0,0,0,0,0,0,0,0,0,0,1,0,0,0,0,0,0,0,0,0,0,0,0,0,0,1,0,0,0,0,0,0,0,0,0,0,0,0,0,0,0,0,1,0,0,0,0,0,0,0,0,0,0,0,0,0,0,0,0,0,0,0,0,0,1,0,0,0,0,0,0,0,0,0,0,0,0,1,0,0,0,0,0,0,0,0,0,0,0,0,0,0,0,0,0,0,0,0,0,0,0,0,0,0,1,0,0,0,0,0,0,0,0,0,1,0,0,0,0,0,0,0,0,0,0,0,0,0,0,0,0,0,0,0,0,0,0,0,0,0,0,0,0,1,0,0,0,0,0,0,0,0,0,0,1,0,0,0,0,0,0,0,0,0,0,0,0,0,0,0,0,0,0,0,0,0,0,0,0,0,0,0,0,0,1,0,0,0,0,0,0,0,0,0,0,0,0,0,0,1,0,0,0,0,0,0,0,0,0,0,0,0,0,0,0,0,0,0,0,0,0,0,0,0,1,0,0,0,0,0,0,0,0,0,0,0,0,0,0,0,0,0,0,0,0,1,0,0,0,0,0,0,0,0,0,0,0,0,0,0,0,0,0,0,1,0,0,0,0,0,0,0,0,0,0,0,0,0,0,0,0,0,1,0,0,0,0,0,0,0,0,0,0,0,0,0,0,0,0,0,0,0,0,0,1,0,0,0,0,0,0,0,0,0,0,0,0,0,0,0,1,0,0,0,0,0,0,0,0,0,0,0,0,0,0,0,0,0,0,0,0,0,0,1,0,0,0,0,0,0,0,0,0,0,0,0,0,0,0,0,0,0,0,0,0,1,0,0,0,0,0,0,0,0,0,0,0,0,0,0,0,0,0,1,0,0,0,0,0,0,0,0,0,0,0,0,0,0,0,0,0,0,1,0,0,0,0,0,0,0,0,0,0,0,0,0,0,0,0,0,0,0,0,1,0,0,0,0,0,0,0,0,0,0,0,0,0,0,0,0,0,0,1,0,0,0,0,0,0,0,0,0,0,0,0,0,0,0,0,0,0,0,0,0,1,0,0,0,0,0,0,0,0,0,0,0,0,0,0,0,0,0,1,0,0,0,0,0,0,0,0,0,0,0,0,0,0,0,0,0,0,0,0,0,1,0,0,0,0,0,0,0,0,0,0,0,0,1,0,0,0,0,0,0,0,0,0,0,0,0,0,0,0,0
8.418,65,1.0,-1.2984275016803496e-18,1.0745481361460632e-17,1.0152145337975953,-0.8123332490245752,0.2226837629514554,-0.366681819833934,0.5761013816657925,0.7676734991627826,-0.633232742311595,0.0025857630377737,0.5571628531990827,0.8675833225994246,0.4950496908527705,4.873149794897485e-18,0.5455627825262492,0.0937179126703057,0.9665564258584984,0.1165284924439892,0.5042569721310207,-0.0860424846214157,-0.8697315344614737,-0.4612989987047907,0.4767879400297786,0.1398147466462021,-0.7715134752709798,0.5465269763875119,0.4715180533795807,0.3759293795722652,-0.8216193806310954,-0.4112410684111588,0.4572497005677192,0.4600746369218955,0.8755907782829638,-0.0708405153355667,0.4343276289331933,0.4926072167738859,-0.7188510071046587,0.4703874558600452,0.4228187397078551,0.8918276861826808,-0.4092705990351592,-0.1011973083749151,0.3911532497034484,-0.8277607247089327,0.144328457309727,-0.4141130360523684,0.3667248441654769,-0.4854012115459288,0.174292428520353,0.7578872536857664,0.3664752392500088,0.9461265494987352,0.310673704785891,0.0306496733819339,0.3650020782091819,0.3277805132749798,0.7947485468023879,-0.4742711713825983,0.3510840206332518,0.5523167585771187,-0.3567461315785286,0.7393639661988463,0.3176251714002367,-0.5031642231973872,0.0810870143284331,0.8251445205418022,0.3145854884580246,0.4907764788541454,-0.7143633840606143,-0.4726999082848422,0.3135953096457121,-0.4947526306052376,0.1884869882145658,0.8212419377654092,0.3027482110099885,-0.7175875291271511,-0.6271080834902089,-0.0897137465756806,0.3005744193891357,0.6061786540695671,-0.1344009157756915,0.7485787026932116,0.2903943909916898,0.1999449927950918,0.6413035702056115,-0.6922222232719052,0.2751827178681692,-0.543922856859407,0.7227923811283701,-0.3262259309590859,0.2486720910637146,0.4883418239652801,0.86462596751264,0.0920241231614165,0.2372782954535596,0.5583960561537968,-0.1024921727183511,0.7941221885200669,0.2209188913749547,0,0,0,0,0,0,0,0,0,1,0,0,0,0,0,0,0,0,0,0,0,0,0,0,0,0,0,0,0,0,0,1,0,0,0,0,0,0,0,0,0,0,0,0,0,0,0,0,0,0,0,0,0,0,0,0,1,0,0,0,0,0,0,0,0,0,0,0,0,0,0,0,0,0,0,0,1,0,0,0,0,0,0,0,0,0,0,0,0,1,0,0,0,0,0,0,0,0,0,0,0,0,0,1,0,0,0,0,0,0,0,0,0,0,0,0,0,0,0,0,0,0,0,0,0,0,0,0,0,0,0,1,0,0,0,0,0,0,0,0,1,0,0,0,0,0,0,0,0,0,0,0,0,0,0,0,0,0,0,0,0,0,0,0,0,0,0,0,0,0,0,1,0,0,0,0,0,0,0,0,0,0,0,0,0,0,1,0,0,0,0,0,0,0,0,0,0,0,0,0,0,0,0,0,0,0,0,0,0,1,0,0,0,0,0,0,0,0,0,0,0,0,0,0,0,0,0,0,0,0,0,0,0,0,0,0,1,0,0,0,0,0,0,0,0,0,0,0,0,1,0,0,0,0,0,0,0,0,0,0,0,0,0,0,0,0,0,0,1,0,0,0,0,0,0,0,0,0,0,0,0,0,0,0,0,0,0,0,0,1,0,0,0,0,0,0,0,0,0,0,1,0,0,0,0,0,0,0,0,0,0,0,0,0,0,0,0,0,0,0,0,0,0,0,0,0,0,0,0,0,0,1,0,0,0,0,0,0,0,0,0,0,0,1,0,0,0,0,0,0,0,0,0,0,0,0,0,0,0,0,0,0,0,0,0,0,0,0,0,1,0,0,0,0,0,0,0,0,0,0,0,0,0,1,0,0,0,0,0,0,0,0,0,0,0,0,0,0,0,0,0,0,0,0,0,0,0,0,0,1,0,0,0,0,0,0,0,0,0,0,0,0,0,0,0,0,1,0,0,0,0,0,0,0,0,0,0,0,0,0,0,0,0,0,0,0,0,0,0,0,0,0,0,0,0,0,1,0,0,0,1,0,0,0,0,0,0,0,0,0,0,0,0,0,0,0,0,0,0,0,0,0,0,0,0,0,0,0,0,0,0,0,0,0,0,0,0,0,0,1,0,0,0,0,0,0,0,0,1,0,0,0,0,0,0,0,0,0,0,0,0,0,0,0,0,0,0,0,0,0,0,1,0,0,0,0,0,0,0,0,0,0,0,0,0,0,0,0,0,0,0,0,0,0,0,0,1,0,0,0,0,0,0,0,0,0,0,0,0,0,0,1,0,0,0,0,0,0,0,0,0,0,0,1,0,0,0,0,0,0,0,0,0,0,0,0,0,0,0,0,0,0,0,0,0,0,0,0,0,1,0,0,0,0,0,0,0,0,0,0,0,0,0,1,0,0,0,0,0,0,0,0,0,0,0,0,0,0,0,0,0,0,0,0,0,0,0,0,0,0,0,0,0,0,0,0,0,0,0,1,0,0,0,0,0,0,0,0,1,0,0,0,0,0,0,0,0,0,0,0,0,0,0,0,0,0,0,1,0,0,0,0,0,0,0,0,0,0,0,0,0,0,0,0,0,0,0,0,0,0,0,1,0,0,0,0,0,0,0,0,0,0,0,0,0,0,0,0,0,0,0,0,0,0,0,0,0,0,0,1,0,0,0,1,0,0,0,0,0,0,0,0,0,0,0,0,0,0,0,0,0,0,0,0,0,0,0,0,0,0,0,0,0,0,0,0,1,0,0,0,0,0,0,0,0,0,0,0,1,0,0,0,0,0,0,0,0,0,0,0,0,0,0,0,0,0,0,0,0,1,0,0,0,0,0,0,0,0,0,0,0,0,0,0,0,0,0,0,1,0,0,0,0,0,0,0,0,0,0,0,0,0,0,0,0,0,0,0,0,0,0,1,0,0,0,0,0,0,0,0,0,0,0,0,0,0,0,0,1,0,0,0,0,0,0,0,0,0,0,0,0,0,1,0,0,0,0,0,0,0,0,0,0,0,0,0,0,0,0,0,0,0,0,0,0,0,1,0,0,0,0,0,0,0,0,0,0,0,0,0,0,0,0,0,0,0,0,0,0,0,0,1,0,0,0,0,0,0,0,0,0,0,0,0,0,0,0,0,0,0,0,1,0,0,0,0,0,0,0,0,0,0,0,0,0,0,0,0,0,1,0,0,0,0,0,0,0,0,0,0,0,0,0,0,0,0,0,0,1,0,0,0,0,0,0,0,0,0,0,0
9.553,66,1.0,9.417455346743581e-18,-8.220293915737204e-18,1.0111070555166477,0.6920081639725071,-0.4282887339261519,-0.1322696830703332,0.6021343545742657,-0.1345429426777968,-0.3395093300104004,0.1575762588251366,0.5506178398439292,0.8545184028822792,0.5131370460690183,4.560877545464454e-19,0.54700368286087,0.3658275830493166,-0.5491054699101097,-0.196531513928171,0.5135654576764993,0.4050732037669762,0.4690480618133007,0.1731725224782845,0.4731399420546284,0.5377198245717167,-0.5054857041410252,-0.3132540375783207,0.4564901116894123,0.5874245975023481,0.6569176356228346,0.1018130018028036,0.4243064439494937,0.6759076870077421,-0.2378576642036582,0.0959967064097811,0.3867211333415549,0.8043608286085024,0.5114228287923842,-0.0601947077463027,0.3790966494433564,-0.2775286093435775,-0.4364845028691576,0.1383174564786396,0.366369931600809,0.0054850960223131,0.0175656521977598,0.2149966884940667,0.346269414504845,-0.4899339051934941,-0.5586207808467747,-0.0819664895519974,0.3392661601300447,0.6429174320281215,-0.2465966236342704,0.2639714910517936,0.3278691201834376,0.4337360693442103,0.7349218789638889,0.0012265094518263,0.3269419259509653,-0.0572629530777624,0.8254317386005693,-0.1096816687627187,0.3176854214305768,-0.0411601148479746,0.6166123126996743,0.1079667131120789,0.3160059495113251,0.5292653051089526,0.6862020530963053,0.1465361113635572,0.2798690166932163,-0.0012511283396102,0.8338645053522977,0.1369408231032293,0.2760605305289015,-0.4299315424545635,-0.6120351143050545,0.1348991964186776,0.2670543759619214,-0.1400186038828595,0.7485886388535405,0.0618970371392341,0.2531505582862833,-0.405435491795088,-0.7878493634189727,-0.0531706257658918,0.2252687623102112,-0.2849081803596645,-0.8561899399153728,-0.0234836415720336,0.2102549055729097,-0.2796068028039043,-0.2862968089466475,-0.1353392184563906,0.2055618012533277,0.4529582206634674,-0.085843305174574,0.4406755611024335,0.2031397304286267,0,0,0,0,0,0,0,1,0,0,0,0,0,0,0,0,0,0,0,0,0,0,0,0,0,0,0,0,0,0,0,1,0,0,0,0,0,0,0,0,0,0,0,0,0,0,0,1,0,0,0,0,0,0,0,0,0,0,0,0,0,0,0,1,0,0,0,0,0,0,0,0,0,0,0,0,0,0,0,0,0,1,0,0,0,0,0,0,0,0,0,0,0,0,0,0,0,0,0,0,0,0,0,0,0,0,0,0,0,0,0,0,0,0,0,0,1,0,0,0,0,0,0,0,0,0,0,0,0,1,0,0,0,0,0,0,0,0,0,0,1,0,0,0,0,0,0,0,0,0,0,0,0,0,0,0,0,0,0,0,0,0,0,0,0,0,0,1,0,0,0,0,0,0,0,0,0,0,0,0,0,0,0,0,0,0,1,0,0,0,0,0,0,0,0,0,0,0,0,0,0,0,0,0,0,0,0,0,0,1,0,0,0,0,0,0,0,0,0,0,0,0,0,0,0,0,1,0,0,0,0,0,0,0,0,0,0,0,0,0,0,0,0,0,0,0,0,1,0,0,0,0,0,0,0,0,0,0,0,0,0,0,0,0,0,0,1,0,0,0,0,0,0,0,0,0,0,0,0,0,0,0,0,0,0,0,0,0,0,1,0,0,0,0,0,0,0,0,0,0,0,0,0,1,0,0,0,0,0,0,0,0,0,0,0,0,0,0,0,0,0,0,0,0,0,0,0,1,0,0,0,0,0,0,0,0,0,0,0,0,1,0,0,0,0,0,0,0,0,0,0,0,0,0,0,0,0,0,0,0,0,0,0,0,0,0,0,0,0,1,0,0,0,0,0,0,0,0,0,0,0,0,0,0,0,0,0,0,0,0,0,0,0,0,0,0,1,0,0,0,0,1,0,0,0,0,0,0,0,0,0,0,0,0,0,0,0,0,0,0,1,0,0,0,0,0,0,0,0,0,0,0,0,0,0,0,0,0,0,0,0,0,0,0,0,0,0,0,0,0,0,0,1,0,0,0,0,0,0,0,0,0,0,0,0,0,1,0,0,0,0,0,0,0,0,0,0,0,0,0,0,1,0,0,0,0,0,0,0,0,0,0,0,0,0,0,0,0,0,0,0,0,0,0,0,1,0,0,0,0,0,0,0,0,0,0,0,0,0,0,0,0,0,0,0,0,0,1,0,0,0,0,0,0,0,0,0,0,0,0,0,0,0,0,0,0,0,0,0,0,0,0,0,0,0,0,1,0,0,0,0,0,0,0,0,0,0,0,0,1,0,0,0,0,0,0,0,0,0,0,0,0,0,1,0,0,0,0,0,0,0,0,0,0,0,0,0,0,0,0,0,0,0,0,0,0,0,0,0,1,0,0,0,0,0,0,0,0,0,0,0,0,0,0,0,0,0,0,1,0,0,0,0,0,0,0,0,0,0,0,0,0,0,0,0,0,0,0,0,1,0,0,0,0,0,0,0,0,0,0,0,0,0,0,0,0,0,0,1,0,0,0,0,0,0,0,0,0,0,0,0,0,0,0,0,0,0,0,0,1,0,0,0,0,0,0,0,0,0,0,0,0,0,0,0,0,0,0,0,0,0,1,0,0,0,0,0,0,0,0,0,0,0,0,0,0,0,0,0,1,0,0,0,0,0,0,0,0,0,0,0,0,0,1,0,0,0,0,0,0,0,0,0,0,0,0,0,0,0,0,0,1,0,0,0,0,0,0,0,0,0,0,0,0,0,0,0,0,0,0,0,0,0,1,0,0,0,0,0,0,0,0,0,0,0,0,0,0,0,0,0,0,0,0,0,0,0,0,0,1,0,0,0,0,0,0,0,0,0,0,0,0,0,0,0,0,0,0,1,0,0,0,0,0,0,0,0,0,0,0,0,1,0,0,0,0,0,0,0,0,0,0,0,0,0,0,0,0,0,0,0,0,0,0,0,0,0,0,1,0,0,0,0,0,0,0,0,0,0,0,0,1,0,0,0,0,0,0,0,0,0,0,0,0,0,0,0,0,0,0,0,0,0,0,0,0,0,0,1,0,0,0,0,0,0,0,0,0,0,0,0,0,0,0,0,0,0,0,0,0,0,0,1,0,0,0,0,0,0,0,0,0,0,0,0,0,0,0,0,0,0,1,0,0,0,0,0,0,0,0,0,0,0,0,0,0,0,1,0,0,0,0,0,0,0,0,0,0,0,0,0,0,0,0,0,0,0,0,0,0,0,1,0,0,0,0,0,0,0,0
8.225,68,1.0,1.2258326900375765e-17,3.452362162937993e-18,1.0097209037143795,0.7732471430501753,0.6332824413653462,-6.2574625649826496e-18,0.5923147022949633,0.7874214704111333,-0.4779988409967817,0.3789451386657104,0.5463500533375155,-0.0135168751381715,0.6805695981209466,-0.7100962497371406,0.479123534874852,0.2832000015145158,-0.8026133438755407,0.5024115554723881,0.4738510432651006,-0.0923139826459365,-0.5974470905925466,0.7382612775854707,0.4719257912851926,0.0774725261969738,-0.9041713734591624,0.2027478647896702,0.4590797646649527,0.3508056873739758,0.8668680702903526,-0.3428902525187842,0.4543434726050712,-0.0531514303788416,-0.5259120112281176,-0.8006558630622879,0.4516215181731082,0.7226915170549768,-0.1873105667326975,0.6396110173931642,0.4312412069619206,-0.281196704513855,0.704087027466471,-0.5329443581306037,0.4134665095073189,0.7751260149895295,0.5529029329238191,0.2929355114575604,0.4012090533022048,-0.0772746439142437,0.4250650262440733,-0.8758058025707529,0.3921811104197876,0.251683749871068,0.9101270126441028,-0.205175734899642,0.3601185092049254,0.826675568826175,-0.5304186153166051,0.0432993824243533,0.3589433731426518,0.3433696444308959,0.8722973120952634,-0.2199544526774104,0.3498926582058753,-0.2140275868228222,-0.4711146482002295,0.8045735904031405,0.348765356453753,0.0749207891592839,0.4419164909912658,-0.7933592953451213,0.3432830126475126,0.7041496265223411,-0.6239179986207446,-0.2557876674324412,0.3333770870806268,-0.0632094404203556,-0.3703516642287885,-0.8932845247109824,0.3220265170486577,0.2674411963802104,-0.7912450654386738,0.5274882414450759,0.3128414249307844,-0.3173972204934372,0.1727658417571143,-0.9058234635461516,0.3089019588271245,-0.2034465598983199,-0.1134406730754601,-0.946139074515002,0.2518329671161683,0.399559116970586,-0.6215207190645189,-0.6111283711131223,0.2468869273628646,0.8581856574053504,-0.4241167486506051,0.1833873343836341,0.2445708845865219,0,0,0,0,0,0,0,0,0,0,0,0,0,0,0,0,1,0,0,0,0,0,0,0,0,0,0,0,0,0,0,1,0,0,0,0,0,0,0,0,0,0,0,0,0,0,0,1,0,0,0,0,0,0,0,0,0,0,0,0,1,0,0,0,0,0,0,0,0,0,0,0,0,0,0,0,0,0,0,0,0,0,0,0,0,0,0,0,0,0,0,0,0,0,0,0,1,0,0,0,0,0,0,1,0,0,0,0,0,0,0,0,0,0,0,0,0,0,0,0,0,0,0,0,0,0,0,1,0,0,0,0,0,0,0,0,0,0,0,0,0,0,0,0,0,0,0,0,0,0,0,1,0,0,0,0,0,0,0,0,0,0,0,0,0,0,0,0,0,0,0,0,0,0,0,0,1,0,0,0,0,0,0,1,0,0,0,0,0,0,0,0,0,0,0,0,0,0,0,0,0,0,0,0,0,0,0,0,0,0,0,0,0,0,0,0,1,0,0,0,0,0,0,0,0,0,0,0,0,0,0,0,0,0,0,0,0,1,0,0,0,0,0,0,0,0,0,0,0,0,0,0,0,0,0,0,1,0,0,0,0,0,0,0,0,0,0,0,1,0,0,0,0,0,0,0,0,0,0,0,0,0,0,0,0,0,0,1,0,0,0,0,0,0,0,0,0,0,0,0,0,0,0,1,0,0,0,0,0,0,0,0,0,0,0,0,0,0,0,0,0,0,0,0,0,0,0,0,0,1,0,0,0,0,0,0,0,0,0,0,0,0,0,0,0,0,0,0,0,0,0,0,0,0,0,0,1,0,0,0,0,0,0,0,0,0,0,0,0,0,0,0,0,0,0,0,1,0,0,0,0,0,0,0,0,0,1,0,0,0,0,0,0,0,0,0,0,0,0,0,0,0,0,0,0,0,0,1,0,0,0,0,0,0,0,0,0,0,0,0,0,0,0,0,0,1,0,0,0,0,0,0,0,0,0,0,0,0,0,0,0,0,0,0,0,0,0,1,0,0,0,0,0,0,0,0,0,0,0,0,0,0,0,0,0,0,0,0,0,0,0,0,0,0,0,0,1,0,0,0,0,0,0,0,0,0,0,1,0,0,0,0,0,0,0,0,0,0,0,0,1,0,0,0,0,0,0,0,0,0,0,0,0,0,0,0,0,0,0,0,0,0,0,0,0,0,0,1,0,0,0,0,0,0,0,0,0,0,0,0,0,0,0,0,0,0,1,0,0,0,0,0,0,0,0,0,0,0,0,0,0,0,0,0,0,0,0,0,0,0,0,0,0,0,0,0,1,0,0,0,1,0,0,0,0,0,0,0,0,0,0,0,0,0,0,0,0,0,0,0,0,0,0,0,0,0,0,1,0,0,0,0,0,0,0,0,0,0,0,0,0,0,0,0,0,0,1,0,0,0,0,0,0,0,0,0,0,0,0,0,0,0,0,0,0,0,0,0,0,0,0,0,0,0,0,0,1,0,0,0,0,0,0,0,0,0,0,0,0,1,0,0,0,0,0,0,0,0,0,0,0,0,0,0,0,0,0,1,0,0,0,0,0,0,0,0,0,0,0,0,0,0,0,0,0,0,0,0,0,0,0,0,0,0,0,0,1,0,0,0,0,0,0,0,0,0,0,0,0,0,0,0,0,0,0,0,1,0,0,0,0,0,0,0,0,0,0,0,0,0,0,0,0,0,0,0,1,0,0,0,0,0,0,0,0,0,0,0,0,1,0,0,0,0,0,0,0,0,0,0,1,0,0,0,0,0,0,0,0,0,0,0,0,0,0,0,0,0,0,0,0,0,0,0,0,0,0,0,0,0,0,0,0,0,0,0,1,0,0,0,0,0,0,1,0,0,0,0,0,0,0,0,0,0,0,0,0,0,0,0,0,0,0,0,0,0,0,1,0,0,0,0,0,0,0,0,0,0,0,0,0,0,0,1,0,0,0,0,0,0,0,0,0,0,0,0,0,0,0,0,0,0,0,0,0,0,0,1,0,0,0,0,0,0,0,0,0,0,0,0,0,0,0,0,0,0,0,0,0,0,0,1,0,0,0,0,0,0,0,0,0,0,0,0,0,0,0,0,0,1,0,0,0,0,0,0,0,0,0,0,0,0,0,0,0,1,0,0,0,0,0,0,0,0,0,0,0,0,0,0,0,0,1,0,0,0,0,0,0,0,0,0,0,0,0,0,0,0,0,0,0,0,0,0,0,0,0,0,0,0,0,1,0,0,0,0,0,0,0,0
9.071,69,1.0,-7.660305763687292e-19,5.347338459657055e-18,1.0080549444935367,0.863221809412235,0.5027641856012656,4.749177144925633e-18,0.5520172392667595,0.8050268764107933,-0.5861077797010266,0.0373399550286905,0.5369475365592182,-0.0187704562047344,0.9692210737761984,-0.0986364213501862,0.5208508938607308,0.0129840639153133,-0.8541279899278281,0.3999564400780071,0.4803982052214918,0.3080218410259457,-0.923888551488936,0.2115172789845364,0.4713422401570175,0.4199668403113988,0.8950726967702691,-0.0946676350898261,0.456345686563629,0.0215315907474518,-0.9505538956128168,0.0748590967411594,0.4525053748160116,0.8316037516047565,-0.4103405593709263,0.3503251925147396,0.4076801104186185,0.7457368750416166,-0.5339316143309701,-0.3840676283835508,0.3721247381114108,0.9348442840965924,0.345011803727593,0.0374400394305611,0.3635330872970545,0.5240640800615947,-0.4999472911697171,-0.67978607793915,0.3599812637197633,-0.1008539690830012,0.822811426654092,0.5330116107841901,0.3336488507356062,0.3024336763012136,0.4115797436230805,-0.8269423918219367,0.332756849724438,0.3839008274153547,0.7920611386920633,-0.4444999561233969,0.3324696979077242,0.3602924577548441,0.539403584493906,-0.7452971020470492,0.3321139244938247,0.3718872797915854,0.9037755227601788,0.1965790516023144,0.3222194771647066,0.3011180742541215,0.4238823483709942,-0.797455227287318,0.3138276139360028,0.2942723205551721,0.459512265997975,-0.7856347733588607,0.3104784043747077,0.3431368108948084,-0.9168112999508404,0.1794397362682531,0.2961038615674795,0.1680644366114947,0.8722589901608332,0.4423469582480367,0.2930057431521075,0.1279183331644214,0.8586788464156617,-0.4518930567074202,0.283653042553552,0.5057060730667733,0.7373249799317119,-0.3608199340337669,0.2662158418944802,0.8166795760276969,-0.4931858238263634,-0.2737893347270896,0.2652957909251213,0.3381564353247555,0.9348784263171648,0.0564795461003751,0.2558942706698573,0,0,1,0,0,0,0,0,0,0,0,0,0,0,0,0,0,0,0,0,0,0,0,0,0,0,0,0,0,0,0,1,0,0,0,0,0,0,0,0,0,0,0,0,0,0,0,0,0,0,0,0,0,0,0,0,1,0,0,0,1,0,0,0,0,0,0,0,0,0,0,0,0,0,0,0,0,0,0,0,0,0,1,0,0,0,0,0,0,0,0,0,0,0,0,0,0,0,0,0,0,0,0,1,0,0,0,0,0,0,0,0,0,0,0,0,0,0,0,0,0,0,0,0,0,0,0,0,0,0,0,0,0,0,0,0,1,0,0,0,0,0,0,0,0,0,1,0,0,0,0,0,0,0,0,0,0,0,0,0,0,0,1,0,0,0,0,0,0,0,0,0,0,0,0,0,0,0,0,0,0,0,0,0,0,0,0,0,1,0,0,0,0,0,0,0,0,0,0,0,0,0,1,0,0,0,0,0,0,0,0,0,0,0,0,0,0,0,0,0,0,0,0,1,0,0,0,0,0,0,0,0,0,0,0,0,0,0,0,0,0,0,0,0,0,0,0,0,0,0,0,0,0,0,0,0,1,0,0,0,0,0,0,1,0,0,0,0,0,0,0,0,0,0,0,0,0,0,0,0,0,0,1,0,0,0,0,0,0,0,0,0,0,0,0,0,0,0,0,0,0,0,0,0,0,0,0,0,1,0,0,0,0,0,0,0,0,0,0,0,0,0,1,0,0,0,0,0,0,0,0,0,0,0,0,0,0,0,0,0,0,0,0,0,0,0,1,0,0,0,0,0,0,0,0,0,0,0,0,0,0,0,1,0,0,0,0,0,0,0,0,0,0,0,0,0,0,0,0,0,1,0,0,0,0,0,0,0,0,0,0,0,0,0,0,0,0,0,0,0,0,0,0,0,0,0,0,0,0,0,0,0,0,0,0,0,1,0,0,0,0,0,0,0,0,0,0,0,0,0,0,0,0,0,0,0,1,0,0,0,0,0,1,0,0,0,0,0,0,0,0,0,0,0,0,0,0,0,0,0,0,0,0,0,0,0,0,0,0,0,0,0,0,0,0,0,1,0,0,0,0,0,0,0,0,0,0,1,0,0,0,0,0,0,0,0,0,0,0,0,0,0,0,0,0,0,0,0,0,0,0,0,0,0,0,0,1,0,0,0,0,0,0,0,0,0,0,0,0,0,0,0,0,0,0,0,1,0,0,0,0,0,0,0,0,0,0,0,1,0,0,0,0,0,0,0,0,0,0,0,0,0,0,0,0,0,0,0,0,0,0,0,0,0,0,0,1,0,0,0,0,0,0,1,0,0,0,0,0,0,0,0,0,0,0,0,0,0,0,0,0,0,0,0,0,0,0,0,0,0,0,0,0,0,0,0,1,0,0,0,0,0,0,1,0,0,0,0,0,0,0,0,0,0,0,0,0,0,0,0,0,0,0,0,0,0,0,0,0,0,0,0,0,0,0,0,1,0,0,0,0,0,0,0,0,0,0,0,0,0,0,1,0,0,0,0,0,0,0,0,0,0,0,0,0,0,0,0,0,0,0,0,0,0,0,0,1,0,0,0,0,0,0,0,0,0,0,0,1,0,0,0,0,0,0,0,0,0,0,0,0,0,0,0,0,0,0,0,0,0,0,0,0,0,0,0,1,0,0,0,0,0,0,0,0,0,0,0,1,0,0,0,0,0,0,0,0,0,0,0,0,0,1,0,0,0,0,0,0,0,0,0,0,0,0,0,0,0,0,0,1,0,0,0,0,0,0,0,0,0,0,0,0,0,0,0,0,0,0,0,0,0,0,0,0,0,0,1,0,0,0,0,0,0,0,0,0,0,0,0,1,0,0,0,0,0,0,0,0,0,0,0,0,0,0,0,0,0,0,0,0,0,0,0,0,0,0,0,0,0,0,0,0,0,0,0,1,0,0,0,0,0,0,0,0,0,0,0,0,0,0,0,0,0,0,0,0,1,0,0,0,0,0,0,0,0,0,0,0,0,0,0,0,0,0,0,1,0,0,0,0,0,0,0,0,0,0,0,1,0,0,0,0,0,0,0,0,0,0,0,0,0,0,0,0,0,0,0,0,0,0,0,0,0,0,0,0,0,0,1,0,0,0,0,0,0,0,0,0,0,0,1,0,0,0,0,0,0,0,0,0,0,0,0,0,0,0,0,0,0,0,0,0,0,0,0,1,0,0,0,0,0,0,0,0,1,0,0,0,0,0,0,0,0,0,0,0,0,0,0
7.893,70,1.0,-5.877945581363579e-18,-8.331119365574184e-18,1.017700742243896,0.8035272952193224,0.5932253824937674,4.738472315468885e-18,0.5541584120406345,-0.8485817266630333,-0.260733248086871,-0.1064632510028984,0.5154558765043857,0.8546072851491733,-0.4968395329601238,0.044200820583791,0.5147034238650897,-0.0461779942908495,0.4430584031792771,-0.847911133650879,0.5120469473427346,-0.0996146911118132,0.9488272827971428,0.1129839516690255,0.4929070146970197,-0.534649631170753,0.1048031873179737,0.7442253346637877,0.4804460247574177,-0.1834545824106624,-0.876842832363611,0.357956687672435,0.4782267874917319,0.3244461535920684,0.9322472093979458,0.016364001620269,0.4546476245375085,0.0640660524726772,-0.8748974062577541,0.4610552841194821,0.4368572934139555,0.5523647740844835,-0.6844511383572994,0.4468464139416445,0.4095476717015844,0.4006627389239549,-0.4665683453445167,-0.7600682354198527,0.4054512247883438,0.6214925358624838,-0.6624847310418793,-0.3812787334018239,0.4012077195734771,0.5613026191376637,-0.1144328481442076,-0.7878574775804246,0.39014661629156,0.0660853986708562,0.6698974747842372,-0.6979639202969599,0.3682653577822396,0.95057956962296,-0.2595828833964559,0.0078560062383768,0.3663784828638424,0.8874251045158713,0.4460880885630288,-0.0333308362275486,0.3660762394009548,-0.0772689981239245,-0.8623203831732784,0.3291277172624053,0.3519251080600916,0.2201906514757126,0.8868437596410649,-0.3637978930006099,0.3424063744516849,0.5485796993850579,-0.3564547870120601,0.7281573873402881,0.3411617315543195,-0.043452554863579,-0.8224620377595695,0.4892590666833313,0.3232986197057955,-0.6884152949728939,0.1228973668929217,0.6122148026674203,0.3135461265983513,-0.9057900278281972,-0.2507170048907812,0.0404678945456414,0.304557246026659,0.1067571431217526,0.6430569889049642,0.7199748764244489,0.2974692345927043,0.4036588454333832,-0.0939422969436816,0.8537377348328424,0.2587766694742653,0,0,0,0,0,0,0,0,0,0,0,0,0,0,0,0,0,0,0,1,0,0,0,0,0,0,0,0,0,0,0,1,0,0,0,0,0,0,0,0,0,0,1,0,0,0,0,0,0,0,0,0,0,0,0,0,0,0,0,0,1,0,0,0,0,0,0,0,0,0,0,0,0,0,0,0,0,0,0,0,0,0,0,0,0,0,0,0,0,0,1,0,0,0,0,0,0,0,0,0,0,0,0,0,0,0,0,0,0,0,0,0,0,0,0,0,1,0,0,0,0,0,0,0,0,0,0,0,0,0,0,0,0,0,0,0,0,0,0,1,0,0,0,1,0,0,0,0,0,0,0,0,0,0,0,0,0,0,0,0,0,0,1,0,0,0,0,0,0,0,0,0,0,0,0,0,0,0,0,0,0,0,0,0,0,0,0,0,0,0,0,0,0,0,0,0,1,0,0,0,0,0,1,0,0,0,0,0,0,0,0,0,0,0,0,0,0,0,0,0,0,0,0,0,0,0,1,0,0,0,0,0,0,0,0,0,0,0,0,0,0,0,0,0,0,0,0,0,0,0,0,1,0,0,0,0,0,0,0,0,0,0,0,0,0,0,1,0,0,0,0,0,0,0,0,0,0,0,0,0,0,0,0,0,0,0,0,0,0,0,0,0,0,0,0,0,0,0,0,1,0,0,0,0,0,0,0,0,1,0,0,0,0,0,0,0,0,0,0,0,0,0,1,0,0,0,0,0,0,0,0,0,0,0,0,0,0,0,0,0,0,0,0,1,0,0,0,0,0,0,0,0,0,0,0,0,0,0,0,0,0,0,0,0,0,0,0,0,0,0,0,0,0,0,0,0,0,0,0,1,0,0,0,1,0,0,0,0,0,0,0,0,0,0,0,0,0,0,0,0,0,0,0,0,0,0,0,0,0,0,0,0,0,0,0,0,0,0,0,1,0,0,0,1,0,0,0,0,0,0,0,0,0,0,0,0,0,0,0,0,0,0,0,0,0,1,0,0,0,0,0,0,0,0,0,0,0,0,0,0,0,0,0,0,0,0,0,0,0,0,0,1,0,0,0,0,0,0,0,0,0,0,0,0,0,0,0,0,0,0,0,0,0,0,0,0,0,0,0,1,1,0,0,0,0,0,0,0,0,0,0,0,0,0,0,0,0,0,0,0,0,0,0,0,0,1,0,0,0,0,0,0,0,0,0,0,0,0,0,0,0,0,0,0,0,1,0,0,0,0,0,0,0,0,0,0,0,0,0,0,0,0,1,0,0,0,0,0,0,0,0,0,0,0,0,0,0,0,0,0,1,0,0,0,0,0,0,0,0,0,0,0,0,0,0,0,0,0,0,0,0,0,0,0,0,0,0,0,0,0,0,0,0,0,0,0,0,0,0,1,0,0,0,0,0,0,1,0,0,0,0,0,0,0,0,0,0,0,0,0,0,0,1,0,0,0,0,0,0,0,0,0,0,0,0,0,0,0,0,0,0,0,0,0,0,0,0,0,0,0,0,0,0,0,0,0,1,0,0,0,0,0,0,0,0,0,0,0,0,0,0,0,0,0,0,0,0,0,0,1,0,0,0,0,0,0,0,0,1,0,0,0,0,0,0,0,0,0,0,0,0,0,1,0,0,0,0,0,0,0,0,0,0,0,0,0,0,0,0,0,0,0,0,1,0,0,0,0,0,0,0,0,0,0,0,0,0,0,0,0,0,0,0,0,0,0,0,0,0,0,0,0,0,0,0,0,0,0,0,1,0,0,0,1,0,0,0,0,0,0,0,0,0,0,0,0,0,0,0,0,0,0,0,0,0,0,0,0,0,0,0,0,0,0,0,0,0,0,0,1,0,0,0,0,0,0,0,0,1,0,0,0,0,0,0,0,0,0,0,0,0,0,0,0,0,0,0,0,0,0,0,1,0,0,0,0,0,0,0,0,0,0,0,1,0,0,0,0,0,0,0,0,0,0,0,0,0,0,0,0,0,0,0,0,0,0,0,0,0,0,1,0,0,0,0,0,0,0,0,0,1,0,0,0,0,0,0,0,0,0,0,0,0,0,0,0,0,0,0,0,0,0,0,0,0,0,0,0,0,0,0,0,0,0,0,0,1,0,0,0,0,0,0,0,0,0,0,0,0,0,0,0,0,0,0,0,1,0,0,0,0,0,0,0,0,0,0,0,0,0,0,0,0,0,0,0,0,0,0,1,0,0,0,0,0,0,0,0,1,0,0,0,0,0,0,0,0,0,0,0
8.411,71,1.0,-7.543184909316671e-19,2.023052142598543e-17,1.0103021902896412,0.74566078879796,-0.4352856800856502,-0.4991584293614196,0.5684377856299762,0.7428796729920043,0.6679390121878515,1.8414602427846441e-19,0.5672708259148882,-0.1226830049458578,-0.4387858202695858,0.8642855949585874,0.4929074722744301,-0.0686608329179415,-0.163261067317134,-0.9529677388990594,0.4651678095071558,0.3545718785568982,-0.2085211624453603,-0.9061797605424752,0.4586231948498945,0.1397933086701125,0.5731587648673735,0.8037464698127923,0.4580147136746824,0.4390147862341511,-0.858713247832141,-0.2523635586216425,0.4389906841360857,0.3648467113224964,0.8415380201774763,0.3947732417050603,0.4369062959572614,0.0654036974564139,0.9825688689964523,0.1508869702613638,0.4091917084379995,-0.333963396250799,0.5307473966241455,0.7712220850584187,0.3970809848508288,0.293705163844002,0.2613967056648805,0.9150955776352384,0.3901466162915599,-0.4736880297900604,-0.426436293936925,0.7471531389037798,0.3890665066003148,0.1924537528153019,-0.9024465209098922,-0.3224949786531007,0.3862611179534935,0.8801905194835768,-0.2744702845511486,-0.3760808617482382,0.3845459575248618,0.7563615598466211,0.5944864237340932,-0.2619962745857428,0.3839142958054563,0.2436579569864915,-0.8640606949713201,-0.3195106211807956,0.3811644062881923,-0.5338971600498135,0.6853390642148767,0.4814997942199499,0.3711420269085319,0.5197918119626884,-0.8195130564988373,0.1002298316601262,0.3392232206908521,0.4335493024973405,-0.0668573409158562,-0.8936060826413277,0.3269303110995562,-0.5393501285833253,-0.6451679704389066,0.5027533350719444,0.3205206431700129,-0.6016880355677949,-0.09405270094721,0.7812854211057846,0.3081411107723463,-0.4027420081093303,0.216948802176606,0.8806622541945799,0.301203157631868,-0.5627455439201586,-0.7404007753118874,0.2863440359958835,0.2416839088276019,0.499720347574387,0.7646867228076403,0.4040574034802202,0.2293140986108855,0,0,0,0,0,1,0,0,0,0,0,0,0,0,0,0,0,0,0,0,0,0,0,0,0,0,0,0,0,0,0,1,0,0,0,0,0,0,0,0,0,0,0,0,0,1,0,0,0,0,0,0,0,0,0,0,0,0,0,0,0,0,0,1,0,0,0,0,0,0,0,0,0,0,0,0,0,0,0,0,0,0,0,0,0,0,0,0,0,0,0,0,0,0,0,0,0,0,0,1,1,0,0,0,0,0,0,0,0,0,0,0,0,0,0,0,0,0,0,0,0,0,1,0,0,0,0,0,0,0,0,0,0,0,0,0,0,0,0,0,0,0,0,0,0,0,0,0,0,0,0,0,0,0,0,0,1,0,0,0,0,0,0,0,0,1,0,0,0,0,0,0,0,0,0,0,0,0,0,0,0,0,0,0,0,0,0,0,0,0,0,0,0,0,0,0,1,0,0,0,0,0,0,0,0,1,0,0,0,0,0,0,0,0,0,0,0,0,0,0,1,0,0,0,0,0,0,0,0,0,0,0,0,0,0,0,0,0,0,0,0,0,0,0,0,0,0,0,0,0,0,0,0,0,0,0,0,0,0,1,0,0,0,0,0,0,0,0,0,0,0,1,0,0,0,0,0,0,0,0,0,0,0,0,0,1,0,0,0,0,0,0,0,0,0,0,0,0,0,0,0,0,0,1,0,0,0,0,0,0,0,0,0,0,0,0,0,0,0,0,0,0,0,0,0,0,0,0,0,0,0,0,0,0,0,0,0,0,0,1,0,0,0,1,0,0,0,0,0,0,0,0,0,0,0,0,0,0,0,0,0,0,0,0,0,0,0,0,0,0,0,0,0,0,0,0,0,0,0,1,0,0,0,0,0,0,1,0,0,0,0,0,0,0,0,0,0,0,0,0,0,0,1,0,0,0,0,0,0,0,0,0,0,0,0,0,0,0,0,0,1,0,0,0,0,0,0,0,0,0,0,0,0,0,0,0,0,0,0,0,0,0,0,0,0,0,0,0,0,0,0,0,0,0,0,0,0,0,0,1,0,0,0,0,0,1,0,0,0,0,0,0,0,0,0,0,0,0,0,0,0,0,1,0,0,0,0,0,0,0,0,0,0,0,0,0,0,0,0,0,1,0,0,0,0,0,0,0,0,0,0,0,0,0,0,0,0,0,0,0,0,0,0,0,0,1,0,0,0,0,0,0,0,0,0,0,0,0,0,0,0,0,0,0,0,0,0,0,1,0,0,0,0,0,0,0,0,0,0,0,0,0,0,0,0,1,0,0,0,0,0,0,0,0,0,0,0,0,0,0,0,0,0,0,0,0,1,0,0,0,0,0,0,0,0,0,0,0,0,0,0,0,0,0,0,0,0,0,0,0,0,0,0,0,0,0,0,0,0,1,0,0,0,0,0,0,0,0,0,0,0,0,0,0,0,0,1,0,0,0,0,0,0,0,0,1,0,0,0,0,0,0,0,0,0,0,0,0,0,0,0,0,0,0,0,0,0,0,1,0,0,0,0,0,0,0,0,0,0,0,0,0,1,0,0,0,0,0,0,0,0,0,0,0,0,0,0,0,0,0,0,0,0,0,0,0,0,0,0,0,0,0,0,0,0,0,1,0,0,0,0,0,0,0,0,1,0,0,0,0,0,0,0,0,0,0,0,0,0,0,0,0,0,1,0,0,0,0,0,0,0,0,0,0,0,0,0,0,0,0,0,0,0,0,0,0,0,1,0,0,0,0,0,0,0,0,0,0,0,0,0,0,0,0,0,0,0,0,0,0,0,1,0,0,0,0,0,0,0,0,0,0,1,0,0,0,0,0,0,0,0,0,0,0,0,0,0,0,0,0,0,0,0,0,0,0,0,0,0,0,0,1,0,0,0,0,0,0,0,0,0,0,1,0,0,0,0,0,0,0,0,0,0,0,0,0,0,0,0,0,0,0,0,1,0,0,0,0,0,0,0,0,0,0,0,0,0,0,0,0,0,0,1,0,0,0,0,0,0,0,0,0,0,0,0,0,0,0,0,0,0,0,0,1,0,0,0,0,0,0,0,0,0,0,0,0,0,0,0,0,0,0,1,0,0,0,0,0,0,0,0,0,0,0,0,0,0,0,0,0,0,0,0,0,0,1,0,0,0,0,0,0,0,0,0,0,0,0,0,0,0,0,0,0,0,0,0,0,0,0,0,0,0,0,0,0,0,0,0,1,0,0,0,1,0,0,0,0,0,0,0,0,0,0,0,0,0,0,0,0
8.838,72,1.0,-1.057655055876206e-17,7.376196826880158e-18,1.007249429682941,0.7449953845360193,-0.6059743723899358,-0.2361240606151606,0.5706792255381805,0.879768622978325,0.4735884454964644,2.3769885277607802e-18,0.5593562353017157,0.1677668677344585,0.8613082669853542,0.3867118386528873,0.505874501034124,0.5120679959937888,-0.6067497643308644,-0.4398459740542601,0.4692784345214316,0.6022544250951289,-0.5532060720960501,-0.3921043012704782,0.4528387166641947,0.4916088131620954,0.838794200112517,0.1959988876694521,0.4416990894616101,0.4788596627687013,-0.4469083534741281,0.6130888753237962,0.4295710761364055,0.686105458472488,-0.7022337948392048,0.0819013685260564,0.3824176539320034,0.9428019904499664,0.2992104703939849,-0.0725738901108641,0.3711817149702278,0.6006975812030207,-0.591367180819472,0.4026721040211676,0.3566593028542044,0.3184730089465066,0.935955187237228,-0.0747785805500078,0.3351107725341523,0.2662223927451699,0.8828722737536479,-0.2220375996384407,0.3301441986982795,0.4439183191509336,0.2609030587450122,0.6930458045630157,0.324084298354933,0.5088688311465666,0.7162738204238497,0.3539871619330108,0.318451917724401,0.3724238892497716,0.8506123248882046,-0.2163698896534134,0.3086882572705025,-0.4317494032820436,-0.7830121505401544,-0.2790592641084406,0.2970388924509285,0.5075587328242308,0.4683263285995916,0.5530813401210268,0.2889125882460455,0.6192040893877417,0.6554347525784998,0.2207836964489524,0.2853044672387502,0.6573977541299713,-0.7322218915736118,-0.0179034147020734,0.2819921414370677,-0.1686688904204651,-0.9458170679281332,0.2222861677486869,0.220579991548637,-0.1963290072298946,0.9624592127663724,0.1560087174075163,0.2152189551466207,-0.4148593484765649,0.9009000003342164,0.0053394842040818,0.1964931026601732,-0.8908452585725106,0.1066079861852012,0.2995385044293656,0.1802209106072915,-0.4714425609954288,-0.8522197612836201,-0.145079686020597,0.1769253029106209,0,0,0,0,0,0,0,1,0,0,0,0,0,0,0,0,0,0,0,0,0,0,0,0,0,0,0,0,0,0,0,1,0,0,0,0,0,0,0,0,0,0,0,0,0,0,0,1,0,0,0,0,0,0,0,0,0,0,0,0,0,0,0,1,0,0,0,0,0,0,0,0,0,0,0,0,0,0,0,0,0,0,0,0,0,1,0,0,0,0,0,0,0,0,0,0,0,0,0,0,1,0,0,0,0,0,0,0,0,0,0,0,0,0,0,0,0,0,0,0,0,0,0,0,0,1,0,0,0,0,0,0,0,0,0,0,0,0,0,0,0,0,0,0,0,0,1,0,0,0,0,0,0,0,0,0,0,0,0,0,0,0,0,0,0,0,0,1,0,0,0,0,0,0,0,0,0,0,0,0,0,0,0,0,0,0,1,0,0,0,0,0,0,0,0,0,0,0,0,0,0,0,0,0,0,0,0,1,0,0,0,0,0,0,0,0,0,0,0,0,0,0,0,0,0,0,1,0,0,0,0,0,0,0,0,0,0,0,0,0,0,0,0,0,0,1,0,0,0,0,0,0,0,0,0,0,0,0,0,0,0,0,0,1,0,0,0,0,0,0,0,0,0,0,0,0,0,0,0,0,0,0,0,0,0,0,0,0,0,0,0,0,1,0,0,0,0,0,0,0,0,0,0,0,0,1,0,0,0,0,0,0,0,0,0,0,0,0,0,0,0,0,0,0,0,0,0,1,0,0,0,0,0,0,0,0,0,0,0,0,1,0,0,0,0,0,0,0,0,0,0,0,0,0,0,0,0,0,0,0,0,0,0,0,0,1,0,0,0,0,0,0,0,0,0,0,0,0,0,0,0,0,0,0,0,0,0,0,0,0,0,0,0,0,0,0,1,0,0,0,0,0,0,0,0,0,0,0,0,0,0,0,1,0,0,0,0,0,0,0,0,0,0,0,0,0,0,0,0,0,0,1,0,0,0,0,0,0,0,0,0,0,0,0,0,1,0,0,0,0,0,0,0,0,0,0,0,0,0,0,0,0,0,1,0,0,0,0,0,0,0,0,0,0,0,0,0,0,0,0,0,0,0,0,0,1,0,0,0,0,0,0,0,0,0,0,0,0,0,0,0,0,0,0,0,0,0,0,1,0,0,0,0,0,0,0,0,0,0,0,0,0,0,0,0,0,0,0,0,0,0,0,0,0,0,0,0,0,0,1,0,0,0,0,0,0,0,0,0,0,0,0,0,0,0,0,1,0,0,0,0,0,0,0,0,1,0,0,0,0,0,0,0,0,0,0,0,0,0,0,0,0,0,0,0,0,0,0,0,0,0,1,0,0,0,0,0,0,0,0,0,0,0,0,0,1,0,0,0,0,0,0,0,0,0,0,0,0,0,0,0,0,0,0,0,0,0,0,1,0,0,0,0,0,0,0,0,0,0,0,0,0,0,0,0,0,0,0,0,0,0,1,0,0,0,0,0,0,0,0,0,0,0,0,0,0,0,0,0,0,0,0,0,0,0,0,1,0,0,0,0,0,0,0,0,0,0,0,0,0,0,0,0,0,0,0,0,0,0,1,1,0,0,0,0,0,0,0,0,0,0,0,0,0,0,0,0,0,0,0,0,0,0,0,0,1,0,0,0,0,0,0,0,0,0,0,0,0,0,0,0,0,0,0,0,1,0,0,0,0,0,0,0,0,0,0,0,0,0,0,0,0,0,0,0,0,0,1,0,0,0,0,0,0,0,0,0,0,0,0,0,0,0,0,0,0,0,0,0,0,0,0,0,0,0,0,1,0,0,0,0,0,0,0,0,0,0,0,0,0,0,1,0,0,0,0,0,0,0,0,0,0,0,0,0,0,1,0,0,0,0,0,0,0,0,0,0,0,0,0,0,0,0,0,0,1,0,0,0,0,0,0,0,0,0,0,0,0,0,0,1,0,0,0,0,0,0,0,0,0,0,0,0,0,0,0,0,0,0,0,0,0,0,0,0,1,0,0,0,0,0,0,0,0,0,0,0,0,0,0,0,0,0,0,0,0,0,0,0,0,0,0,0,0,0,0,1,0,0,0,0,0,0,0,0,0,0,1,0,0,0,0,0,0,0,0,0,0,0,0,0,0,0,0,0,0,1,0,0,0,0,0,0,0,0,0,0,0,0,0,0,0,0,0,0,0,0,0,0,0,0,1,0,0,0,0,0,0,0,0,1,0,0,0,0,0,0,0,0,0,0,0,0,0,0,0,0,0,0,0
7.503,73,1.0,-7.42293684947962e-18,1.5881688790615335e-17,1.0123569912320962,0.8219652754227302,0.5686138967700526,9.779881062481928e-18,0.5533157498794103,0.8091346991510919,-0.556697276543267,-0.1381398115592974,0.5352666789182894,-0.0783936577405778,0.8722043336305593,0.3847366306445991,0.4871955398788422,-0.5175495918847749,-0.338715278322245,0.6977372998239872,0.4738498467588281,0.0973304421262284,-0.5829316412560964,-0.7741307129990871,0.4599142725330282,0.3782602346116118,0.9077777172531908,0.1156278963120871,0.4442294439621648,-0.3148771580169552,0.8410074946517525,0.1284405687940558,0.4295710761364056,0.4863471987546364,-0.6260003957621844,-0.5818712749284362,0.4283891877407537,0.2544287287153174,-0.9055060599677316,0.2534529385024233,0.4273833633665506,0.5288781678482609,-0.7987385238768708,0.2553193435318003,0.4183908168644679,-0.1325052106420697,0.6885700670872048,0.640312200008533,0.38080793306001,0.9299178746855504,-0.3170745815652914,-0.0756365686054331,0.379572818105635,0.9057510625033912,0.4070802084109427,-0.0562375137588514,0.3678284692333615,0.3931179412566706,-0.861475619709941,0.2176616261730011,0.3540047688260764,-0.4148880500562245,-0.1782786404738937,0.8251504774984995,0.341939453357988,0.3344609076832044,0.9104205067325049,-0.0227145606466331,0.3414001286799905,0.4020317409462809,0.8637104006335188,0.1260236420401483,0.335841935394001,0.1285571010753756,0.2848038333332221,-0.7968046424799541,0.3336977144112515,-0.669879022050456,0.441100603054121,0.4726573035628257,0.3336546839743029,0.5848945813561645,-0.5503242539125175,0.5617250237790392,0.3329530832649611,0.0789773764077025,0.6316197503584113,0.6792778678420488,0.3251604386418738,-0.4561708288448803,0.4809413100511179,0.6631860874284433,0.313611629623729,0.5227798722146906,-0.2941905538524786,0.7579190779244078,0.2826877168671537,0.490132114513998,-0.6123026707838526,-0.6088822713000334,0.2716335784332769,0,0,0,0,0,0,0,0,0,0,0,0,1,0,0,0,0,0,0,0,0,0,0,0,0,0,0,0,0,0,0,1,0,0,0,0,0,0,0,0,0,0,0,0,0,0,0,1,0,0,0,0,0,0,0,0,0,0,0,0,1,0,0,0,0,0,0,0,0,0,0,0,0,0,0,0,0,0,0,0,0,0,0,0,0,0,0,0,0,0,0,0,1,0,0,0,0,0,0,0,0,0,0,1,0,0,0,0,0,0,0,0,0,0,0,0,0,0,0,0,0,0,0,0,0,0,0,1,0,0,0,0,0,0,0,0,0,0,0,0,0,0,0,0,0,0,0,0,0,0,0,1,0,0,0,0,0,0,0,0,0,0,0,0,0,0,0,0,0,0,0,0,0,0,0,0,0,0,0,1,0,0,0,0,0,0,0,0,0,0,0,0,0,0,0,0,1,0,0,0,0,0,0,0,0,0,0,0,0,0,0,0,1,0,0,0,0,0,0,0,0,0,0,0,0,0,0,0,0,0,0,0,0,0,0,0,1,0,0,0,0,0,0,0,0,0,0,1,0,0,0,0,0,0,0,0,0,0,0,0,0,0,0,1,0,0,0,0,0,0,0,0,0,0,0,0,0,0,0,0,0,0,0,0,0,0,0,1,0,0,0,0,0,0,0,0,0,0,0,0,0,0,0,0,0,1,0,0,0,0,0,0,0,0,0,0,0,0,0,0,0,0,0,0,0,0,0,0,0,0,0,0,1,0,0,0,0,0,0,0,1,0,0,0,0,0,0,0,0,0,0,0,0,0,0,0,0,0,0,0,0,0,0,0,0,0,0,0,0,0,0,0,1,0,0,0,0,0,0,0,0,0,0,0,0,0,0,0,1,0,0,0,0,0,0,0,0,0,0,0,0,0,0,0,0,0,0,0,0,0,0,0,1,0,0,0,0,0,0,0,0,0,0,1,0,0,0,0,0,0,0,0,0,0,0,0,0,0,0,0,0,0,0,0,0,1,0,0,0,0,0,0,0,0,0,0,0,0,0,0,1,0,0,0,0,0,0,0,0,0,0,0,0,0,0,0,0,0,0,0,0,0,0,0,0,0,0,0,0,0,0,0,1,0,0,0,0,0,0,0,0,0,0,0,0,0,1,0,0,0,0,0,0,0,0,0,0,0,0,0,0,0,0,0,0,0,0,1,0,0,0,0,0,0,0,0,0,0,0,0,0,0,0,0,0,0,0,0,0,0,0,0,0,0,0,0,1,0,0,0,0,0,0,0,0,0,0,0,0,0,0,0,1,0,0,0,0,0,0,0,0,0,0,0,0,0,0,0,1,0,0,0,0,0,0,0,0,0,0,0,0,0,0,0,0,0,0,0,0,0,0,0,0,0,0,0,0,0,0,1,1,0,0,0,0,0,0,0,0,0,0,0,0,0,0,0,0,0,0,0,0,0,0,0,0,0,0,1,0,0,0,0,0,0,0,0,0,0,0,0,0,0,0,0,0,0,1,0,0,0,0,0,0,0,0,0,0,0,0,0,0,0,0,0,0,0,0,1,0,0,0,0,0,0,0,0,0,0,0,0,0,0,0,0,0,0,1,0,0,0,0,0,0,0,0,0,0,0,0,0,0,0,0,0,0,0,0,0,0,0,0,1,0,0,0,0,0,0,0,0,0,0,0,0,0,0,1,0,0,0,0,0,0,0,0,0,0,0,0,0,0,0,0,0,0,1,0,0,0,0,0,0,0,0,0,0,0,0,0,0,0,0,0,0,0,0,1,0,0,0,0,0,0,0,0,0,0,0,0,0,0,0,0,0,0,0,0,0,0,0,0,0,1,0,0,0,0,0,0,0,0,0,0,1,0,0,0,0,0,0,0,0,0,0,0,0,0,0,0,0,0,0,0,0,0,1,0,0,0,0,0,0,0,0,0,0,0,0,0,0,0,0,0,0,0,0,0,0,0,0,0,0,0,0,0,0,1,0,0,0,0,0,0,0,0,1,0,0,0,0,0,0,0,0,0,0,0,0,0,0,0,0,0,1,0,0,0,0,0,0,0,0,0,0,0,0,0,0,0,0,0,0,0,0,0,0,0,0,0,0,0,0,1,0,0,0,0,0,0,0,0,0,0,0,0,0,0,0,1,0,0,0,0,0,0,0,0,0,0,0,0,0,0,0,0,0,0,0,0,0,0,0,0,0,0,0,1,0,0,0,0,0,0,0,0,0,0,0,0,0,0,1,0,0,0,0,0,0,0,0
8.422,74,1.0,-2.231250267162532e-17,6.48741618723465e-18,1.009711996588982,0.8421752310796509,0.5367049513502916,-5.227498451000821e-18,0.5843990120582192,0.8121820916228423,-0.5608007263681236,0.1153337777029961,0.5337582471765157,-0.0547937460567905,0.956613294041411,-0.1139319497576447,0.5133040677185783,0.3836771430182545,0.8972491755164441,-0.188755719601063,0.4677664054434266,0.3173368605799084,-0.906556749310829,0.2577522226074713,0.4650270939909292,0.0321488079313431,-0.7536739338284809,0.5096062176143852,0.4352627741289008,0.0342804041344844,-0.9662474560446974,-0.0482801170538871,0.4322549390228604,-0.1751356899085422,-0.6610133772077444,0.5296659946755604,0.4269923529573576,-0.0843543879393373,-0.6465458678408064,0.517659007549409,0.39389728335256,0.8303460703471579,-0.381979110285088,0.3765607502563467,0.3905353522419503,0.9071369564571568,0.3893039848461385,0.1126001006012272,0.3801162258545881,0.7868500859363424,-0.5243705045853838,-0.2893095599556876,0.3660457697949268,-0.0078482266257998,-0.6648646053127125,0.5044540434790945,0.3654999050228767,0.3262788855461343,0.7351991090233533,-0.5770087718496997,0.3612319843006335,0.6912810701092066,-0.3647998664256963,-0.5986033697344295,0.3538445421502686,0.2620349767889391,-0.8871224148420896,0.306654830122718,0.3439368624909157,0.3592169918165402,0.9271424022399956,0.0296243474198618,0.28471806067638,-0.1848869684644203,-0.9464312459850096,-0.0787751226168581,0.2841430567429271,0.2001522627157837,0.507823701180078,-0.7988054787128374,0.276392696783502,-0.4938588180028601,-0.3577241817020472,-0.7506544788436045,0.2734327152777781,0.4139571965733178,0.6027727825977515,-0.6455917236027425,0.2643079865781709,-0.2220172813089176,-0.2378693997121166,-0.9144308203222642,0.2487388701554503,-0.6935797300753229,0.1690145843712567,-0.6527105483761464,0.2163568088889133,0.0680882189294892,-0.1552367315620938,-0.9600686034526692,0.2163381238158079,0,0,0,0,0,0,0,0,0,0,0,0,0,0,0,0,1,0,0,0,0,0,0,0,0,0,0,0,0,0,0,1,0,0,0,0,0,0,0,0,0,0,0,0,0,0,0,0,0,0,0,0,1,0,0,0,0,0,0,0,1,0,0,0,0,0,0,0,0,0,0,0,0,0,0,0,0,0,0,0,0,0,0,0,0,0,0,0,0,0,0,0,0,0,0,0,1,0,0,0,0,0,0,1,0,0,0,0,0,0,0,0,0,0,0,0,0,0,0,0,0,0,0,0,0,0,0,0,0,0,0,0,1,0,0,0,0,0,0,0,0,0,0,0,0,0,1,0,0,0,0,0,0,0,0,0,0,0,0,0,0,0,0,0,0,0,0,0,0,0,0,0,1,0,0,0,0,0,0,0,0,0,0,1,0,0,0,0,0,0,0,0,0,0,0,0,0,0,0,0,0,0,0,0,0,0,0,0,0,0,0,0,0,0,0,0,1,0,0,0,0,0,0,1,0,0,0,0,0,0,0,0,0,0,0,0,0,0,0,0,0,0,0,0,0,0,0,0,0,0,0,0,0,0,0,0,1,0,0,0,0,0,0,1,0,0,0,0,0,0,0,0,0,0,0,0,0,0,0,0,0,0,0,0,0,0,0,0,0,0,0,0,0,0,0,0,1,0,0,0,0,0,0,0,0,0,0,0,0,0,0,0,0,0,0,0,0,1,0,0,0,0,0,0,0,0,0,0,0,0,0,0,0,0,0,0,1,0,0,0,0,0,0,0,0,0,0,0,1,0,0,0,0,0,0,0,0,0,0,0,0,0,0,0,0,0,0,0,0,0,0,0,0,0,0,0,1,0,0,0,0,0,0,0,0,0,0,0,1,0,0,0,0,0,0,0,0,0,0,0,0,0,0,0,0,0,0,0,0,0,0,0,0,0,0,0,1,0,0,0,0,0,0,0,0,0,1,0,0,0,0,0,0,0,0,0,0,0,0,0,0,0,0,0,0,0,0,0,0,0,0,0,1,0,0,0,0,0,0,0,0,0,0,0,0,0,0,0,0,0,0,0,0,0,0,0,1,0,0,0,0,0,0,0,0,0,0,0,0,0,0,0,0,0,0,0,1,0,0,0,1,0,0,0,0,0,0,0,0,0,0,0,0,0,0,0,0,0,0,0,0,0,0,0,0,0,0,0,0,0,0,0,0,0,0,0,1,0,0,0,0,0,0,0,0,0,0,0,1,0,0,0,0,0,0,0,0,0,0,0,0,0,0,0,0,0,0,0,0,0,0,0,1,0,0,0,0,0,0,0,0,0,0,1,0,0,0,0,0,0,0,0,0,0,0,0,0,0,0,0,0,0,0,0,0,0,0,0,0,0,0,0,0,0,0,0,1,0,0,0,0,0,0,0,0,0,0,0,0,0,0,0,0,0,0,0,1,0,0,0,0,0,0,0,0,0,0,0,0,0,0,0,0,0,0,0,1,0,0,0,0,0,0,0,0,0,0,0,1,0,0,0,0,0,0,0,0,0,0,0,0,0,0,0,0,0,0,0,0,0,0,0,1,0,0,0,0,0,0,0,0,0,0,0,0,0,0,0,0,0,0,1,0,0,0,0,0,0,0,0,0,0,0,0,0,0,0,0,0,0,0,0,0,0,0,0,1,0,0,0,0,0,0,0,0,0,0,0,0,1,0,0,0,0,0,0,0,0,0,0,0,0,0,0,0,0,0,0,0,0,0,0,1,0,0,0,0,0,0,0,0,0,0,0,0,0,0,0,1,0,0,0,0,0,0,0,0,0,0,0,0,0,0,0,0,1,0,0,0,0,0,0,0,0,0,0,0,0,0,0,0,0,0,1,0,0,0,0,0,0,0,0,0,0,0,0,0,0,0,0,0,0,0,0,0,0,0,0,0,0,0,0,1,0,0,0,0,0,0,0,0,0,0,0,0,0,0,0,1,0,0,0,0,0,0,0,0,0,0,0,0,0,0,0,0,1,0,0,0,0,0,0,0,0,0,0,0,0,0,0,0,0,0,1,0,0,0,0,0,0,0,0,0,0,0,0,0,0,0,0,0,0,0,0,0,1,0,0,0,0,0,0,0,0,0,0,0,0,0,0,0,0,0,0,0,0,0,0,0,0,0,0,0,0,0,0,1,0,0,0,0,0,0,0,0,1,0,0,0,0,0,0,0,0,0,0,0,0,0,0,0,0,0,0,0,0,0,0,1,0,0,0,0,0,0,0,0,0,0,0
9.187,75,1.0,-7.395067817216659e-18,-1.1059958043970836e-17,1.0100258950028054,0.8532663517315731,0.5196306519305922,-9.602513121046493e-19,0.5576621937678394,0.8077914875032279,-0.5792449979799785,0.0075113723729362,0.5359330287822489,0.0880436530632362,0.8972953731121969,0.3742074701638145,0.4904958586843596,-0.073260205848969,-0.9260954191478528,-0.2264110147921668,0.4891106622708733,0.3065484604827226,-0.9458962162471488,0.0697867075329892,0.4718225386675728,0.4039067288989998,0.9050766216915744,0.0615369699982852,0.454154537435943,-0.1373247920202752,0.7853734811690517,-0.5353648820649901,0.4348577719898632,0.3761801573176779,-0.201462356977595,-0.8838474646859064,0.4135853812973419,0.1169559878465131,0.9090875336176084,-0.3681786747004611,0.3999153645398867,0.808736961091354,-0.4772908645007187,0.3035501067467984,0.3917628491960834,0.1772245218251987,-0.9276488800123734,0.1336255626847964,0.384921355366269,-0.0745288609343503,-0.8390783028396489,-0.4001797825894569,0.3835298210480983,-0.6291876046351722,-0.2723449474973656,0.6509139452269198,0.3792362639999479,0.1970877996153425,-0.9193245298798536,0.2055576018562777,0.3785982042937881,0.9306547558480092,0.3544811652431206,-0.0312911015279143,0.3671755550180929,0.7890353669359955,-0.4610724548623389,-0.3759708753745305,0.3649670987294124,0.2084637373814773,0.7646803831203635,-0.5372168725692114,0.3534780914618992,0.6258818188084949,-0.2756160923621442,-0.7103805992380995,0.3436234351715131,0.4776735492156476,0.8610572820802561,0.1389443349929648,0.2972669260721848,-0.029710743052045,0.9043842982262992,-0.3158153014109852,0.2926372765920858,-0.5221998621591039,-0.1775543955128128,0.7944681766291679,0.2874764502408634,-0.5585084594614271,0.4481665499073658,0.5598955088530355,0.283465749946464,-0.3521274395312247,0.3135690429874133,0.8082859180068149,0.2384738127178184,-0.4989154323919543,0.14639704476033,0.820268555950803,0.199610070486317,0,0,0,0,0,0,0,0,0,0,0,0,0,0,0,1,0,0,0,0,0,0,0,0,0,0,0,0,0,0,0,1,0,0,0,0,0,0,0,0,0,0,0,0,0,0,0,0,0,0,0,0,0,0,0,0,1,0,0,0,1,0,0,0,0,0,0,0,0,0,0,0,0,0,0,0,0,0,0,0,0,0,0,0,0,0,0,0,0,0,0,0,0,0,0,1,0,0,0,0,0,0,0,1,0,0,0,0,0,0,0,0,0,0,0,0,0,0,0,0,0,0,0,0,0,0,0,0,0,0,0,0,0,0,0,0,1,0,0,0,0,0,0,0,0,0,1,0,0,0,0,0,0,0,0,0,0,0,0,0,0,0,0,0,0,0,0,0,0,0,0,0,0,0,0,1,0,0,0,0,0,0,0,0,0,0,0,0,0,0,0,0,0,0,0,0,0,1,0,0,0,0,0,0,0,0,0,0,0,0,0,0,0,0,0,1,0,0,0,0,0,0,0,1,0,0,0,0,0,0,0,0,0,0,0,0,0,0,0,0,0,0,0,0,0,0,0,0,0,0,0,0,0,0,0,0,1,0,0,0,0,0,0,1,0,0,0,0,0,0,0,0,0,0,0,0,0,0,0,0,0,0,0,0,0,0,0,0,0,0,0,0,0,0,0,0,1,0,0,0,0,0,0,0,0,0,0,0,1,0,0,0,0,0,0,0,0,0,0,0,0,0,0,0,0,0,1,0,0,0,0,0,0,0,0,0,0,0,0,0,0,0,0,0,0,1,0,0,0,0,0,0,0,0,0,0,0,0,0,0,0,0,0,0,0,0,0,0,0,0,0,0,0,0,0,0,1,0,0,0,0,0,0,1,0,0,0,0,0,0,0,0,0,0,0,0,0,0,0,0,0,0,0,0,0,0,0,0,0,0,0,0,0,0,0,1,0,0,0,0,0,0,0,0,0,0,1,0,0,0,0,0,0,0,0,0,0,0,0,0,0,0,0,0,0,0,0,0,0,0,0,0,0,0,0,1,0,0,0,0,0,0,0,0,0,0,0,0,1,0,0,0,0,0,0,0,0,0,0,0,0,0,0,0,0,0,0,0,0,0,0,0,0,0,0,1,0,0,0,0,0,0,0,0,0,0,0,0,0,1,0,0,0,0,0,0,0,0,0,0,0,0,0,0,0,0,0,1,0,0,0,0,0,0,0,0,0,0,0,0,0,0,0,0,0,0,0,0,0,0,0,0,0,0,0,0,1,0,0,0,0,0,0,0,0,0,0,0,0,0,0,0,0,0,0,1,0,0,0,0,0,0,0,0,0,0,0,0,1,0,0,0,0,0,0,0,0,0,0,0,0,0,0,0,0,0,0,0,0,0,0,0,0,0,0,0,1,0,0,0,0,0,0,0,0,0,0,0,0,0,0,0,0,0,0,0,1,0,0,0,0,0,0,0,0,0,0,0,0,0,0,0,0,0,0,1,0,0,0,0,1,0,0,0,0,0,0,0,0,0,0,0,0,0,0,0,0,0,0,0,0,0,0,0,0,0,0,0,0,0,0,0,0,0,0,0,1,0,0,0,0,0,0,0,0,0,0,0,0,0,0,0,0,0,0,0,0,1,0,0,0,0,0,0,0,0,1,0,0,0,0,0,0,0,0,0,0,0,0,0,0,0,0,0,0,0,0,0,0,0,0,1,0,0,0,0,0,0,0,0,0,0,0,0,0,0,0,0,0,0,0,0,0,0,0,0,1,0,0,0,0,0,0,0,0,0,0,0,0,0,0,1,0,0,0,0,0,0,0,0,0,0,0,0,0,0,0,0,0,0,0,0,0,0,0,0,1,0,0,0,0,0,0,1,0,0,0,0,0,0,0,0,0,0,0,0,0,0,0,0,0,0,0,0,0,0,0,1,0,0,0,0,0,0,0,0,0,0,0,0,1,0,0,0,0,0,0,0,0,0,0,0,0,0,0,0,0,0,0,0,0,0,0,0,0,0,0,1,0,0,0,0,0,0,0,0,0,0,0,0,0,0,0,0,0,0,1,0,0,0,0,0,0,0,0,0,0,0,0,0,0,0,0,0,0,0,0,1,0,0,0,0,0,0,0,0,0,0,0,0,0,0,0,1,0,0,0,0,0,0,0,0,0,0,0,0,0,0,0,0,0,0,0,0,0,0,0,1,0,0,0,0,0,0,0,0,0,0,0,0,0,0,0,0,0,0,0,0,0,0,0,1,0,0,0,0,0,0,0,0
8.601,76,1.0,-1.6622266739369857e-18,-2.7400082449483977e-18,1.0088804153737805,0.8051152140522626,-0.5746255691752734,0.1067088957737013,0.5367948144000028,0.8211938891251668,0.5688212107873303,3.764197371132512e-18,0.5333630571839569,0.2955283750187443,-0.9403950566352102,0.1524267352075761,0.4740874509650836,0.0373083164980137,0.8558096472021954,-0.4903194814611648,0.4456058767739964,0.3985240247287585,0.904117667817058,-0.1239601636746959,0.425357841055619,-0.0158517811795521,-0.8096020520509297,0.5812444568671261,0.4215321648962892,-0.3372273124938154,0.854084725932351,-0.3388793292527996,0.4135853812973419,-0.0573143264405585,-0.5996127305067698,0.7639885613629609,0.411950392965591,0.7789287212625835,-0.4252184751510552,0.441785768207629,0.4077117623821032,0.4206473432436853,-0.4877595682444376,-0.7453550218190504,0.3926993945570098,0.155393580741217,-0.9525669844353416,-0.008607975787407,0.3882769281694633,0.1688650242374176,-0.9525630279559484,-0.0279032828560346,0.3868087157176719,-0.1288030542695902,0.6173783221186167,0.7097560814166637,0.3814579777959382,-0.0367861633209744,-0.6230232325623961,0.7291968539333867,0.3798831568460164,-0.1867220218819706,0.8320177031460535,0.486246811438657,0.3754607637174686,0.103460658584503,0.5982612503400075,-0.7787382824449511,0.3733196289334574,0.9174165560939572,0.387880320632478,0.0355657417840937,0.3605112642053697,0.8225642522616228,-0.486217097971429,-0.2598622417980661,0.3585801705458744,0.1556264690437983,0.9413155970689796,0.2637217368516923,0.3584753478548964,-0.3708875130220253,-0.065366564899988,-0.9024474139374152,0.3449941158414985,0.6910531367004823,-0.3652581638800569,-0.6042398037762713,0.3415683856379671,0.400169195018963,0.4473790985862679,-0.7891768331884792,0.330802731600725,-0.4750367268454962,-0.2831817475962659,-0.77822815868905,0.3218638880019918,-0.7271921654803879,0.2150048510293098,-0.6150930296609445,0.3081026054381084,0,0,0,0,0,0,1,0,0,0,0,0,0,0,0,0,0,0,0,0,0,0,0,0,0,0,0,0,0,0,0,1,0,0,0,0,0,0,0,0,0,0,0,0,0,0,1,0,0,0,0,0,0,0,0,0,0,0,0,0,0,0,0,1,0,0,0,0,0,0,0,0,0,0,0,0,0,0,0,0,0,0,0,0,0,0,0,0,0,0,0,0,0,0,0,1,0,0,0,0,1,0,0,0,0,0,0,0,0,0,0,0,0,0,0,0,0,0,0,0,0,0,0,0,0,0,1,0,0,0,0,0,0,0,0,0,0,0,0,0,0,0,0,1,0,0,0,0,0,0,0,0,0,0,0,0,0,0,0,0,0,0,0,0,0,0,0,0,0,0,0,0,0,0,0,1,0,0,0,0,0,0,0,0,0,0,0,0,0,0,0,1,0,0,0,0,0,0,0,0,0,0,0,0,0,0,0,0,0,0,0,0,0,0,0,1,0,0,0,0,0,0,0,1,0,0,0,0,0,0,0,0,0,0,0,0,0,0,0,0,0,0,0,0,0,0,1,0,0,0,0,0,0,0,0,0,0,0,0,0,0,0,0,1,0,0,0,0,0,0,0,0,0,0,0,0,0,0,0,0,0,0,0,0,0,0,0,0,0,0,0,0,0,0,0,1,0,0,0,0,0,0,0,0,0,1,0,0,0,0,0,0,0,0,0,0,0,0,0,0,0,0,0,0,0,0,1,0,0,0,0,0,0,0,0,0,0,0,0,0,0,0,0,0,0,0,0,0,1,0,0,0,0,0,0,0,0,0,0,0,0,0,0,0,0,0,1,0,0,0,0,0,0,0,0,0,0,0,0,0,0,0,0,0,0,0,1,0,0,0,0,0,0,0,0,0,0,0,0,0,0,0,0,0,0,1,0,0,0,0,0,0,0,0,0,0,0,0,0,0,0,0,0,0,0,1,0,0,0,0,0,0,0,0,0,0,0,0,0,0,0,0,0,0,0,0,1,0,0,0,0,0,0,0,0,0,0,0,0,0,0,0,0,0,0,0,0,0,1,0,0,0,0,0,0,0,0,0,0,0,0,0,0,0,0,0,1,0,0,0,0,0,0,0,0,0,0,0,0,0,0,0,0,0,0,0,0,0,1,0,0,0,0,0,0,0,0,0,0,0,0,0,0,0,0,0,0,0,0,0,0,0,0,0,0,1,0,0,0,0,0,0,0,0,0,0,0,0,0,1,0,0,0,0,0,0,0,0,0,0,0,0,0,0,0,0,1,0,0,0,0,0,0,0,0,0,0,0,0,0,0,0,0,0,0,0,0,0,1,0,0,0,0,0,0,0,0,0,0,0,0,0,0,0,0,0,0,0,0,0,0,0,0,0,0,1,0,0,0,0,0,0,0,0,0,0,0,0,0,0,0,0,0,0,0,0,0,1,0,0,0,0,0,0,0,0,0,0,0,0,0,0,0,0,0,0,1,0,0,0,1,0,0,0,0,0,0,0,0,0,0,0,0,0,0,0,0,0,0,0,0,0,0,0,0,0,0,0,0,0,0,0,0,0,0,1,0,0,0,0,0,0,0,0,0,0,0,0,0,0,0,0,0,0,0,0,1,0,0,0,0,0,0,0,0,0,1,0,0,0,0,0,0,0,0,0,0,0,0,0,1,0,0,0,0,0,0,0,0,0,0,0,0,0,0,0,0,0,0,0,0,0,0,0,0,0,0,0,0,0,0,0,0,0,0,1,0,0,0,0,0,0,0,1,0,0,0,0,0,0,0,0,0,0,0,0,0,0,0,0,0,0,0,0,0,0,0,0,0,0,0,0,0,0,0,0,1,0,0,0,0,0,0,0,0,0,0,0,0,0,0,0,0,0,0,0,0,1,0,0,0,0,0,0,0,1,0,0,0,0,0,0,0,0,0,0,0,0,0,0,0,0,0,0,0,0,0,0,0,0,0,1,0,0,0,0,0,0,0,0,0,0,0,0,0,0,0,0,0,0,0,0,0,0,0,0,1,0,0,0,0,0,0,0,0,0,0,0,0,0,0,0,0,0,0,0,1,0,0,0,0,0,0,0,0,0,0,0,0,0,0,0,0,0,0,0,1,0,0,0,0,0,0,0,0,0,0,0,0,1,0,0,0,0,0,0,0,0,0,0,0,0,0,0,0,0,0,0,0,0,0,0,0,0,0,0,1,0,0,0,0,0,0,0,0,0,0,0,1,0,0,0,0,0,0,0,0,0,0,0
7.653,77,1.0,1.3814860888383606e-17,-1.2915261318024789e-17,1.012679108201988,0.7820149089667231,0.6217556923582175,2.530993407202337e-18,0.5819085716150183,0.8095302497781509,-0.4795329090934668,0.3326752509399429,0.535394806862137,0.3490543307097623,-0.8838774641577449,0.3046893303929545,0.4607349193317057,0.3408825048739832,0.8773463699833624,-0.3321201751184787,0.4583928680037606,-0.1143634595590222,-0.7797060327644669,0.6116823733043582,0.4392602110974056,0.1720386315289529,0.6150567792928399,-0.7653343772525295,0.4318080110233464,0.7240067905060905,-0.2276440088418058,0.6463721572843825,0.4266905752817239,-0.1069652512618782,0.9876539311041596,-0.0436306491177709,0.4147071795203384,-0.2396958936745447,0.901292721061644,0.1799176247531925,0.4128782691235998,-0.2365155615356258,0.9117750121090548,0.1612333271050656,0.4093149911806391,-0.2165134534754556,0.5880521625969696,-0.7720944250323825,0.3926993945570098,0.8407648785517952,0.5047123852869482,0.1842119626898223,0.3810780637576468,0.739048309240792,-0.3235095856632642,-0.579582378085832,0.3805162330771358,0.3192013046366924,-0.9031890322186644,0.1170408898688779,0.3799085919179323,-0.3459732573584118,-0.6230818892645156,0.6452678939023883,0.378404558702402,0.1903052444541865,-0.4866881626123809,-0.8440814251999853,0.3755039198713087,0.2977701560668432,-0.9008461335543204,0.1798948542355807,0.3601481198817947,-0.8042658152641227,-0.4301188554262088,-0.3517262235519689,0.359758774291869,0.9060302877694044,-0.4124926437685098,0.040234631009299,0.3444322560933683,-0.1403966816446403,-0.5895014829588744,0.7075730467093907,0.3427697399782014,-0.2346506667742482,-0.7216645369774399,0.5790495053718436,0.3424749937589592,-0.905387117723954,-0.2363466999640348,-0.115051318017908,0.341173216151121,-0.1066878719221701,-0.3429760863191383,-0.924243505379306,0.3336680138576425,0.3651292166650303,0.3414038337687569,-0.8629636822362187,0.3260213702052859,0,0,0,0,0,1,0,0,0,0,0,0,0,0,0,0,0,0,0,0,0,0,0,0,0,0,0,0,0,0,0,1,0,0,0,0,0,0,0,0,0,0,0,0,0,0,1,0,0,0,0,0,0,0,0,0,0,0,0,0,1,0,0,0,0,0,0,0,0,0,0,0,0,0,0,0,0,0,0,0,0,0,0,0,0,1,0,0,0,0,0,0,0,0,0,0,0,0,0,0,0,0,0,1,0,0,0,0,0,0,0,0,0,0,0,0,0,0,0,0,0,0,0,0,0,1,0,0,0,0,0,0,0,0,0,0,0,0,0,0,0,0,0,1,0,0,0,0,0,0,0,0,0,0,0,0,0,0,0,0,0,0,0,0,0,0,1,0,0,0,0,0,0,0,0,0,0,0,0,0,0,0,0,1,0,0,0,0,0,0,0,0,0,0,0,0,0,0,0,0,0,0,0,0,0,1,0,0,0,0,0,0,0,0,0,0,0,0,0,0,0,0,0,1,0,0,0,0,0,0,0,0,0,0,0,0,0,0,0,0,0,0,0,0,0,0,1,0,0,0,0,0,0,0,0,0,0,0,0,0,0,0,0,0,0,0,0,0,0,0,0,1,0,0,0,0,0,0,0,0,0,0,0,0,0,1,0,0,0,0,0,0,0,0,0,0,0,0,0,0,0,0,0,0,0,0,1,0,0,0,0,0,0,0,0,0,0,0,0,0,0,0,0,0,0,0,1,0,0,0,0,0,0,0,0,0,0,0,0,0,0,0,0,1,0,0,0,0,0,0,0,0,0,0,0,0,0,0,0,0,0,0,0,0,0,0,1,0,0,0,0,0,0,0,0,0,0,0,0,0,0,0,0,0,0,0,0,0,1,0,0,0,0,0,0,0,0,0,0,0,0,0,0,0,0,0,1,0,0,0,0,0,0,0,0,0,0,0,0,0,0,0,0,0,0,0,0,0,1,0,0,0,0,0,0,0,0,0,0,0,0,0,0,0,0,0,1,0,0,0,0,0,0,0,0,0,0,0,0,0,0,0,0,0,0,1,0,0,0,0,0,0,0,0,0,0,0,0,0,0,0,0,0,0,0,0,1,0,0,0,0,0,0,0,0,0,0,0,0,0,0,0,0,0,0,0,0,0,0,0,0,0,0,0,0,0,1,0,0,0,0,0,0,0,0,0,0,0,0,0,0,0,0,0,0,0,0,0,0,1,0,0,0,0,0,1,0,0,0,0,0,0,0,0,0,0,0,0,0,0,0,0,0,0,0,1,0,0,0,0,0,0,0,0,0,0,0,0,0,0,0,0,0,0,0,0,0,0,1,0,0,0,0,0,0,0,0,0,0,0,0,0,0,0,0,1,0,0,0,0,0,0,0,0,0,0,0,0,0,0,0,0,0,0,0,0,0,0,1,0,0,0,0,0,0,0,0,0,0,0,0,0,0,0,0,0,0,0,0,0,0,0,0,0,0,0,1,0,0,0,0,0,0,0,0,0,0,0,0,0,0,0,0,0,0,0,1,0,0,0,0,0,0,0,0,1,0,0,0,0,0,0,0,0,0,0,0,0,0,0,0,0,0,0,0,0,0,0,1,0,0,0,0,0,0,0,0,0,0,0,0,0,0,0,0,0,0,0,0,0,0,0,0,0,0,0,1,0,0,0,0,0,0,0,0,0,0,0,0,0,0,0,0,0,0,0,0,1,0,0,0,0,0,0,0,1,0,0,0,0,0,0,0,0,0,0,0,0,0,0,1,0,0,0,0,0,0,0,0,0,0,0,0,0,0,0,0,0,0,0,0,0,0,0,0,1,0,0,0,0,0,0,0,0,0,0,0,0,0,0,1,0,0,0,0,0,0,0,0,0,0,0,0,0,0,0,0,0,0,0,0,0,0,0,0,1,0,0,0,0,0,0,0,0,0,0,0,0,0,0,0,0,0,0,0,0,0,0,1,0,0,0,0,0,0,0,0,0,0,0,0,0,0,0,0,0,0,0,0,0,0,0,0,0,0,0,1,0,0,0,0,0,0,0,0,0,0,0,0,1,0,0,0,0,0,0,0,0,0,0,0,0,0,0,0,0,0,0,0,0,0,0,0,0,0,0,1,0,0,0,1,0,0,0,0,0,0,0,0,0,0,0,0,0,0,0,0,0,0,0,0,0,0,0,0,0,0,0,0,0,0,0,0,0,0,1,0,0,0,0,1,0,0,0,0,0,0,0,0,0,0,0,0,0,0,0,0,0,0,0
8.544,78,1.0,1.9167116403685112e-17,-2.3117333880668528e-17,1.0183134894764634,-0.7931760282952515,0.0189778016759391,0.5498695378609685,0.5917471301437882,0.8380644600724366,0.5452064006910131,-2.9176508983661026e-17,0.5478496728679673,0.8248806477645495,-0.551437198154286,-0.0762622327353158,0.5286668723814719,-0.098997966624382,0.9437166721354588,-0.2658785282677675,0.4976746482472919,-0.4453656791663927,-0.2907446935234561,-0.8204380062688896,0.4667954377311577,0.0213881002508133,-0.9733923474472622,-0.2140316168307266,0.4599296036587627,0.2733056203580787,-0.0734158359963069,-0.9418829228351228,0.4555292785402992,0.3741536604044937,0.922852743342074,0.0336557404869194,0.4539247284863669,0.3656439957927512,-0.9260658894240148,0.0536577229803242,0.4511450176518057,-0.7687695047588609,-0.1177552274023419,-0.5873096162947247,0.4222406167896214,0.1612678883356048,-0.8220123209186317,0.5345519031725139,0.4127896337680159,-0.1035170548969756,0.7371901353208278,-0.6464368877786678,0.3941563567940983,0.8977523980120085,-0.3774324655566194,0.1895586130066794,0.3909129882795067,-0.8943424163924799,0.0141042258515263,0.3809740069821946,0.3814777378754296,-0.3654375489517022,0.9093530837551572,-0.0784293120840621,0.3805162330771357,0.7477345472923539,-0.4213606800720588,-0.4963409251315296,0.3757103530376836,0.5131173076007485,-0.2709457968870906,-0.8007702958488536,0.3730156646536392,0.2119890773819723,0.8494785667541629,0.4670774494650306,0.3685489353571048,0.9172591011773058,0.3894442197345606,-0.059345624762927,0.3627044333675164,-0.7264069433865975,-0.6495874821231797,-0.1468352536954058,0.360866587904411,-0.7344902896226537,0.3172932435924002,-0.5558253454692947,0.3594465823195293,-0.0113876258991171,-0.6645278580883729,0.6896433193363095,0.3578879465494513,-0.8839453525106313,-0.3549916848490196,-0.2302675547539983,0.3497692645924515,-0.9644224713045708,-0.1284867782292137,0.0830569290055229,0.32647133589481,0,0,0,0,0,0,0,0,0,0,0,0,0,0,0,0,0,0,0,1,0,0,0,0,0,0,0,0,0,0,0,1,0,0,0,0,0,0,0,0,0,0,0,0,0,0,0,0,0,0,0,0,0,0,0,0,1,0,0,0,0,0,0,0,0,0,0,0,0,0,0,0,0,0,0,0,1,0,0,0,0,0,0,0,0,1,0,0,0,0,0,0,0,0,0,0,0,0,0,0,1,0,0,0,0,0,0,0,0,0,0,0,0,0,0,0,0,0,0,0,0,0,0,0,0,0,0,0,0,0,0,0,0,0,0,0,0,0,0,1,0,0,0,1,0,0,0,0,0,0,0,0,0,0,0,0,0,0,0,0,0,0,0,0,0,1,0,0,0,0,0,0,0,0,0,0,0,0,0,0,0,0,0,0,0,0,0,0,0,0,0,1,0,0,0,0,0,0,0,0,0,0,0,0,0,0,0,0,0,0,0,0,0,0,0,1,0,0,0,0,0,0,0,0,0,0,0,0,0,0,0,0,0,0,0,0,1,0,0,0,0,0,0,0,0,0,0,0,0,0,0,0,0,0,0,0,0,0,0,1,0,0,0,0,0,0,0,0,1,0,0,0,0,0,0,0,0,0,0,0,1,0,0,0,0,0,0,0,0,0,0,0,0,0,0,0,0,0,0,0,0,0,0,0,0,1,0,0,0,0,0,0,0,0,0,0,0,0,0,0,0,0,0,0,0,1,0,0,0,0,0,0,0,0,0,0,0,0,0,0,0,0,0,1,0,0,0,0,0,0,0,0,0,0,0,0,0,0,0,0,0,0,0,0,0,0,0,0,0,0,0,0,0,0,0,0,0,0,0,1,0,0,0,1,0,0,0,0,0,0,0,0,0,0,0,0,0,0,0,0,0,0,0,0,0,0,0,0,0,0,0,0,0,0,0,1,0,0,0,0,1,0,0,0,0,0,0,0,0,0,0,0,0,0,0,0,0,0,0,0,0,0,0,0,0,0,0,0,0,0,0,0,0,0,0,0,0,0,0,1,0,0,0,1,0,0,0,0,0,0,0,0,0,0,0,0,0,0,0,0,0,0,0,0,0,0,1,0,0,0,0,0,0,0,0,0,0,0,0,0,1,0,0,0,0,0,0,0,0,0,0,0,0,0,0,0,0,0,0,0,0,0,0,0,0,0,0,0,0,0,0,0,0,0,0,0,0,0,0,1,0,0,0,0,0,0,1,0,0,0,0,0,0,0,0,0,0,0,0,0,0,0,0,0,0,0,0,0,0,0,0,0,0,0,0,0,1,0,0,0,1,0,0,0,0,0,0,0,0,0,0,0,0,0,0,0,0,0,0,0,0,0,0,0,0,1,0,0,0,0,0,0,0,0,0,0,0,0,0,0,0,0,0,0,0,1,0,0,0,0,0,0,0,0,0,0,0,0,0,0,0,0,0,0,0,0,0,0,0,0,0,0,0,0,0,0,0,0,0,1,1,0,0,0,0,0,0,0,0,0,0,0,0,0,0,0,0,0,0,0,1,0,0,0,0,0,0,0,0,0,0,0,0,0,0,0,0,0,0,0,0,0,0,0,0,0,0,0,0,0,0,1,0,0,0,0,0,0,0,0,0,0,0,0,0,1,0,0,0,0,0,0,0,0,0,0,0,0,0,0,0,0,0,1,0,0,0,0,0,0,0,0,0,0,0,0,0,0,0,0,0,0,0,0,0,1,0,0,0,0,0,0,0,0,0,0,0,0,0,0,0,0,0,0,0,0,0,0,0,0,0,0,0,0,0,0,1,0,0,0,0,0,0,0,0,0,0,0,0,0,0,0,0,0,0,1,0,0,0,0,0,0,0,0,0,0,1,0,0,0,0,0,0,0,0,0,0,0,0,0,0,0,0,0,0,0,1,0,0,0,0,0,0,0,0,0,0,0,0,0,0,0,0,0,0,0,0,0,0,0,0,1,0,0,0,0,0,0,0,0,0,0,0,0,0,0,0,0,0,0,0,0,0,0,0,0,0,0,0,1,0,0,0,0,0,0,0,0,1,0,0,0,0,0,0,0,0,0,0,0,0,0,0,0,0,0,0,0,0,0,0,0,0,0,0,1,0,0,0,0,0,0,0,1,0,0,0,0,0,0,0,0,0,0,0,0,0,0,0,0,0,0,0,0,0,0,0,0,0,0,0,0,0,0,0,1,0,0,0,0,0,0,0,0,0,0,0,0,0,0,0,1,0,0,0,0,0,0,0,0
8.366,79,1.0,-5.059184860268348e-18,-2.4298908982060825e-17,1.0182108047664715,-0.5965590567059851,0.0840944695134526,0.7459355964047208,0.5964391088728604,0.7495008154262617,-0.6310943611882017,-0.1711746757436038,0.5665983132304748,0.875620370273204,0.4818365034769133,-5.9595727819275136e-18,0.5357178196096293,0.1935266706018287,-0.9766983252471422,-0.0539293341299861,0.5018349658008204,-0.5846540202193667,-0.0970096685462713,-0.7800917371142452,0.4853848417305231,0.0240201708494744,0.9734222308232,-0.1100383604493915,0.4670305265885105,-0.3240268917134035,0.905311700936176,0.1398397712621278,0.4555292785402991,0.1318590438127224,-0.1495720112856138,-0.9493958947566604,0.4459747816893729,-0.839571149339279,0.1161561497117327,-0.4771475209430048,0.4385234291066183,0.4872315593765429,0.861623614555899,0.1033537839651167,0.4252452424050189,-0.0299035678950055,-0.9486644427928812,-0.0904135206306461,0.4195785002049411,0.0427032643853684,-0.9325167949344192,-0.0067612406305986,0.4040921780138779,0.0721437278843547,-0.9461816748458058,0.0576504436219364,0.3986145731094015,0.7945610671719524,-0.5830794325683291,0.0999373082761881,0.3919874564320752,0.6594772072430648,-0.4511933664370753,-0.5857401578077763,0.3904671581932809,0.4241605687374039,-0.1947262415243121,-0.8721474627843095,0.3903666305281333,-0.0402128334640657,0.826349354143035,-0.5193075131488273,0.3900634664851638,-0.7514691729208344,0.1574985634797842,0.5806774827676071,0.3896138881251428,0.2198196335628785,0.6067409181760048,0.7407100777237485,0.3840439514257509,-0.8671612019855616,-0.4718202438814199,-0.0581519265321087,0.3696088257874302,-0.7219248245025011,0.503538236785217,-0.3979575659067251,0.3663879247435747,0.9451054449463736,0.2994953703517657,-0.1006681098141333,0.3632415812795785,-0.9614037965550576,-0.138221811102958,-0.1212157036497711,0.3622146040754077,0.3802127386244773,0.7654555251850532,0.5057477703133337,0.341580295370021,1,0,0,0,0,0,0,0,0,0,0,0,0,0,0,0,0,0,0,0,0,0,0,0,0,0,0,0,0,0,0,1,0,0,0,0,0,0,0,0,0,0,0,0,0,0,0,0,0,0,0,0,0,0,0,1,0,0,0,0,0,0,0,0,0,0,0,0,0,0,0,0,0,0,0,0,1,0,0,0,1,0,0,0,0,0,0,0,0,0,0,0,0,0,0,0,0,0,0,0,0,0,0,1,0,0,0,0,0,0,0,0,0,0,0,0,0,0,0,0,0,0,0,0,0,0,0,0,0,0,0,0,0,0,0,0,0,0,0,1,1,0,0,0,0,0,0,0,0,0,0,0,0,0,0,0,0,0,0,0,1,0,0,0,0,0,0,0,0,0,0,0,0,0,0,0,0,0,0,0,0,0,0,1,0,0,0,0,0,0,0,0,0,0,0,0,0,0,0,0,0,0,0,0,0,0,1,0,0,0,0,0,0,0,0,0,0,0,0,0,0,0,0,0,0,0,0,0,0,0,0,0,0,0,0,0,1,0,0,0,0,0,0,0,0,0,0,0,0,0,0,0,0,0,0,0,0,0,0,1,0,0,0,0,0,0,0,0,0,0,0,1,0,0,0,0,0,0,0,0,0,0,0,0,0,0,0,0,0,0,0,0,0,0,0,0,0,0,0,1,0,0,0,0,0,1,0,0,0,0,0,0,0,0,0,0,0,0,0,0,0,0,0,0,0,1,0,0,0,0,0,0,0,0,0,0,0,0,0,0,0,0,0,0,0,1,0,0,0,0,0,0,0,0,0,0,0,0,0,0,0,0,0,0,0,0,1,0,0,0,0,0,0,0,0,0,0,0,0,0,1,0,0,0,0,0,0,0,0,0,0,0,0,0,0,0,0,0,0,0,0,0,0,0,0,0,0,0,0,0,0,0,0,0,0,0,0,0,0,1,0,0,0,1,0,0,0,0,0,0,0,0,0,0,0,0,0,0,0,0,1,0,0,0,0,0,0,0,0,0,0,0,0,0,0,0,0,0,0,0,0,0,0,0,0,0,0,0,1,0,0,0,0,0,0,0,0,0,0,0,1,0,0,0,0,0,0,0,0,0,0,0,0,0,0,0,0,0,0,0,0,0,0,0,0,0,0,0,1,0,0,0,0,0,0,0,0,0,0,0,1,0,0,0,0,0,0,0,0,0,0,0,0,0,0,0,0,0,0,0,0,0,0,0,0,0,0,0,1,0,0,0,0,0,0,0,0,0,0,0,1,0,0,0,0,0,0,0,0,0,0,0,0,0,0,0,0,0,0,0,0,0,0,0,0,0,1,0,0,0,0,0,0,0,0,0,0,0,0,0,1,0,0,0,0,0,0,0,0,0,0,0,0,0,0,0,0,0,0,0,1,0,0,0,0,0,0,0,0,0,0,0,0,0,0,0,0,0,0,0,0,0,0,0,0,1,0,0,0,0,0,0,0,0,0,0,0,0,0,0,0,0,0,0,0,0,0,0,0,0,0,1,0,0,0,0,0,0,0,0,0,0,0,0,0,1,0,0,0,0,0,0,0,0,0,0,0,0,0,0,1,0,0,0,0,0,0,0,0,0,0,0,0,0,0,0,0,0,0,0,0,0,0,0,0,0,0,0,0,0,0,0,0,0,0,1,0,0,0,0,1,0,0,0,0,0,0,0,0,0,0,0,0,0,0,0,0,0,0,0,0,0,0,0,0,0,0,0,0,0,0,0,0,0,0,0,0,0,0,1,0,0,0,0,0,0,0,0,1,0,0,0,0,0,0,0,0,0,0,0,0,0,0,0,0,0,1,0,0,0,0,0,0,0,0,0,0,0,0,0,0,0,0,0,0,0,1,0,0,0,0,0,0,0,0,0,0,0,0,0,0,0,0,0,0,1,0,0,0,0,0,0,0,0,0,0,0,0,0,0,0,0,0,0,0,0,0,0,0,0,0,1,0,0,0,0,0,0,0,0,0,0,0,0,0,0,0,0,0,0,0,0,0,0,0,0,0,0,0,1,0,0,0,0,0,0,0,0,0,0,0,0,0,0,0,0,1,0,0,0,0,0,0,0,0,0,1,0,0,0,0,0,0,0,0,0,0,0,0,0,0,0,0,1,0,0,0,0,0,0,0,0,0,0,0,0,0,0,0,0,0,0,0,0,0,0,0,0,0,0,0,0,0,0,0,0,0,0,0,1,0,0,0,1,0,0,0,0,0,0,0,0,0,0,0,0,0,0,0,0
7.415,80,1.0,-7.683291355051893e-18,1.0330892946820136e-17,1.0183369366053632,-0.6444449428659269,-0.0032321203978869,0.0325799103514378,0.5957224800699606,0.7663462687587025,-0.5354561618358142,0.1936129657609269,0.5583463424670192,0.8178295309739967,0.5649609649905263,-1.3273255253526465e-17,0.5495393105234521,0.2863697371420567,-0.9221617121410988,0.1877926892077942,0.4766053668005113,-0.1352788688157135,0.6546802324046606,-0.4356532033933324,0.4459747816893729,0.4452204651637198,0.8363808844257778,-0.1988563337098292,0.4329463396412224,0.2052864394441711,0.7100971712807846,-0.5215474436856216,0.4328874260505514,-0.066914034013647,-0.8313289648099049,0.5117733532305878,0.4281473666591283,-0.0292692370390344,-0.4093072454343729,-0.7395793465447634,0.4218434856265127,0.7173414201235727,-0.3444424888700523,0.4659680494132535,0.4188603664223987,-0.7070422362549104,0.0349145432469781,-0.1104312446914523,0.3851443103278375,0.1201701515676707,0.8823789036644432,0.0641781519733364,0.3808901512572519,-0.5282374394752256,-0.648158609196537,-0.2787210850893653,0.3760714463822754,0.1845575097432998,-0.923841992648693,0.0041289732375551,0.3754413717894066,0.8531465852577371,0.4472256802924766,0.1042144348621942,0.3712278279846068,0.7992826962627373,-0.419382304532849,-0.1199603963057289,0.3642439872967724,-0.4002583460014324,-0.1955909367196431,-0.7064013367018174,0.3605577243389453,0.2341152804148041,-0.9121747683548228,0.1027855185933556,0.3599138811207506,0.283684626863435,0.4853601865650531,-0.7106254173208221,0.3565250108255148,-0.2851984385242845,-0.7612844809334947,0.5088709910307363,0.3405538685773469,0.4851147445855628,-0.4309702640959754,-0.6344469444034293,0.3373772781482874,-0.4097905284612345,-0.7306292391165028,0.4444327200276181,0.284261389402924,-0.0768893684682522,0.8032566350579523,0.2384494858953069,0.2789464265727744,0.666117822780419,-0.3233128813938903,-0.5362729866377394,0.272264277122776,0,0,0,0,0,1,0,0,0,0,0,0,0,0,0,0,0,0,0,0,0,0,0,0,0,0,0,0,0,0,0,1,0,0,0,0,0,0,0,0,0,0,0,0,0,0,1,0,0,0,0,0,0,0,0,0,0,0,0,0,0,0,0,0,0,0,0,0,0,0,0,0,0,0,0,0,1,0,0,0,0,0,0,0,0,1,0,0,0,0,0,0,0,0,0,0,0,0,0,0,0,0,0,1,0,0,0,0,0,0,0,0,0,0,0,0,0,0,0,0,1,0,0,0,0,0,0,0,0,0,0,0,0,0,0,0,0,0,0,0,1,0,0,0,0,0,0,0,0,0,0,0,0,0,0,0,0,0,0,0,0,0,0,0,0,1,0,0,0,0,0,0,0,0,0,0,0,0,0,0,0,0,0,1,0,0,0,0,0,0,0,0,0,0,0,0,0,0,0,0,1,0,0,0,0,0,0,0,0,0,0,0,0,0,0,0,0,0,0,0,0,0,0,0,0,1,0,0,0,0,0,0,0,0,0,0,0,0,0,0,1,0,0,0,0,0,0,0,0,0,0,0,0,0,0,0,0,0,0,0,0,0,0,1,0,0,0,0,0,0,0,0,0,0,0,0,0,0,0,0,1,0,0,0,0,0,0,0,0,0,0,0,0,0,0,0,0,0,0,0,0,0,0,0,0,0,0,0,0,0,0,1,0,0,0,0,0,0,0,0,0,0,0,0,0,1,0,0,0,0,0,0,0,0,0,0,0,0,0,0,0,0,0,1,0,0,0,0,0,0,0,0,0,0,0,0,0,0,0,0,0,0,0,0,0,1,0,0,0,0,0,0,0,0,0,0,0,0,0,0,0,0,0,0,0,0,0,0,0,0,0,0,0,0,0,0,1,0,0,0,0,0,0,0,0,1,0,0,0,0,0,0,0,0,0,0,0,0,0,0,0,0,0,0,0,0,1,0,0,0,0,0,0,0,0,0,0,0,0,0,0,0,0,0,0,0,1,0,0,0,0,0,0,0,0,0,0,0,0,0,1,0,0,0,0,0,0,0,0,0,0,0,0,0,0,0,0,0,0,0,1,0,0,0,0,0,0,0,0,0,0,0,0,0,0,0,0,0,0,0,0,0,0,1,0,0,0,0,0,0,0,0,0,0,0,0,0,0,0,0,0,0,0,0,0,1,0,0,0,0,0,0,0,0,0,0,0,0,0,0,0,0,0,0,0,0,1,0,0,0,0,0,0,0,0,0,0,0,0,0,0,0,0,0,0,1,0,0,0,0,0,0,0,0,0,0,0,0,0,0,0,0,0,0,0,0,0,0,1,0,0,0,0,0,0,0,0,0,0,0,1,0,0,0,0,0,0,0,0,0,0,0,0,0,0,0,0,0,0,0,0,0,0,0,0,0,0,0,0,0,0,0,0,0,0,0,1,0,0,0,0,0,0,0,0,1,0,0,0,0,0,0,0,0,0,0,0,0,0,0,1,0,0,0,0,0,0,0,0,0,0,0,0,0,0,0,0,0,0,0,0,0,0,0,0,1,0,0,0,0,0,0,0,0,0,0,0,0,0,0,1,0,0,0,0,0,0,0,0,0,0,0,0,0,0,0,0,0,0,0,0,0,0,0,0,1,0,0,0,0,0,0,0,0,0,0,0,0,0,0,0,0,0,0,0,0,0,0,1,0,0,0,0,0,0,0,0,0,0,0,0,0,0,0,0,0,0,0,0,0,0,0,0,0,0,0,0,0,0,1,1,0,0,0,0,0,0,0,0,0,0,0,0,0,0,0,0,0,0,0,0,0,0,0,0,1,0,0,0,0,0,0,0,0,0,0,0,0,0,0,0,0,0,0,0,0,0,0,1,0,0,0,0,0,0,0,0,0,0,0,0,0,0,0,0,0,0,0,0,0,0,0,0,0,0,0,0,0,0,1,0,0,0,0,0,1,0,0,0,0,0,0,0,0,0,0,0,0,0,0,0,0,0,0,0,1,0,0,0,0,0,0,0,0,0,0,0,0,0,0,0,0,0,0,0,0,0,0,1,0,0,0,0,0,0,0,0,0,0,0,1,0,0,0,0,0,0,0,0,0,0,0,0,0,0,0,0,0,0,0,0,0,0,0,0,0,0,0,1,0,0,0,0,0,0,0,0,0,0,0,0,0,0,0,0,0,0,0,0,0,0,0,0,0,0,0,0,0,0,1,0,0,0,0,0,0,0,0,0,0,0,1,0,0,0,0,0,0,0,0
7.727,81,1.0,-1.7774835298115957e-19,-3.7315110496388196e-18,1.0160366125442508,0.7793286435541739,0.6216151488446438,-6.1837460874525294e-18,0.6032757790181251,-0.7523936461282572,0.0086260997478602,-0.2817880210477856,0.5770242871728918,0.7807052011673813,-0.5293593698431097,0.2816334848138631,0.5505660317857279,0.3221563421996528,-0.920170282181376,0.2095612550149816,0.4618069761604701,-0.1349780247103924,-0.84466826422197,0.4925555981657886,0.4573738397058129,0.3546287202377892,0.8809276399975818,-0.2713724279353297,0.4525441274695178,-0.2830900513588037,-0.6502994423940344,0.552070653988596,0.4522710940151848,0.6586974947994564,-0.3378138995668652,0.6254006692807552,0.4404005564156579,0.1791050040672494,-0.951300461939594,-0.17316002502052,0.4297645249888472,0.1706978679224276,0.6789050404250804,-0.6609609330518561,0.4231246390689915,-0.1986289162287877,0.8653954780423107,0.2736802855021957,0.4074480336397268,-0.0513866086784947,0.9433638370341264,-0.0023242850762885,0.4031773395987321,0.8319139926364132,0.4861114850557596,0.1764669771656165,0.3972165793923161,-0.1019354260546652,0.8351810758748384,0.1548647589108415,0.3864725172618584,0.159361965527886,-0.3996286382967536,-0.8132289304822014,0.3856619982133313,0.7119955792130521,-0.2207315165165945,-0.5933164404949702,0.3836335019869037,-0.3248791067507162,-0.7065217185770293,0.5545047174204865,0.3758259726159996,-0.2377003226629872,-0.7636290260618905,0.4904490378788185,0.3709798559180415,-0.7529240888393026,0.0174903338235466,-0.4030598828250252,0.3700665447386005,-0.1067239071933301,0.6610152950703526,-0.6393969300523908,0.3665168899397072,0.8663144494990037,-0.4143611736011423,0.0004214108090043,0.3536940971816854,-0.4501914885491714,-0.6456074808225999,-0.4642415607051252,0.3535138293028976,-0.1391979949068639,-0.2508673944863452,-0.8522548888291132,0.3521008655570736,0.3513597897184691,0.445006695536971,-0.7784638828263655,0.3305595695641917,0,0,0,0,0,0,0,0,0,0,0,0,0,0,0,0,0,0,0,1,0,0,0,0,0,0,0,0,0,0,0,1,0,0,0,0,0,0,0,0,0,0,0,0,0,1,0,0,0,0,0,0,0,0,0,0,0,0,0,0,1,0,0,0,0,0,0,0,0,0,0,0,0,0,0,0,0,0,0,0,0,0,0,0,0,1,0,0,0,0,0,0,0,0,0,0,0,0,0,0,0,0,0,0,0,0,0,0,0,0,0,0,0,0,0,0,1,0,0,0,0,0,0,0,0,0,0,0,0,0,0,0,0,0,0,0,0,0,0,1,0,0,0,1,0,0,0,0,0,0,0,0,0,0,0,0,0,0,0,0,0,0,0,0,0,0,0,0,0,0,0,0,0,0,0,0,0,0,0,1,0,0,0,1,0,0,0,0,0,0,0,0,0,0,0,0,0,0,0,0,0,0,0,0,0,0,0,0,0,0,0,0,0,0,0,0,0,0,0,1,0,0,0,1,0,0,0,0,0,0,0,0,0,0,0,0,0,0,0,0,0,0,0,0,0,1,0,0,0,0,0,0,0,0,0,0,0,0,0,0,0,0,0,1,0,0,0,0,0,0,0,0,0,0,0,0,0,0,0,0,0,0,0,0,0,0,0,0,0,0,0,0,0,0,0,0,0,0,0,1,0,0,0,0,0,0,0,0,1,0,0,0,0,0,0,0,0,0,0,0,0,0,0,0,0,0,0,0,0,0,0,0,0,0,0,0,0,0,0,1,0,0,0,0,0,0,1,0,0,0,0,0,0,0,0,0,0,0,0,0,0,0,0,0,0,0,0,0,0,0,0,0,0,0,0,0,0,0,0,1,0,0,0,0,0,0,0,0,1,0,0,0,0,0,0,0,0,0,0,0,0,0,0,0,0,1,0,0,0,0,0,0,0,0,0,0,0,0,0,0,0,0,0,0,0,0,0,0,0,0,0,1,0,0,0,0,0,0,0,0,0,0,0,0,0,1,0,0,0,0,0,0,0,0,0,0,0,0,0,0,0,0,0,0,0,0,0,0,1,0,0,0,0,0,0,0,0,0,0,0,0,0,0,0,0,1,0,0,0,0,0,0,0,0,0,0,0,0,0,0,0,0,0,1,0,0,0,0,0,0,0,0,0,0,0,0,0,0,0,0,0,0,0,0,0,1,0,0,0,0,0,0,0,0,0,0,0,0,0,0,0,0,0,0,0,0,0,0,0,0,0,0,0,0,0,0,1,0,0,0,0,0,0,0,0,1,0,0,0,0,0,0,0,0,0,0,0,0,0,0,0,0,0,0,0,0,0,0,1,0,0,0,0,0,0,0,0,0,0,0,0,0,0,0,0,0,0,0,0,0,0,0,0,0,0,0,0,0,0,1,0,0,0,0,0,0,0,0,0,0,0,0,0,0,0,0,1,0,0,0,0,0,0,0,0,0,0,0,0,0,1,0,0,0,0,0,0,0,0,0,0,0,0,0,0,1,0,0,0,0,0,0,0,0,0,0,0,0,0,0,0,0,0,0,0,0,0,0,0,0,0,0,0,0,0,0,0,0,0,1,0,0,0,0,0,0,0,0,1,0,0,0,0,0,0,0,0,0,0,0,0,0,0,0,0,0,0,0,0,0,0,0,0,0,0,0,0,0,0,1,0,0,0,0,0,0,0,0,1,0,0,0,0,0,0,0,0,0,0,0,0,0,0,0,0,1,0,0,0,0,0,0,0,0,0,0,0,0,0,0,1,0,0,0,0,0,0,0,0,0,0,0,0,0,0,0,0,0,0,0,0,0,0,0,0,1,0,0,0,0,0,0,0,0,0,0,0,0,0,0,0,0,0,0,0,1,0,0,0,0,0,0,0,0,0,0,0,0,0,0,0,0,0,0,0,0,0,0,0,0,0,0,0,0,0,0,0,0,0,1,1,0,0,0,0,0,0,0,0,0,0,0,0,0,0,0,0,0,0,0,0,0,0,0,0,0,0,0,0,0,0,0,0,0,0,0,0,0,0,1,0,0,0,0,0,0,1,0,0,0,0,0,0,0,0,0,0,0,0,0,0,0,0,0,0,0,0,0,0,0,0,0,0,0,0,0,0,0,0,1,1,0,0,0,0,0,0,0,0,0,0,0,0,0,0,0,0,0,0,0,1,0,0,0,0,0,0,0,0,0,0,0,0,0,0,0,0,0,0,0,1,0,0,0,0,0,0,0,0,0,0,0,0,0,0,0,0,0,0,0
8.41,82,1.0,-1.4029746279928597e-18,2.161443494478311e-18,1.0186113992745218,-0.7056607398814088,0.0517463241678104,0.6927837282172576,0.5842514713597871,0.8309476089238903,0.5555213547826668,5.302679563238625e-18,0.5439902851443256,0.8067097559305022,-0.5733656839296495,-0.1274318175052265,0.5376307888994505,-0.1042639061287421,0.9719371904385992,-0.1726152688697805,0.4896339717419385,-0.5653442945322336,-0.233735348600378,-0.7796211185610467,0.4790498928823834,0.319657955443154,-0.9457238295231292,-0.0138819197738256,0.4678953156435831,0.2000882743911712,-0.0846949210708627,-0.969164220080038,0.4629221720386385,0.3789504787334211,0.9179782242380734,0.0921146488143883,0.4433410680933362,-0.8552735259233979,-0.034862051102809,-0.5000013647557582,0.4302030397863074,0.0747694268764314,-0.9448801406349524,-0.2535541935386887,0.4259375050764659,0.0830918281041982,-0.6841643564566247,0.7161632849200483,0.4142806744513898,-0.1740380174576124,0.7954893962499308,-0.5677648543053615,0.4031684184692206,0.0629238685540845,0.6308287494956092,0.7628845622612687,0.3974633399182278,0.2122792424732317,-0.921065703556168,-0.1485294913038066,0.3879226726524438,0.9070518489674642,-0.3997998540406059,0.0985672275655503,0.3860804088276522,-0.3332231241552347,0.924387761669538,0.0328268031175943,0.3836335019869037,-0.8410100994455743,0.0937997209698479,0.5148508737317592,0.3823924765409895,0.4942353842604758,-0.2244164257854143,-0.8341532657585013,0.3809459379780364,0.7243908938494988,-0.4187596746649106,-0.5410223067498302,0.3782962857933038,0.9120826808645284,0.3946948406085144,-0.0996417979198837,0.3634117073454206,-0.8045535897718864,-0.5847185666978522,-0.0773922719980002,0.3603035334143699,-0.8045676179061996,0.3760525819046121,-0.435796551524495,0.3582143984612134,0.2529162917721484,0.8087724016961293,0.5224959261530793,0.3576732173149453,-0.9483499903305358,-0.2721723343402695,-0.128795589373119,0.3528200074297964,0,0,0,0,0,0,0,0,0,0,1,0,0,0,0,0,0,0,0,0,0,0,0,0,0,0,0,0,0,0,0,1,0,0,0,0,0,0,0,0,0,0,0,0,0,0,0,0,0,0,0,0,0,0,0,0,0,0,0,1,0,0,0,0,0,0,0,0,0,0,0,0,0,0,0,0,1,0,0,0,0,0,0,0,0,0,0,0,0,0,0,0,0,0,0,0,0,0,0,1,1,0,0,0,0,0,0,0,0,0,0,0,0,0,0,0,0,0,0,0,0,0,0,0,0,0,0,0,0,0,1,0,0,0,0,0,0,0,0,0,0,0,0,1,0,0,0,0,0,0,0,0,0,0,0,0,0,0,0,0,0,0,0,0,0,0,0,0,0,0,0,0,0,0,0,0,0,0,0,1,0,0,0,0,0,0,0,0,0,0,0,1,0,0,0,0,0,0,0,0,1,0,0,0,0,0,0,0,0,0,0,0,0,0,0,0,0,0,0,0,0,0,0,0,0,0,0,0,0,0,0,0,0,0,0,0,1,0,0,0,0,0,0,0,0,0,0,0,0,0,1,0,0,0,0,0,0,0,0,0,0,0,0,1,0,0,0,0,0,0,0,0,0,0,0,0,0,0,0,0,0,1,0,0,0,0,0,0,0,0,0,0,0,0,0,0,0,0,0,0,0,0,0,0,0,1,0,0,0,0,0,0,0,0,0,0,0,0,0,0,0,0,0,0,0,0,0,0,0,0,0,0,0,0,0,0,0,0,0,1,0,0,0,1,0,0,0,0,0,0,0,0,0,0,0,0,0,0,0,0,1,0,0,0,0,0,0,0,0,0,0,0,0,0,0,0,0,0,0,0,1,0,0,0,0,0,0,0,0,0,0,0,0,0,0,0,0,0,0,0,0,0,0,0,0,0,0,0,0,0,1,0,0,0,0,0,0,0,0,0,0,0,0,0,0,0,0,0,1,0,0,0,0,0,0,0,0,0,0,0,0,0,0,0,0,0,0,0,0,0,1,0,0,0,0,0,0,0,0,0,0,0,0,0,0,0,0,0,1,0,0,0,0,0,0,0,0,0,0,0,0,0,0,0,0,1,0,0,0,0,0,0,0,0,0,0,0,0,0,0,1,0,0,0,0,0,0,0,0,0,0,0,0,0,0,0,0,0,0,0,0,0,0,0,0,0,0,0,0,0,0,0,0,0,0,0,0,0,0,1,0,0,0,0,0,0,0,0,1,0,0,0,0,0,0,0,0,0,0,0,0,0,0,0,0,0,0,0,0,0,1,0,0,0,0,0,0,0,0,0,0,0,0,0,0,0,0,0,1,0,0,0,0,0,0,0,0,0,0,0,0,0,0,0,0,0,0,0,0,0,1,0,0,0,0,0,0,0,0,0,0,0,0,0,0,0,1,0,0,0,0,0,0,0,0,0,0,0,0,0,0,0,0,0,0,0,0,0,0,0,0,0,0,0,0,0,0,0,0,1,0,0,0,0,0,1,0,0,0,0,0,0,0,0,0,0,0,0,0,0,0,0,0,0,0,0,0,0,0,0,0,0,0,0,0,0,0,0,0,1,1,0,0,0,0,0,0,0,0,0,0,0,0,0,0,0,0,0,0,0,0,1,0,0,0,0,0,0,0,0,0,0,0,0,0,0,0,0,0,0,0,0,0,0,0,0,0,0,0,0,0,1,0,0,0,0,0,0,0,0,0,0,0,0,0,0,0,0,0,0,1,0,0,0,0,0,0,0,0,0,1,0,0,0,0,0,0,0,0,0,0,0,0,0,0,0,0,0,0,0,0,0,0,0,0,0,0,0,0,0,0,0,0,0,0,0,0,0,0,1,0,0,0,0,0,0,0,0,0,0,0,0,0,0,0,0,1,0,0,0,1,0,0,0,0,0,0,0,0,0,0,0,0,0,0,0,0,0,0,0,0,0,0,0,0,0,1,0,0,0,0,0,0,0,0,0,0,0,0,0,0,0,0,0,0,1,0,0,0,0,0,0,0,0,0,0,0,0,0,0,0,0,0,0,0,0,0,0,0,0,0,1,0,0,0,0,0,0,0,0,0,0,0,0,0,0,0,0,0,0,0,0,0,0,0,0,0,0,0,1,0,0,0,1,0,0,0,0,0,0,0,0,0,0,0,0,0,0,0,0,1,0,0,0,0,0,0,0,0,0,0,0,0,0,0,0,0,0,0,0,0,0,0,1,0,0,0,0,0,0,0,0,0,0,0,0,0,0,0,0
7.933,83,1.0,-5.624917656464925e-18,-1.6260717058925086e-20,1.0182942958180048,-0.7747142352250188,0.2795904601335096,0.4797844240475233,0.5819254963041478,0.7622803118956798,-0.6357794278863638,0.0547340279443819,0.5602388665996251,0.8849096763149438,0.4638032867593114,-2.256224640655384e-17,0.5307305963104646,0.2068191029576488,-0.9563605624900632,0.1973405800758167,0.4970923810133998,-0.4381692292040806,-0.2287942046941887,-0.8391563783421245,0.4668832214831749,-0.2949759737097392,0.896184544496783,-0.2029635460621992,0.4629221720386384,0.1029307489459409,0.8939720318594357,-0.3912580865040637,0.4574697459078182,-0.0506570515339361,-0.9678656773025464,-0.0591499804229202,0.4388963605581022,0.4974340920018192,0.8588580463343991,-0.0549962441267324,0.4287671507662439,0.2622051794230433,-0.3820333518414412,-0.8592421450568837,0.4191596746459173,-0.7089197147799025,0.0330536928924975,-0.6581514994579761,0.4111377611497504,0.0158374171870333,-0.7573505121569017,0.6418514235907147,0.4100439140490442,0.8122284300607892,-0.4752104732742045,0.3031338721425528,0.394652092577022,-0.8641193510115667,-0.4296220408746703,-0.186807263340102,0.3866054173619362,-0.8664075555381787,0.3094440343313521,0.2762271822871417,0.3824354177563548,0.717714209315702,-0.5705809392495922,-0.3646923116403506,0.3794796652639232,0.1043510089928376,0.6425287705177951,-0.7325888967371867,0.3759148490325003,0.5459850614132333,-0.4010427189020988,-0.7141434701153511,0.3705487493015719,0.2193415766104954,-0.9552869991216464,0.0625603862309159,0.3596065070067967,0.9558527094852016,0.278502704637361,-0.0268711328758267,0.3589179336392664,0.2879733009525225,0.8749371320436857,0.3494808774720551,0.3587894170674222,0.1451930610148625,0.770613612411554,0.5771614662955759,0.3525247104028268,-0.572303643904043,0.3816442442001883,-0.6759900215883117,0.3486353010112545,-0.9154890358771556,-0.1234792748574704,-0.3077001076398319,0.345358403097408,0,1,0,0,0,0,0,0,0,0,0,0,0,0,0,0,0,0,0,0,0,0,0,0,0,0,0,0,0,0,0,1,0,0,0,0,0,0,0,0,1,0,0,0,0,0,0,0,0,0,0,0,0,0,0,0,0,0,0,0,0,0,0,0,0,0,0,0,0,0,0,0,0,0,0,0,1,0,0,0,0,1,0,0,0,0,0,0,0,0,0,0,0,0,0,0,0,0,0,0,0,0,0,1,0,0,0,0,0,0,0,0,0,0,0,0,0,0,0,0,0,0,0,0,0,0,0,0,0,0,1,0,0,0,0,0,0,0,0,0,1,0,0,0,0,0,0,0,0,0,0,0,0,0,0,0,0,0,0,0,0,1,0,0,0,0,0,0,0,0,0,0,0,0,0,0,0,0,0,0,0,0,0,1,0,0,0,0,0,0,0,0,0,0,0,0,0,0,0,0,0,0,0,0,0,1,0,0,0,0,0,0,0,0,0,0,0,0,0,0,0,0,0,0,0,0,0,0,0,0,0,0,0,0,0,0,1,0,0,0,0,0,0,0,0,0,0,0,0,0,1,0,0,0,0,0,0,0,0,0,0,0,0,0,0,1,0,0,0,0,0,0,0,0,0,0,0,0,0,0,0,0,0,0,0,0,0,0,0,0,1,0,0,0,0,0,0,0,0,0,0,0,0,0,0,0,0,0,0,0,0,1,0,0,0,0,0,0,0,0,0,1,0,0,0,0,0,0,0,0,0,0,0,0,0,0,0,0,0,0,0,0,0,0,0,0,0,0,1,0,0,0,0,0,0,0,0,0,0,0,0,0,0,0,0,0,0,0,0,0,1,0,0,0,0,0,0,0,0,0,0,0,0,1,0,0,0,0,0,0,0,0,0,0,0,0,0,0,0,0,0,0,1,0,0,0,0,0,0,0,0,0,0,0,0,0,0,0,0,0,0,0,0,0,0,1,0,0,0,0,0,0,0,0,0,0,0,0,0,0,0,0,0,0,0,1,0,0,0,0,0,0,0,0,0,0,0,0,0,0,1,0,0,0,0,0,0,0,0,0,0,0,0,0,0,0,0,0,0,0,0,1,0,0,0,0,0,0,0,0,0,0,0,0,0,0,0,0,0,0,0,0,0,1,0,0,0,0,0,0,0,0,0,0,0,0,0,0,0,0,0,1,0,0,0,0,0,0,0,0,0,0,0,0,0,0,0,0,0,0,0,0,0,0,0,0,1,0,0,0,0,0,0,0,0,0,0,0,0,0,0,0,0,0,0,1,0,0,0,0,0,0,0,0,0,0,0,0,0,0,0,0,0,0,0,0,1,0,0,0,0,0,0,0,0,0,0,0,0,0,1,0,0,0,0,0,0,0,0,0,0,0,0,0,0,0,0,0,0,0,1,0,0,0,0,0,0,0,0,0,0,0,0,0,0,0,0,0,0,0,0,1,0,0,0,0,0,0,0,0,0,0,0,0,0,0,0,0,0,0,1,0,0,0,0,0,0,0,0,0,0,0,0,0,0,0,0,0,0,0,0,0,0,0,0,0,0,0,0,0,0,0,0,0,0,0,0,0,0,1,1,0,0,0,0,0,0,0,0,0,0,0,0,0,0,0,0,0,0,0,0,0,1,0,0,0,0,0,0,0,0,0,0,0,0,0,0,0,0,0,0,0,0,0,0,0,0,0,0,0,0,1,0,0,0,0,0,0,0,0,0,1,0,0,0,0,0,0,0,0,0,0,0,0,0,0,0,0,0,0,0,0,0,0,0,0,0,0,1,0,0,0,0,0,0,0,0,0,0,0,0,0,0,0,0,0,0,0,0,0,1,0,0,0,0,0,0,0,0,0,0,0,0,0,0,0,0,0,0,0,0,0,0,0,0,0,1,0,0,0,0,0,0,0,0,0,0,0,0,0,1,0,0,0,0,0,0,0,0,0,0,0,0,1,0,0,0,0,0,0,0,0,0,0,0,0,0,0,0,0,0,0,0,0,0,0,0,0,0,0,1,0,0,0,0,0,0,0,0,0,0,0,0,0,0,0,0,0,1,0,0,0,0,0,0,0,0,0,0,0,0,0,0,0,0,0,0,0,0,0,0,0,0,0,0,0,0,0,0,1,0,0,0,0,0,0,0,0,0,0,0,1,0,0,0,0,0,0,0,0,0,0,0,0,0,1,0,0,0,0,0,0,0,0,0,0,0,0,0,0,0,0,0,1,0,0,0,0,0,0,0,0,0,0,0,0,0,0,0,0
7.757,84,1.0,1.1665413372306557e-17,2.660663761779437e-17,1.0167463560829977,-0.7748352371525018,0.1160874498962207,-0.0631165865106149,0.5894027409479003,0.7456770275663674,-0.5533846141074874,0.3105237742125507,0.5692646903019205,0.8360933019836768,0.5395062742939734,2.7437270832778577e-18,0.547433958380455,0.2138107674928001,-0.8786305159333553,0.4095059149541994,0.4956183761288406,-0.1098831740612426,-0.6278309819509378,0.7207550175669641,0.4413463915185497,0.2207953870983582,0.7046424994393531,-0.5977248127410889,0.4302731407507133,0.4690330290010681,0.8317208038388308,-0.2349075376233128,0.4284150317057832,-0.137727041070394,0.7178354185676671,-0.5080397811963018,0.4191596746459173,0.0039530354777123,-0.381254381854531,-0.8119591848040424,0.4181338830251982,0.7124462030639532,-0.3251014746351076,0.5449507260572911,0.4158188242752949,0.0117807864682841,-0.9241188564394444,0.2364508898782094,0.4155272814524015,-0.0129448791990108,-0.2948895865055178,0.8761736611127429,0.4140558854474321,0.7167899542182622,-0.2210074298452837,-0.5978449122731141,0.3940459930857342,-0.2962764448701118,-0.1915710290740467,-0.800883971106642,0.3798451403921305,-0.103179838552704,0.8383445117332946,0.215042646700604,0.378881089675743,-0.8011245198021086,0.1155462851035948,-0.195371067811188,0.3757757007601635,0.1423730042952294,0.9250896921942257,0.0532774787847466,0.3731127842407969,0.8812967724508292,0.4013156465406107,0.1276397915715152,0.3701162230023871,0.7650384261771027,-0.5537857862878012,-0.0341404527039169,0.3695341962586153,-0.5807344920816926,-0.6029589542252403,-0.3604140324085744,0.3603692267129095,0.754940237494638,-0.4192960558882593,-0.3774578072276271,0.3520846469476865,0.2492656472514235,-0.8861692362280633,0.3115415557017145,0.3509351819385068,0.3177398882277589,0.4733235077395202,-0.762246963385957,0.3393741529173085,-0.3795538161191749,-0.6419186216840693,0.5951336540866007,0.3355511704939481,0,0,1,0,0,0,0,0,0,0,0,0,0,0,0,0,0,0,0,0,0,0,0,0,0,0,0,0,0,0,0,1,0,0,0,0,0,0,0,0,0,0,0,0,0,1,0,0,0,0,0,0,0,0,0,0,0,0,0,0,0,0,0,0,0,0,0,0,0,0,0,0,0,0,0,0,1,0,0,0,0,0,1,0,0,0,0,0,0,0,0,0,0,0,0,0,0,0,0,0,0,0,0,1,0,0,0,0,0,0,0,0,0,0,0,0,0,0,0,0,0,1,0,0,0,0,0,0,0,0,0,0,0,0,0,0,0,0,0,0,1,0,0,0,0,0,0,0,0,0,0,0,0,0,0,0,0,0,0,0,0,0,1,0,0,0,0,0,0,0,0,0,0,0,0,0,0,0,0,0,0,0,0,1,0,0,0,0,0,0,0,0,0,0,0,0,0,0,0,0,0,0,1,0,0,0,0,0,0,0,0,0,0,0,0,0,0,0,0,0,1,0,0,0,0,0,0,0,0,0,0,0,0,0,0,0,0,0,0,0,0,1,0,0,0,0,0,0,0,0,0,0,0,0,0,0,0,0,0,0,0,0,0,0,0,0,0,0,0,0,0,1,0,0,0,0,0,0,0,0,0,1,0,0,0,0,0,0,0,0,0,0,0,0,0,0,0,0,0,0,0,0,0,1,0,0,0,0,0,0,0,0,0,0,0,0,0,0,0,0,0,1,0,0,0,0,0,0,0,0,0,0,0,0,0,0,0,0,0,0,0,0,0,0,0,1,0,0,0,0,0,0,0,0,0,0,0,0,0,0,0,0,0,0,0,0,0,0,0,0,0,0,0,0,0,0,0,0,0,1,0,0,0,0,0,0,0,0,0,0,0,0,0,0,0,0,1,0,0,0,0,0,1,0,0,0,0,0,0,0,0,0,0,0,0,0,0,0,0,0,0,0,0,0,0,0,1,0,0,0,0,0,0,0,0,0,0,0,0,0,0,0,1,0,0,0,0,0,0,0,0,0,0,0,0,0,0,0,0,0,0,0,0,0,0,0,0,0,1,0,0,0,0,0,0,0,0,0,0,0,0,0,1,0,0,0,0,0,0,0,0,0,0,0,0,0,0,0,0,0,0,0,0,0,0,0,0,0,0,0,0,0,0,0,0,0,1,0,0,0,0,0,0,0,1,0,0,0,0,0,0,0,0,0,0,0,0,0,0,0,0,0,0,0,0,1,0,0,0,0,0,0,0,0,0,0,0,0,0,0,0,0,0,0,0,0,0,0,0,0,0,0,0,0,0,0,0,0,0,1,1,0,0,0,0,0,0,0,0,0,0,0,0,0,0,0,0,0,0,0,0,1,0,0,0,0,0,0,0,0,0,0,0,0,0,0,0,0,0,0,0,0,0,0,0,0,0,0,1,0,0,0,0,0,0,0,0,0,0,0,0,0,0,0,0,1,0,0,0,0,0,0,0,0,0,0,0,0,0,0,1,0,0,0,0,0,0,0,0,0,0,0,0,0,0,0,0,0,0,0,0,1,0,0,0,0,0,0,0,0,0,0,0,0,0,0,0,0,0,0,0,0,0,1,0,0,0,0,0,0,0,0,0,0,0,0,0,0,0,0,0,1,0,0,0,0,0,0,0,0,0,0,0,0,0,0,0,0,0,0,0,0,0,0,0,0,0,0,0,0,0,0,0,0,0,0,1,0,0,0,0,0,1,0,0,0,0,0,0,0,0,0,0,0,0,0,0,0,0,0,1,0,0,0,0,0,0,0,0,0,0,0,0,0,0,0,0,0,0,0,0,0,0,0,0,0,0,0,0,0,0,0,0,0,0,0,0,0,0,1,0,0,0,0,0,0,1,0,0,0,0,0,0,0,0,0,0,0,0,0,0,0,0,0,1,0,0,0,0,0,0,0,0,0,0,0,0,0,0,0,0,0,0,0,0,0,0,0,0,0,0,1,0,0,0,0,0,0,0,0,0,0,1,0,0,0,0,0,0,0,0,0,0,0,0,0,0,0,0,0,0,0,0,0,0,0,0,0,1,0,0,0,0,0,0,0,0,0,0,0,0,0,0,0,0,0,0,0,0,0,1,0,0,0,0,0,0,0,0,0,1,0,0,0,0,0,0,0,0,0,0,0,0,0,0,0,0,0,0,0,0,0,1,0,0,0,0,0,0,0,0,0,0,0,0,0,0,0,0,0,0,0,0,0,0,0,0,0,0,0,0,1,0,0,0,0,0,0,0,0
7.521,85,1.0,-1.5076396342297553e-18,5.973530525383665e-18,1.017023855552866,0.7718621095330311,-0.6046719195115106,-0.0870542316004077,0.5555154559337776,0.8860253960426254,0.460862150482103,-1.8004337910529278e-17,0.541509726829356,-0.3900125116947406,0.0733264926870454,0.8084369080417139,0.5210387041792313,-0.0053541531778379,0.9233319791401556,-0.0294464273248342,0.5093972466074532,-0.755751997266651,-0.2328836490497495,-0.4065154394671592,0.4881887853732222,0.2652158256552707,-0.9479932282178308,0.0956605545167312,0.4825108648397154,0.0221559954897697,-0.927195907888316,-0.0025208701642198,0.4547484954729366,0.4890431114289925,0.8524857907066853,0.0573108982462183,0.4416909773918415,-0.194058537527535,0.7733553608353587,-0.4166135644323768,0.4269212150587774,-0.8705042813573998,0.0105650996984859,-0.1201058834780067,0.4172526317384015,-0.132542071144316,0.8556014017847847,0.2295292844408616,0.3940459930857342,0.6580439494103787,-0.4934801162700549,-0.5198254483221998,0.3920916339861882,0.1860946728864023,-0.9152625255879856,0.0781690520519416,0.3902579774026114,0.8530943492951988,-0.4570003308596841,0.1348314584451553,0.3876029858746653,0.018569903345891,0.6536196972716081,-0.6419452874327766,0.3715548692160321,-0.7653592981390336,-0.4677029916989482,0.2597702593664371,0.3687281395216829,0.5360198865373658,-0.2970489448506344,-0.766163196795433,0.3673258820527682,-0.763881824503102,0.3997015075871338,-0.1109283275377593,0.3634511204800447,0.9423768287307588,0.3044230708053055,-0.0644103020640419,0.3625234936839087,-0.5484874106501302,0.1448078014445282,0.6960534951906758,0.3554666052011201,0.2947395823208577,-0.1180682268303506,-0.9107260409209068,0.3508062487253357,-0.5468087221525885,0.585004642015734,-0.3606394659454436,0.3356278943014529,0.5159947339977399,0.826663235011375,-0.1598051944695984,0.3329504634090653,-0.8698827393960338,-0.1773359865767874,0.197446024932366,0.3323962915256842,0,0,0,0,1,0,0,0,0,0,0,0,0,0,0,0,0,0,0,0,0,0,0,0,0,0,0,0,0,0,0,1,0,0,0,0,0,0,0,0,0,0,0,0,1,0,0,0,0,0,0,0,0,0,0,0,0,0,0,0,0,0,0,1,0,0,0,0,0,0,0,0,0,0,0,0,0,0,0,0,0,0,1,0,0,0,0,0,0,0,0,0,0,0,0,0,0,0,0,0,1,0,0,0,0,0,0,0,0,0,0,0,0,0,0,0,0,0,0,0,0,0,0,0,0,0,0,0,0,0,0,0,0,0,0,0,0,0,0,1,0,0,0,0,0,0,0,0,0,0,0,0,0,0,0,0,1,0,0,0,0,0,1,0,0,0,0,0,0,0,0,0,0,0,0,0,0,0,0,0,0,0,0,0,0,0,0,0,0,0,0,1,0,0,0,0,0,0,0,0,0,0,0,0,0,0,0,0,0,0,1,0,0,0,0,0,0,0,0,0,0,0,0,0,0,0,0,0,0,0,0,0,0,0,0,0,1,0,0,0,0,0,0,0,1,0,0,0,0,0,0,0,0,0,0,0,0,0,0,0,0,0,0,1,0,0,0,0,0,0,0,0,0,0,0,0,0,0,0,0,0,0,0,0,1,0,0,0,0,0,0,0,0,0,0,0,0,0,0,0,0,0,0,0,0,0,0,0,1,0,0,0,0,0,0,0,0,0,0,0,0,0,1,0,0,0,0,0,0,0,0,0,0,0,0,0,0,0,0,0,0,0,0,1,0,0,0,0,0,0,0,0,0,0,0,0,0,0,0,0,0,1,0,0,0,0,0,0,0,0,0,0,0,0,0,0,0,0,0,0,1,0,0,0,0,0,0,0,0,0,0,0,0,0,0,0,0,0,0,0,0,0,0,0,0,0,0,0,0,0,1,0,0,0,0,0,0,0,0,0,1,0,0,0,0,0,0,0,0,0,0,0,0,0,0,0,0,0,0,0,0,0,1,0,0,0,0,0,0,0,0,0,0,0,0,0,0,0,0,0,0,0,0,0,0,1,0,0,0,0,0,0,0,0,0,0,0,0,0,0,0,0,0,0,1,0,0,0,0,0,0,0,0,0,0,0,0,0,0,0,1,0,0,0,0,0,0,0,0,0,0,0,0,0,0,0,0,0,0,0,0,0,0,0,1,0,0,0,0,0,0,0,0,0,0,0,0,0,0,0,0,0,0,0,0,0,0,0,1,0,0,0,0,0,0,0,0,0,0,0,0,0,0,0,1,0,0,0,0,0,0,0,0,0,0,0,0,0,0,0,0,0,0,0,0,0,1,0,0,0,0,0,0,0,0,0,0,0,0,0,0,1,0,0,0,0,0,0,0,0,0,0,0,0,0,0,0,0,0,0,0,0,0,0,0,0,0,0,0,0,0,0,0,0,0,0,1,0,0,0,0,0,0,0,0,0,0,0,0,0,1,0,0,0,0,0,0,0,0,0,0,0,0,0,0,0,1,0,0,0,0,0,0,0,0,0,0,0,0,0,0,0,0,0,0,0,0,1,0,0,0,0,0,0,0,0,0,0,0,0,0,0,0,0,0,0,0,0,0,0,0,1,0,0,0,0,0,0,0,0,0,1,0,0,0,0,0,0,0,0,0,0,0,0,0,0,0,0,0,0,0,0,0,0,0,0,0,0,0,0,0,1,0,0,0,0,0,0,0,0,0,0,1,0,0,0,0,0,0,0,0,0,0,0,0,0,0,0,0,0,0,0,0,0,0,0,0,0,0,0,0,0,0,0,0,0,1,0,0,0,0,0,0,0,0,0,0,0,0,0,0,0,0,0,0,0,0,0,0,1,1,0,0,0,0,0,0,0,0,0,0,0,0,0,0,0,0,0,0,0,0,0,0,0,0,0,0,1,0,0,0,0,0,0,0,0,0,0,0,0,0,0,0,0,0,1,0,0,0,0,0,0,0,0,0,0,0,0,0,0,0,1,0,0,0,0,0,0,0,0,0,0,0,0,0,0,0,0,0,0,0,0,0,1,0,0,0,0,0,0,0,0,0,0,0,0,0,0,0,0,0,0,1,0,0,0,0,0,0,0,0,0,0,0,0,0,0,0,0,0,0,0,0,0,0,0,1,0,0,0,0,0,0,0,0,0,0,0,0,0,0,0,0,0,0,0,0,0,0,0,1,0,0,0,0,0,0,0,0,0,0,0,0,1,0,0,0,0,0,0,0,0,0,0,0,0,0,0,0,0
8.065,86,1.0,2.1008120730661896e-19,1.6435926861153456e-17,1.01021154570939,0.7099377097953624,-0.6857830356199989,0.0277498066170015,0.5905667311527003,0.8973512514878481,0.4395065015415495,1.971675097203817e-17,0.5530614398159789,0.461852873210677,-0.7589073858240092,-0.2075021565396159,0.4904364655105028,0.5597516897213041,-0.7413821702500665,-0.0659517507185807,0.4617590572626883,0.2171865673248138,0.8382615805813567,-0.2310654048807178,0.4287044879505157,-0.404380117105513,-0.0533064750832521,-0.2505204483952302,0.4226683007108754,0.5465124602397986,0.8197160337069451,-0.0861764084749812,0.4202066308589252,-0.0064360537011343,0.8476073545618398,-0.066491964930584,0.4056398303362895,0.5960702595900929,-0.6082986971697433,0.3649598360957414,0.4017136906071558,0.4192563719929659,-0.4370638989877289,0.6020888525303274,0.3886403287240531,0.9617081934868544,0.2231012649348423,0.0907915113764477,0.3781564111657688,0.1487341976708489,0.6425758060393588,-0.4255271294678591,0.3734430088424355,-0.4602290488050694,0.5266398880438206,0.3796017916208715,0.3531898506329546,0.2796652356629043,0.4936645889824338,-0.4591070835445151,0.3475167871659302,0.5268307456835306,0.7813539486920462,-0.2136228328827058,0.3392708027205956,-0.5869092949490687,0.2208806901244559,-0.2906571014672074,0.3290235062056496,0.4255954344655928,0.8506817660777847,0.1423786070530537,0.3283431438280051,0.2686209313554705,0.8294306961297404,0.2237632563934497,0.3071373145683725,-0.1363090760871637,0.5140730722146468,-0.4420553285276662,0.3008283903026105,-0.4178003180110705,0.5013624767097511,-0.3984210496897371,0.2881645094902106,0.6118853595556668,-0.6414494998225561,0.2635046743691544,0.2872397979695195,-0.8766166750692882,-0.0739993602251644,0.0637762637405048,0.2614745429695874,-0.8540815343490842,0.1467849414246349,-0.1280221215644814,0.2434101672149765,-0.1995622940379171,0.3496529498789507,-0.3852333383061318,0.2387009754947399,0,0,0,0,0,0,0,1,0,0,0,0,0,0,0,0,0,0,0,0,0,0,0,0,0,0,0,0,0,0,0,1,0,0,0,0,0,0,0,0,0,0,0,0,0,0,0,1,0,0,0,0,0,0,0,0,0,0,0,0,0,0,0,1,0,0,0,0,0,0,0,0,0,0,0,0,0,0,0,0,0,0,0,0,1,0,0,0,0,0,0,0,0,0,0,0,0,0,0,0,1,0,0,0,0,0,0,0,0,0,0,0,0,0,0,0,0,0,0,0,0,0,0,0,0,0,0,1,0,0,0,0,0,0,0,0,0,0,0,0,0,0,0,0,0,0,1,0,0,0,0,0,0,0,0,0,0,0,0,0,0,0,0,0,0,0,0,1,0,0,0,0,0,0,0,0,0,0,0,0,0,0,0,0,0,0,1,0,0,0,0,0,0,0,0,0,0,0,0,0,0,0,0,0,1,0,0,0,0,0,0,0,0,0,0,0,0,0,0,0,0,0,0,0,0,0,0,0,0,0,0,1,0,0,0,0,0,0,0,0,0,1,0,0,0,0,0,0,0,0,0,0,0,0,0,0,0,0,0,0,0,0,0,0,0,0,0,0,0,0,0,0,0,0,0,0,1,0,0,0,0,0,0,0,1,0,0,0,0,0,0,0,0,0,0,0,0,0,0,0,0,0,0,1,0,0,0,0,0,0,0,0,0,0,0,0,0,0,0,0,0,0,0,0,1,0,0,0,0,0,0,0,0,0,0,0,0,0,0,0,0,0,0,0,0,1,0,0,0,0,0,0,0,0,0,0,0,0,0,0,0,0,0,0,0,0,0,1,0,0,0,0,0,0,0,0,0,0,0,0,1,0,0,0,0,0,0,0,0,0,0,0,0,0,0,0,0,0,0,0,0,0,0,0,0,0,0,1,0,0,0,0,0,0,0,0,0,0,0,0,0,0,0,0,0,0,0,0,0,0,0,0,0,0,0,0,1,0,0,0,0,0,0,0,1,0,0,0,0,0,0,0,0,0,0,0,0,0,0,0,0,0,0,0,0,0,0,0,0,0,0,0,0,0,0,0,1,0,0,0,0,0,1,0,0,0,0,0,0,0,0,0,0,0,0,0,0,0,0,0,1,0,0,0,0,0,0,0,0,0,0,0,0,0,0,0,0,0,0,0,0,0,0,0,0,0,0,0,0,0,1,0,0,0,0,0,0,0,0,0,0,0,0,0,0,0,0,0,0,0,0,0,0,0,0,0,1,0,0,0,0,0,1,0,0,0,0,0,0,0,0,0,0,0,0,0,0,0,0,0,0,0,0,0,0,0,0,0,0,0,0,0,0,0,0,0,1,0,0,0,0,0,0,0,1,0,0,0,0,0,0,0,0,0,0,0,0,0,0,0,0,0,0,0,0,0,1,0,0,0,0,0,0,0,0,0,0,0,0,0,0,1,0,0,0,0,0,0,0,0,0,0,0,0,0,0,0,0,0,0,1,0,0,0,0,0,0,0,0,0,0,0,0,0,0,0,0,0,0,0,0,0,0,0,1,0,0,0,0,0,0,0,0,0,0,0,0,0,0,0,0,0,0,1,0,0,0,0,0,0,0,0,0,0,0,0,0,0,0,0,0,0,0,0,1,0,0,0,0,0,0,0,0,0,0,0,0,0,0,0,0,0,0,0,0,0,0,0,1,0,0,0,0,0,0,0,0,0,0,0,0,0,1,0,0,0,0,0,0,0,0,0,0,0,0,0,0,0,0,0,0,0,0,1,0,0,0,0,0,0,0,0,0,0,0,0,0,0,0,0,0,0,1,0,0,0,0,0,0,0,0,0,0,0,0,0,0,0,0,0,0,0,0,0,0,0,0,0,0,0,0,1,0,0,0,0,0,0,0,0,0,0,1,0,0,0,0,0,0,0,0,0,0,0,0,0,0,0,0,0,0,0,0,0,0,0,0,0,0,0,0,1,0,0,0,0,0,0,0,0,0,1,0,0,0,0,0,0,0,0,0,0,0,0,0,0,0,0,0,0,0,0,0,0,0,0,1,0,0,0,0,0,0,0,0,0,0,0,0,0,0,1,0,0,0,0,0,0,0,0,0,0,0,0,0,0,0,0,0,0,0,0,0,1,0,0,0,0,0,0,0,0,0,0,0,0,0,0,0,0,0,0,1,0,0,0,0,0,0,0,0,0,0,0,0,0,0,0,0,0,0,0,0,0,0,0,1,0,0,0,0,0,0,0,0,0,0,0,0,0
8.62,87,1.0,-3.014056058651275e-17,-5.12396497208022e-18,1.0086964827635243,0.8385637266311313,0.5440097207804419,2.7459248018677478e-17,0.5613074524200925,0.8332173916440189,-0.5507424043074073,0.0023022258498906,0.5232803431461366,0.3670467833141301,0.9229263315804253,0.1006087240875921,0.4636184153612356,0.0861027326530093,0.909621087914296,0.220482608950238,0.4628579317933086,0.2606859241780696,-0.3059823673595871,-0.9002317374145242,0.4572880959158986,0.4069144617792385,-0.8715034153105765,0.259625850845893,0.4465558577549143,0.1022931484276416,-0.9636208232195425,0.1149909998231408,0.4355974107891903,0.1659226005810895,0.8856541082836783,0.3017172049410919,0.4326222399991364,0.2373921927360703,-0.3811852697087768,0.856939361866158,0.3949297737977432,0.9059183825006862,-0.3424676365235607,0.234301750373736,0.3883355446806781,0.2829802333747634,-0.6584092891574334,0.6887424766795669,0.3830052482450952,0.7162252802197034,-0.5367464285497417,-0.4400443027223921,0.377855168268276,0.5450750471249339,-0.3824145798204302,-0.7381722408474725,0.3705081406374091,0.9172375131547909,0.3899043337239962,-0.0669568084351986,0.3676600515584962,0.2554446469569934,-0.931871701861881,0.1725978962280087,0.3655098801652043,0.346055050341351,0.9270468140644088,-0.1373107980908175,0.3151277246537342,0.1753110163907105,0.7694174477584825,-0.4916774440618276,0.3096831591937234,0.1909964705421564,-0.6716215294015992,0.6885929324239672,0.2846094955363664,0.2616715646398179,0.8785925018822912,-0.3604780119192674,0.2788641598894884,0.7154347249532848,-0.585078273727461,-0.3654166967880514,0.2765599187767734,0.3832290438228646,0.9080546885679364,-0.0084717358430656,0.2670868249603996,0.4706012679835893,-0.3053813501740541,-0.8199613327629589,0.2609519659389371,0.3629117838629586,0.1658364446293039,-0.9058114283750186,0.2442341265906777,0.0486131985382654,-0.3931911308157629,-0.8956032233261126,0.2395008427265431,0,0,1,0,0,0,0,0,0,0,0,0,0,0,0,0,0,0,0,0,0,0,0,0,0,0,0,0,0,0,0,1,0,0,0,0,0,0,0,0,0,0,0,0,0,0,0,1,0,0,0,0,0,0,0,0,0,0,0,0,1,0,0,0,0,0,0,0,0,0,0,0,0,0,0,0,0,0,0,0,0,0,1,0,0,0,0,0,0,0,0,0,0,0,0,0,0,0,0,0,0,0,0,1,0,0,0,0,0,0,0,0,0,0,0,0,0,0,0,0,0,0,0,0,0,0,0,1,0,0,0,0,0,0,0,0,0,0,0,0,0,0,0,1,0,0,0,0,0,0,0,0,0,0,0,0,0,0,0,0,0,0,0,0,0,0,0,1,0,0,0,0,0,0,0,0,0,0,0,0,0,0,0,0,0,0,1,0,0,0,0,0,0,0,0,0,0,0,0,0,0,0,0,0,0,0,0,0,0,0,0,0,0,0,0,1,0,0,0,0,0,0,0,0,0,1,0,0,0,0,0,0,0,0,0,0,0,0,0,0,0,0,1,0,0,0,0,0,0,0,0,0,0,0,0,0,0,0,0,0,0,0,0,1,0,0,0,0,0,0,0,0,0,0,0,0,0,0,0,0,0,0,1,0,0,0,0,0,0,0,0,0,0,0,0,0,0,0,0,0,0,0,0,0,0,0,0,0,1,0,0,0,0,0,0,0,0,0,0,0,0,0,0,0,0,0,0,1,0,0,0,0,0,0,0,0,0,0,0,0,0,0,0,0,0,0,1,0,0,0,0,0,0,0,0,0,0,0,0,0,0,0,1,0,0,0,0,0,0,0,0,0,0,0,0,0,0,0,0,0,0,0,0,0,0,0,0,0,0,0,0,0,0,0,0,0,1,0,0,0,0,0,1,0,0,0,0,0,0,0,0,0,0,0,0,0,0,0,0,0,0,0,0,0,0,0,1,0,0,0,0,0,0,0,0,0,0,0,0,0,0,0,1,0,0,0,0,0,0,0,0,0,0,0,0,0,0,0,0,0,1,0,0,0,0,0,0,0,0,0,0,0,0,0,0,0,0,0,0,0,0,0,1,0,0,0,0,0,0,0,0,0,0,0,0,0,0,0,0,0,1,0,0,0,0,0,0,0,0,0,0,0,0,0,0,0,0,0,0,0,0,0,0,0,0,0,0,0,0,0,0,0,0,0,0,1,0,0,0,0,0,0,0,0,0,0,0,0,0,0,0,1,0,0,0,0,0,0,0,0,0,0,0,0,0,0,0,1,0,0,0,0,0,0,0,0,0,0,0,0,0,0,0,0,0,0,0,0,0,0,0,0,0,0,0,0,1,0,0,0,0,0,1,0,0,0,0,0,0,0,0,0,0,0,0,0,0,0,0,0,0,0,0,0,0,0,0,0,1,0,0,0,0,0,0,0,0,0,0,0,0,0,0,0,0,0,0,1,0,0,0,0,0,0,0,0,0,0,0,0,0,0,0,0,0,0,0,0,0,0,0,1,0,0,0,0,0,0,0,0,0,0,0,0,1,0,0,0,0,0,0,0,0,0,0,0,0,0,0,0,0,0,0,0,0,0,0,0,0,0,0,0,0,0,0,0,1,0,0,0,0,0,1,0,0,0,0,0,0,0,0,0,0,0,0,0,0,0,0,0,0,0,0,0,0,0,0,0,0,0,0,1,0,0,0,0,0,0,0,0,0,0,0,0,1,0,0,0,0,0,0,0,0,0,0,0,0,0,0,0,1,0,0,0,0,0,0,0,0,0,0,0,0,0,0,0,0,0,0,0,0,0,1,0,0,0,0,0,0,0,0,0,0,0,0,0,0,0,0,0,0,0,0,0,0,0,0,0,0,0,0,0,0,0,0,0,1,0,0,0,0,0,0,0,0,0,0,1,0,0,0,0,0,0,0,0,0,0,0,0,0,0,0,0,0,1,0,0,0,0,0,0,0,0,0,0,0,0,0,0,0,0,0,0,0,0,0,0,0,0,0,0,0,0,0,1,0,0,0,0,0,0,0,1,0,0,0,0,0,0,0,0,0,0,0,0,0,0,0,0,0,0,0,0,0,0,0,0,0,0,0,0,0,0,0,1,0,0,0,0,0,0,0,0,0,0,0,0,0,0,0,0,0,0,0,0,1,0,0,0,0,0,0,0,0,0,0,0,0,0,0,0,0,0,0,1,0,0,0,0,0,0,0,0,0,0,0,0,1,0,0,0,0,0,0,0,0,0,0,0
7.756,88,1.0,9.531840790018966e-18,-9.868874933094117e-19,1.0071901484031494,0.861237911861015,0.5065914890135226,7.146596643320979e-18,0.5666292667750298,0.7702136170887817,-0.6118774659934955,0.1467468707641304,0.5548139754693483,0.0643660385044433,0.8136124663847395,-0.5517349502835194,0.464986526218102,0.3398392261910098,-0.7364546153027043,0.5490012019864832,0.4633353475724363,0.0365142921360951,-0.6814096726485928,0.6165705509347726,0.4599263323829663,-0.3476718922043987,0.8291221814482052,-0.3864912119861646,0.4572880959158986,0.1188427496964439,-0.6008507508507369,0.6760149519149953,0.4418281322982135,0.4668283474263222,0.8511826038076323,-0.2095738164352302,0.4367044586581417,0.5429266251092005,-0.7652946097829844,-0.2914755335511131,0.4147096392798322,0.1712924375138503,-0.8356005690831783,-0.4747779590991391,0.4132408017701197,0.8671679933446115,-0.411978527490963,0.2530713292153031,0.3879227589951132,0.9236214539230924,0.3392379732622104,0.1539341582264243,0.378904477288601,0.0867115602809917,0.5524225966375219,-0.8024166511979167,0.3659668255821222,0.0986651539420454,0.892117074912283,0.3491223302162317,0.3511795522231405,0.2539036011409347,0.9410994955722012,0.1446127531628035,0.3460258588918076,0.2509210288350075,0.8652878251442315,0.3247062488790917,0.3168284912548652,0.3571153438800269,0.3980367857998427,-0.8184672181993413,0.3166000555650433,0.5294629971050008,0.769481761792219,-0.3286180468105902,0.3158177335110569,0.351521965983501,-0.7992269537994658,0.4561452122665502,0.3038838139900114,0.6558121702804653,-0.6555498814447998,-0.3131453782317178,0.3017208728449018,0.1942312693101317,-0.8375309490776356,0.4472520426103651,0.2664331388755585,-0.2464371221699349,0.4108489226216376,-0.8537223718350223,0.2654795339052752,-0.4238491141838437,-0.205570293078114,-0.8413088299349691,0.257050820472877,0.840123435601249,-0.4558017668131317,-0.2242003885350821,0.2551915055576638,0,0,0,0,0,0,0,0,0,0,0,0,0,0,0,1,0,0,0,0,0,0,0,0,0,0,0,0,0,0,0,1,0,0,0,0,0,0,0,0,0,0,1,0,0,0,0,0,0,0,0,0,0,0,0,0,0,0,0,0,1,0,0,0,0,0,0,0,0,0,0,0,0,0,0,0,0,0,0,0,0,0,0,0,0,0,0,0,0,0,0,0,0,0,0,1,0,0,0,0,0,0,0,1,0,0,0,0,0,0,0,0,0,0,0,0,0,0,0,0,0,0,1,0,0,0,0,0,0,0,0,0,0,0,0,0,0,0,0,0,0,0,0,0,0,0,0,0,0,0,0,1,0,0,0,0,0,0,0,0,0,0,0,0,0,0,0,0,0,0,0,0,0,0,0,1,0,0,0,0,0,0,0,1,0,0,0,0,0,0,0,0,0,0,0,0,0,0,0,0,0,0,0,0,0,0,0,0,0,0,0,0,0,0,0,1,0,0,0,0,0,0,0,0,0,0,0,0,1,0,0,0,0,0,0,0,0,0,0,0,0,0,1,0,0,0,0,0,0,0,0,0,0,0,0,0,0,0,0,0,0,0,0,0,0,1,0,0,0,0,0,0,0,0,0,0,0,0,0,0,0,0,0,0,0,0,0,0,0,0,0,0,0,0,0,1,0,0,0,0,0,0,0,0,0,0,0,0,1,0,0,0,0,0,0,0,0,0,0,0,0,0,1,0,0,0,0,0,0,0,0,0,0,0,0,0,0,0,0,0,0,0,0,1,0,0,0,0,0,0,0,0,0,0,0,0,0,0,0,0,0,0,0,0,0,0,0,0,0,0,0,0,0,0,0,1,0,0,0,0,1,0,0,0,0,0,0,0,0,0,0,0,0,0,0,0,0,0,0,0,0,0,0,0,0,0,0,0,0,0,0,0,0,0,0,1,0,0,0,0,0,0,0,0,0,0,0,0,0,0,0,0,0,0,0,0,1,0,0,0,0,0,0,0,0,0,0,0,0,0,0,0,0,0,0,1,0,0,0,0,0,0,0,0,0,0,1,0,0,0,0,0,0,0,0,0,0,0,0,0,0,0,1,0,0,0,0,0,0,0,0,0,0,0,0,0,0,0,0,0,0,0,0,0,0,0,0,0,0,0,0,0,0,0,0,0,1,0,0,0,0,0,0,0,0,0,0,1,0,0,0,0,0,0,0,0,0,0,0,0,1,0,0,0,0,0,0,0,0,0,0,0,0,0,0,0,0,0,0,0,0,0,1,0,0,0,0,0,0,0,0,0,0,0,0,0,0,0,0,0,0,0,0,0,0,0,0,0,1,0,0,0,0,0,0,0,0,0,0,0,0,0,1,0,0,0,0,0,0,0,0,0,0,0,0,0,0,0,0,0,0,0,0,1,0,0,0,0,0,0,0,0,0,0,0,0,0,0,0,0,0,0,1,0,0,0,0,0,0,0,0,0,0,0,0,0,0,0,0,0,0,0,0,0,0,0,0,0,1,0,0,0,0,0,0,0,0,0,0,0,0,0,0,0,0,0,0,1,0,0,0,0,0,0,0,0,0,0,0,0,0,0,0,0,0,0,0,0,0,0,0,0,0,0,0,0,1,0,0,0,0,0,1,0,0,0,0,0,0,0,0,0,0,0,0,0,0,0,0,0,0,0,0,0,0,0,1,0,0,0,0,0,0,0,0,0,0,0,0,0,0,0,0,0,0,0,0,0,0,0,0,0,0,0,0,1,0,0,0,0,0,0,0,0,0,0,0,0,0,0,0,0,0,0,0,0,0,1,0,0,0,0,0,0,0,0,0,0,0,0,0,0,0,0,0,0,0,0,0,1,0,0,0,0,0,0,0,0,0,0,0,1,0,0,0,0,0,0,0,0,0,0,0,0,0,0,0,0,0,0,0,0,0,0,0,1,0,0,0,0,0,0,0,0,0,0,0,0,0,1,0,0,0,0,0,0,0,0,0,0,0,0,0,0,0,0,0,1,0,0,0,0,0,0,0,0,0,0,0,0,0,0,0,1,0,0,0,0,0,0,0,0,0,0,0,0,0,0,0,0,0,0,0,0,1,0,0,0,0,0,0,0,0,0,0,0,0,0,0,0,0,0,0,0,0,0,0,0,0,0,0,0,0,0,0,0,1,0,0,0,0,0,0,0,0,0,0,0,0,0,0,0,0,0,0,0,0,0,0,1,0,0,0,0,0,1,0,0,0,0,0,0,0,0,0,0,0,0,0,0
9.0,89,1.0,-1.9353934457724728e-17,-3.1721593956966213e-18,1.014305370734767,0.8466276586836965,0.5293843492934249,2.4333334429943254e-18,0.585351980185348,-0.642023526338495,-0.1835278396278702,-0.5717978272814804,0.5797725797583716,0.803728497568686,-0.5227372378286268,0.2082883053076432,0.5387193694784431,-0.0141948047692641,0.8596381798516843,-0.3642440745935723,0.522941601209744,0.3788412659043268,0.8895720980559318,-0.1715786703789282,0.4781367365288326,0.1815608965678833,-0.5513463210190106,0.6261616339402041,0.4449223987612121,0.3983282034124719,-0.655533327990892,0.5994176002887082,0.4444410370634856,0.2919987702911586,-0.8190653229333063,-0.4118828549612036,0.4095139583153278,0.6146806794502023,-0.7216923801477076,-0.1976054052664547,0.4031967492416697,0.9065392343435642,-0.2580761826433969,0.2307302530292666,0.3859150025533056,0.8967078327784274,0.4043246765758509,0.1261155439152431,0.3803954946640022,-0.6918957713432005,-0.2119961635545005,-0.552679667472313,0.3670494781064607,0.2066453780647927,-0.7547929348151171,0.5149527359083915,0.3611562130496669,0.2209493035722684,0.9330025586123204,0.1709126686356737,0.3577469813107709,-0.5981362505306509,0.5057638448854007,-0.4312988679860282,0.3498247656461953,0.3032055618724885,-0.491659141911352,0.7681507522922506,0.3227726664173796,0.4266857394618977,0.7882742907557357,-0.4100215959056918,0.3208050069922108,0.4372338681606139,0.5543630523019709,-0.667556184772669,0.3147839135835389,-0.1104182804388755,0.9070426883621724,0.2710883743460003,0.2951121290923206,-0.3907804380207759,0.813052743219989,0.1770727620628706,0.2899035523555848,-0.2443234439929614,-0.7051144278048186,-0.542860620691668,0.2777576506858042,-0.081048701894952,-0.6639193384614552,0.547692380507476,0.2513331289820295,-0.0397702060610051,-0.7855367374657856,0.392495903512367,0.1959247821038444,0.0991519820258844,-0.2910885613051142,0.8988791802238291,0.1956670157976003,0,0,0,0,0,0,0,0,0,0,0,0,0,0,0,0,0,0,0,1,0,0,0,0,0,0,0,0,0,0,0,1,0,0,0,0,0,0,0,0,0,0,0,0,0,0,0,0,0,0,0,0,0,0,0,1,0,0,0,0,1,0,0,0,0,0,0,0,0,0,0,0,0,0,0,0,0,0,0,0,0,0,0,0,0,0,0,0,0,0,1,0,0,0,0,0,0,0,0,0,0,0,0,0,0,0,0,0,0,0,0,0,0,0,0,0,1,0,0,0,0,0,0,0,0,0,0,0,0,0,0,0,0,0,0,0,0,0,0,1,0,0,0,1,0,0,0,0,0,0,0,0,0,0,0,0,0,0,0,0,0,0,0,0,0,0,0,0,0,0,0,0,0,0,0,1,0,0,0,0,0,0,0,0,0,0,1,0,0,0,0,0,0,0,0,0,0,0,0,0,0,0,0,0,0,0,0,0,0,0,0,0,0,0,0,1,0,0,0,0,0,0,0,1,0,0,0,0,0,0,0,0,0,0,0,0,0,0,0,0,0,0,0,0,0,0,0,0,0,0,0,0,0,0,0,0,0,0,0,1,0,0,0,0,0,0,0,0,1,0,0,0,0,0,0,0,0,0,0,0,0,0,0,0,0,0,0,0,0,0,0,0,0,0,0,0,0,0,0,1,0,0,0,1,0,0,0,0,0,0,0,0,0,0,0,0,0,0,0,0,0,0,0,0,0,0,0,0,0,0,0,0,0,0,0,0,0,0,0,1,0,0,0,0,0,0,0,0,0,0,0,0,0,0,0,0,1,0,0,0,0,0,0,0,0,0,0,0,0,0,0,0,0,0,0,0,0,0,0,1,1,0,0,0,0,0,0,0,0,0,0,0,0,0,0,0,0,0,0,0,0,0,0,0,0,0,0,0,0,0,0,0,0,0,0,0,0,0,0,1,0,0,0,0,0,0,1,0,0,0,0,0,0,0,0,0,0,0,0,0,0,0,0,0,0,0,0,0,0,0,0,0,0,0,0,1,0,0,0,0,0,0,0,0,0,0,0,0,0,0,0,0,0,0,0,0,1,0,0,0,0,0,0,0,0,0,0,0,0,0,1,0,0,0,0,0,0,0,0,0,1,0,0,0,0,0,0,0,0,0,0,0,0,0,0,0,0,0,0,0,0,0,0,0,0,0,0,0,0,0,0,0,0,0,0,0,0,0,0,1,0,0,0,1,0,0,0,0,0,0,0,0,0,0,0,0,0,0,0,0,0,0,0,0,0,0,0,0,0,0,0,0,0,0,0,1,0,0,0,0,0,0,0,0,0,0,0,0,0,0,0,1,0,0,0,0,0,0,0,0,0,0,0,0,0,0,0,0,0,1,0,0,0,0,0,0,0,0,0,0,0,0,0,0,0,0,1,0,0,0,0,0,0,0,0,0,0,0,0,0,0,0,0,0,0,0,0,0,0,0,0,0,0,0,0,0,0,0,0,1,0,0,0,1,0,0,0,0,0,0,0,0,0,0,0,0,0,0,0,0,0,0,0,0,0,0,0,0,0,0,0,0,0,0,0,1,0,0,0,0,0,0,0,1,0,0,0,0,0,0,0,0,0,0,0,0,0,0,0,0,0,0,0,0,0,0,0,0,0,0,0,0,0,0,0,1,0,0,0,0,0,0,0,0,0,0,0,0,0,0,0,0,0,0,0,0,0,1,0,0,0,0,1,0,0,0,0,0,0,0,0,0,0,0,0,0,0,0,0,0,1,0,0,0,0,0,0,0,0,0,0,0,0,0,0,0,0,0,0,0,0,0,1,0,0,0,0,0,0,0,0,0,0,0,0,0,0,0,0,0,0,0,0,0,0,0,0,0,0,0,0,0,0,0,0,0,1,0,0,0,0,0,0,0,0,0,0,0,0,0,1,0,0,0,0,0,0,0,0,0,0,0,0,0,0,1,0,0,0,0,0,0,0,0,0,0,0,0,0,0,0,0,0,0,0,0,0,0,0,0,0,0,0,0,0,0,0,0,0,1,0,0,0,0,0,0,0,0,1,0,0,0,0,0,0,0,0,0,0,0,0,0,0,0,0,0,0,0,0,0,0,0,0,0,0,0,0,0,0,1,0,0,0,0,0,0,0,0,1,0,0,0,0,0,0,0,0,0,0,0,0,0,0,0,0,0,0,0,0,0,0,0,0,0,0,0,0,0,0,1,0,0,0,0,0,0,0,0,1,0,0,0,0,0,0,0,0,0,0,0
8.521,90,1.0,-8.995115528346469e-18,2.325614258090673e-17,1.0096873170401288,0.883665892814624,0.4673440811194093,1.893018746362997e-17,0.5647153550403805,0.7818698723082437,-0.6081218304520271,0.0935302144361415,0.5488680210177057,0.0211266616860159,0.9682399607398108,-0.0526690009161793,0.5478195292270164,0.4518649655416666,0.8783398228775262,-0.1130868739930943,0.4611405008050716,0.0925167744375881,-0.8243945165743245,-0.5259281797976052,0.4500273231354262,0.4342836383471057,-0.7059490527923616,0.5393722752985657,0.4403978418885271,0.4844690697578785,-0.7976852895685888,-0.3285761147796734,0.4282413450479784,0.2590473894165642,-0.7108148755381818,0.5117305151362097,0.3949315239599577,0.1778447813740842,-0.6572731280132982,0.6736541157613324,0.3836897875041505,0.8913901886169118,-0.4123985129869094,0.0523350180844944,0.3814095230500262,0.3947807672178746,-0.5895588396048098,0.6036508534492331,0.3722716808011861,0.0230053281496379,-0.5284701783779566,0.6725578043123888,0.3709811112309516,0.9466985700639802,0.3070474625184807,0.0670164687089462,0.3698444056618943,-0.5510111747188906,-0.6584877514926368,-0.4158548437559833,0.3392661601300447,0.1071788414798082,-0.6157033129095955,0.6076617017286999,0.3383153268923333,0.4080676333147105,0.7705877140595707,-0.4733454282822273,0.3364972064962878,0.4166524041843262,0.8866395587518152,0.1717470317363894,0.3228706695751577,0.555853671596405,-0.7414611099328066,-0.335178957126244,0.2975574170004568,-0.1176117356337164,0.9074897348041864,0.3438740920172425,0.2817330456955822,-0.5469985858566413,-0.6925433261800532,-0.4114119957699302,0.2750652022430239,-0.8100808358378343,-0.4594826557480971,-0.1375831952609106,0.2292878311258438,-0.7339417820722115,-0.6185490859631618,-0.2335049497205601,0.2092136814809006,-0.7526886910757956,-0.6247168925685124,-0.0240613690389455,0.1980786747582531,0.3826789026634125,0.5517813694580438,-0.6558959431810691,0.1883076782913844,0,1,0,0,0,0,0,0,0,0,0,0,0,0,0,0,0,0,0,0,0,0,0,0,0,0,0,0,0,0,0,1,0,0,0,0,0,0,0,0,0,0,0,0,0,0,0,0,0,0,0,0,0,0,0,0,0,0,0,1,1,0,0,0,0,0,0,0,0,0,0,0,0,0,0,0,0,0,0,0,0,1,0,0,0,0,0,0,0,0,0,0,0,0,0,0,0,0,0,0,0,0,0,1,0,0,0,0,0,0,0,0,0,0,0,0,0,0,0,0,0,0,0,0,0,0,0,0,0,0,0,0,0,0,0,0,0,0,0,1,0,0,0,0,0,0,1,0,0,0,0,0,0,0,0,0,0,0,0,0,0,0,0,0,0,0,0,0,0,0,0,0,0,0,0,0,0,0,0,1,0,0,0,1,0,0,0,0,0,0,0,0,0,0,0,0,0,0,0,0,0,1,0,0,0,0,0,0,0,0,0,0,0,0,0,0,0,0,0,0,0,0,0,0,0,0,0,0,0,0,0,0,0,0,0,0,1,0,0,0,0,1,0,0,0,0,0,0,0,0,0,0,0,0,0,0,0,0,0,0,0,0,0,1,0,0,0,0,0,0,0,0,0,0,0,0,0,0,0,0,0,1,0,0,0,0,0,0,0,0,0,0,0,0,0,0,0,0,0,0,1,0,0,0,0,0,0,0,0,0,0,0,0,0,0,0,0,0,0,0,0,1,0,0,0,0,0,0,0,0,0,0,0,0,0,0,0,0,0,0,0,0,0,0,0,0,0,0,1,0,0,0,0,0,0,0,0,0,0,0,0,1,0,0,0,0,0,0,0,0,0,0,0,0,0,0,0,0,0,0,0,0,0,1,0,0,0,0,0,0,0,0,0,0,0,0,0,0,0,0,0,1,0,0,0,0,0,0,0,0,0,0,0,0,0,0,0,0,0,0,0,0,0,0,0,0,1,0,0,0,0,0,0,0,0,0,0,0,0,0,0,1,0,0,0,0,0,0,0,0,0,0,0,0,0,0,0,0,0,0,0,0,0,0,0,0,0,0,1,0,0,0,0,0,0,0,0,0,0,0,0,1,0,0,0,0,0,0,0,0,0,0,0,0,0,0,0,0,0,0,0,0,0,0,0,0,0,0,1,0,0,0,0,0,0,0,0,0,0,0,0,0,0,0,0,0,0,0,0,0,0,0,0,0,0,0,0,0,0,1,0,0,0,0,0,0,0,0,0,0,0,0,0,0,0,0,1,0,0,0,0,0,0,0,0,0,0,1,0,0,0,0,0,0,0,0,0,0,0,0,0,0,0,0,0,1,0,0,0,0,0,0,0,0,0,0,0,0,0,0,0,1,0,0,0,0,0,0,0,0,0,0,0,0,0,0,0,0,0,0,0,0,0,0,0,0,0,0,1,0,0,0,0,0,0,0,0,0,0,0,0,0,0,0,0,0,0,0,0,0,0,0,0,0,0,0,0,0,0,1,0,0,0,1,0,0,0,0,0,0,0,0,0,0,0,0,0,0,0,0,0,0,0,0,0,0,0,0,0,0,0,0,0,0,0,0,0,0,0,1,0,0,0,0,0,0,0,0,0,0,0,1,0,0,0,0,0,0,0,0,0,0,0,0,0,0,0,0,0,0,0,0,1,0,0,0,0,0,0,0,0,0,0,0,0,0,0,0,0,0,0,1,0,0,0,0,0,0,0,0,0,0,0,0,0,0,0,0,0,0,0,0,0,0,0,1,0,0,0,0,0,0,0,0,0,0,0,0,0,0,0,0,0,0,0,0,1,0,0,0,0,0,0,0,0,0,0,1,0,0,0,0,0,0,0,0,0,0,0,0,0,0,0,0,0,0,0,0,0,0,0,1,0,0,0,0,0,0,0,0,0,0,0,0,0,0,0,1,0,0,0,0,0,0,0,0,0,0,0,0,0,0,0,0,0,0,1,0,0,0,0,0,0,0,0,0,0,0,0,0,0,0,0,0,0,0,0,1,0,0,0,0,0,0,0,0,0,0,0,0,0,0,0,1,0,0,0,0,0,0,0,0,0,0,0,0,0,0,0,0,0,0,0,0,0,0,0,1,0,0,0,0,0,0,0,0,0,0,0,0,0,0,0,0,0,0,1,0,0,0,0,0,0,0,0,0,0,0,0,0,0,0,0,0,0,0,0,0,0,0,0,0,0,0,0,0,0,0,0,1,0,0,0,1,0,0,0,0,0,0,0,0,0,0,0,0,0,0,0,0
9.391,91,1.0,6.567803657667775e-18,-7.480498825164733e-18,1.010793668450244,0.805889342215606,0.5881237962346981,6.367883630733794e-18,0.5947599159210759,0.7681471773607267,-0.5017139798847837,0.0016129953956948,0.5561151194091847,-0.3893897041825546,-0.1556663999016075,-0.0526697145724879,0.5545882888173237,0.135017382216341,0.7121024282395927,0.0576169579691859,0.5214283993020224,0.0828463574848112,-0.8736335675671215,-0.357728300018074,0.467492264814467,0.3971556197573641,0.8371548002172583,0.0024372063675988,0.45845522815726,0.4197804796919431,-0.7798910650607056,-0.2932778313941419,0.4461840718307642,0.5252254780300983,-0.5684174705768466,0.3904575510042959,0.4233467000278755,0.8073137904539822,-0.2218317200996596,-0.170856902892185,0.4203167663793823,0.2636877090327399,-0.4909513370268506,0.5460490892347882,0.4038020315077454,0.8243884383852509,0.4951744127016534,0.0086718080374785,0.3932091430214418,-0.3398421572840999,-0.6120314293879703,-0.3286375537488332,0.3837114739378344,0.3781305970449233,-0.5571447460450536,0.4195982998999426,0.3808039093443393,0.1514422287275728,-0.484203522818323,0.5642305860984834,0.366434076024977,-0.5052286217548423,-0.207038542324329,-0.0515595821283921,0.3608423878703936,0.2652678414018355,0.8007260268608837,-0.2297552468522534,0.3532063205018746,0.070577759908527,-0.5059211085512884,0.5465233436479618,0.345626478059015,-0.3163362910874033,0.4470282616116841,0.0680951042926466,0.3352799033057555,0.3648015252271926,0.8654408156195827,0.1636431413053635,0.319063248646257,0.4944054440047962,-0.4960467625960784,0.4917580694790446,0.2666483291658881,-0.5198814131405217,-0.7276963788269358,0.041155688664456,0.2572761966784926,0.0643734075166617,0.7087068329651799,-0.1043679453703451,0.2218094850640189,-0.0049097815940404,0.714664358168536,-0.1208847582601667,0.2206792034548919,-0.5328281738203718,-0.4767348337247868,0.1559968039369371,0.2043489358994437,0,0,0,0,0,0,0,0,0,0,0,0,1,0,0,0,0,0,0,0,0,0,0,0,0,0,0,0,0,0,0,1,0,0,0,0,0,0,0,0,0,1,0,0,0,0,0,0,0,0,0,0,0,0,0,0,0,0,0,0,1,0,0,0,0,0,0,0,0,0,0,0,0,0,0,0,0,0,0,0,0,0,0,0,0,0,0,0,0,0,0,0,1,0,0,0,0,0,0,0,0,0,0,1,0,0,0,0,0,0,0,0,0,0,0,0,0,0,0,0,0,0,0,0,0,0,0,0,0,0,0,0,0,0,0,0,0,0,0,1,0,0,0,0,0,0,0,0,0,0,0,0,0,0,0,0,1,0,0,0,0,1,0,0,0,0,0,0,0,0,0,0,0,0,0,0,0,0,0,0,0,0,0,0,0,0,1,0,0,0,0,0,0,0,0,0,0,0,0,0,0,0,0,0,0,0,0,0,0,0,0,0,1,0,0,0,0,0,0,0,0,0,0,0,0,0,0,0,0,0,0,0,0,0,0,0,1,0,0,0,0,1,0,0,0,0,0,0,0,0,0,0,0,0,0,0,0,0,0,0,0,0,0,1,0,0,0,0,0,0,0,0,0,0,0,0,0,0,0,0,0,0,0,0,0,0,0,0,0,0,0,0,1,0,0,0,0,0,0,0,1,0,0,0,0,0,0,0,0,0,0,0,0,0,0,0,0,0,0,0,0,0,0,0,0,0,0,0,0,0,0,0,1,0,0,0,0,0,0,0,0,0,0,1,0,0,0,0,0,0,0,0,0,0,0,0,0,0,0,0,0,0,0,0,0,0,0,0,0,0,0,0,1,0,0,0,0,0,0,0,0,0,0,0,0,0,1,0,0,0,0,0,0,0,0,0,0,0,0,0,0,0,0,0,0,0,0,0,0,0,0,0,1,0,0,0,0,0,0,0,0,0,0,1,0,0,0,0,0,0,0,0,0,0,0,0,0,0,0,0,0,1,0,0,0,0,0,0,0,0,0,0,0,0,0,0,0,0,0,0,0,0,0,0,0,0,0,0,0,0,0,0,0,0,0,0,1,0,0,0,0,0,0,0,0,0,0,0,0,0,0,0,0,0,0,0,0,0,0,1,0,0,0,0,0,1,0,0,0,0,0,0,0,0,0,0,0,0,0,0,0,0,0,0,0,0,0,0,0,0,0,0,1,0,0,0,0,0,0,0,0,0,0,0,0,0,0,0,1,0,0,0,0,0,0,0,0,0,0,0,0,0,0,0,0,0,0,0,0,0,0,0,1,0,0,0,0,0,0,0,0,0,0,0,0,0,0,0,1,0,0,0,0,0,0,0,0,0,0,0,0,0,0,0,0,0,0,0,0,0,0,0,0,0,0,0,0,0,0,1,1,0,0,0,0,0,0,0,0,0,0,0,0,0,0,0,0,0,0,0,0,1,0,0,0,0,0,0,0,0,0,0,0,0,0,0,0,0,0,0,0,0,0,1,0,0,0,0,0,0,0,0,0,0,0,0,0,0,0,0,0,0,0,0,0,0,0,0,0,0,0,0,1,0,0,0,0,0,0,0,0,0,0,0,0,0,0,0,1,0,0,0,0,0,0,0,0,0,0,0,0,0,0,0,0,0,1,0,0,0,0,0,0,0,0,0,0,0,0,0,0,0,0,0,0,0,1,0,0,0,0,0,0,0,0,0,0,0,0,0,0,1,0,0,0,0,0,0,0,0,0,0,0,0,0,0,0,0,0,0,0,0,0,0,0,0,0,0,0,0,0,1,0,0,0,0,0,0,0,0,0,0,0,0,0,0,0,0,0,0,0,0,1,0,0,0,0,0,0,0,0,0,0,0,0,0,0,0,1,0,0,0,0,0,0,0,0,0,0,0,0,0,0,0,0,0,0,0,0,0,0,0,0,0,0,0,0,0,0,1,0,0,0,0,0,0,0,0,1,0,0,0,0,0,0,0,0,0,0,0,0,1,0,0,0,0,0,0,0,0,0,0,0,0,0,0,0,0,0,0,0,0,0,0,0,0,0,0,1,0,0,0,0,0,0,0,0,0,0,0,0,1,0,0,0,0,0,0,0,0,0,0,0,0,0,0,0,0,0,0,0,0,0,0,0,0,0,0,1,0,0,0,0,0,0,0,0,0,0,0,0,0,0,0,0,0,0,0,0,0,0,0,0,0,0,0,0,0,0,1,0,0,0,1,0,0,0,0,0,0,0,0,0,0,0,0,0,0,0,0
8.439,92,1.0,-8.874593774755269e-18,-1.1649166921415333e-17,1.009186964360837,0.7759413309845543,0.6289827694771708,8.51516246025448e-18,0.5904941150153837,0.0376334109768799,0.8034863105598268,-0.5538639995506932,0.5455955690558448,0.7910313304841854,-0.47398471188378,0.3773955973152465,0.5442860437825552,0.2725561769658059,-0.8201060107230574,0.499740703744151,0.4803923971193029,0.016558570339354,-0.8456306384226464,0.3574847717623164,0.4743819038431429,-0.0568578431262441,-0.1591786839045628,-0.9660137777353616,0.4665655696655347,0.034934364344511,-0.8035120939202474,0.470486282401639,0.4634048723134237,0.4198978860415068,0.8050367790197009,-0.4132365788920431,0.4424585297886864,0.7100268723111312,-0.1847511566827918,0.6665518991704673,0.4362170951477243,0.7332869643814941,0.5895965405184297,0.3208402369393942,0.4062642268442351,0.8434479052760994,-0.519606703841053,0.0332292228617004,0.3555735469958282,-0.3201277382340636,-0.2695610086960244,-0.8857922139418483,0.3515973367371541,0.1748111227899336,-0.6901356289393754,-0.6697292665022843,0.3377410296893423,-0.347527983793332,0.437482529993686,-0.8041428941103691,0.3345017209144,0.7162866847212435,-0.6314629604261872,-0.2547103027152207,0.3270349163940667,0.2323558585560816,0.9507003662806824,-0.1785864639209597,0.3251818912389276,0.2289596759975336,-0.7683556803221435,0.5754969107926938,0.3140140738025639,0.568120278279236,0.585460410761298,-0.5735378710895951,0.3132817948185251,-0.5665027078340484,-0.6948309802238879,-0.3980130438716459,0.2565030025039053,-0.6384281202235763,-0.683916932486222,-0.2020501999949593,0.2463152944017133,-0.7043822272471295,-0.5867816277460973,-0.2796844402728139,0.2456983985945484,-0.3306880824327805,-0.6075972171605866,-0.6935159933901232,0.2433271852637369,0.6442024723440877,0.3228617186207333,-0.684648669590446,0.2246090297415253,-0.0528135488793017,-0.7341754904291035,-0.6445895644423533,0.2016003725455919,0,0,0,0,0,0,0,0,0,0,1,0,0,0,0,0,0,0,0,0,0,0,0,0,0,0,0,0,0,0,0,1,0,0,0,0,0,0,0,0,0,0,0,0,0,0,0,0,0,0,0,0,1,0,0,0,0,0,0,0,1,0,0,0,0,0,0,0,0,0,0,0,0,0,0,0,0,0,0,0,0,0,0,0,0,0,0,0,0,0,0,0,1,0,0,0,0,0,0,0,0,0,0,0,0,0,1,0,0,0,0,0,0,0,0,0,0,0,0,0,0,0,0,0,0,0,0,0,0,0,1,0,0,0,0,0,0,0,0,0,0,0,0,1,0,0,0,0,0,0,0,0,0,0,0,0,0,0,0,0,0,0,0,0,0,0,0,0,0,0,1,0,0,0,0,0,0,0,0,0,0,0,0,1,0,0,0,0,0,0,0,0,0,0,0,0,0,0,0,0,0,0,0,0,0,0,0,0,0,0,1,0,0,0,0,0,0,0,0,0,0,0,0,0,0,0,0,0,1,0,0,0,0,0,0,0,0,0,0,0,0,0,0,0,0,0,0,0,0,0,0,1,0,0,0,0,0,0,0,0,0,0,0,0,0,0,0,0,0,0,0,0,0,0,0,0,1,0,0,0,0,0,0,0,0,0,0,0,0,0,1,0,0,0,0,0,0,0,0,0,0,0,0,0,0,0,0,0,1,0,0,0,0,0,0,0,0,0,0,0,0,0,0,0,0,0,0,0,0,0,0,0,1,0,0,0,0,0,0,0,0,0,0,1,0,0,0,0,0,0,0,0,0,0,0,0,0,0,0,0,0,0,0,0,0,0,0,0,0,0,1,0,0,0,0,0,0,0,0,0,0,0,0,0,0,0,1,0,0,0,0,0,0,0,0,0,0,0,0,0,0,0,0,0,0,0,0,0,0,0,0,0,1,0,0,0,0,0,0,0,0,0,0,0,0,0,0,0,0,0,0,0,0,0,0,0,1,0,0,0,0,0,0,0,0,0,0,0,0,0,1,0,0,0,0,0,0,0,0,0,1,0,0,0,0,0,0,0,0,0,0,0,0,0,0,0,0,0,0,0,0,0,0,0,0,0,0,0,0,0,0,1,0,0,0,0,0,0,0,0,1,0,0,0,0,0,0,0,0,0,0,0,0,0,0,0,0,0,0,0,0,0,0,0,0,0,0,0,0,0,0,1,0,0,0,0,0,0,0,0,0,0,0,0,0,1,0,0,0,0,0,0,0,0,0,0,0,0,0,0,0,0,0,0,0,0,0,0,0,1,0,0,0,0,0,0,0,0,0,0,0,0,0,0,0,0,1,0,0,0,0,0,0,0,0,0,0,0,0,0,0,0,0,0,0,0,0,0,0,0,1,0,0,0,0,0,0,0,0,0,0,0,0,0,0,0,0,0,0,0,0,0,0,0,0,0,1,0,0,0,0,0,0,0,0,0,0,0,0,0,0,0,1,0,0,0,0,0,0,0,0,0,0,0,0,0,0,0,0,0,0,1,0,0,0,0,0,0,0,0,0,0,0,0,0,0,0,0,0,0,1,0,0,0,0,0,0,0,0,0,0,0,0,1,0,0,0,0,0,0,0,0,0,0,0,0,0,0,0,0,0,0,0,0,0,0,0,0,0,0,0,0,1,0,0,0,0,0,0,0,0,0,0,1,0,0,0,0,0,0,0,0,0,0,0,0,0,0,0,0,0,0,0,0,0,0,0,0,0,0,0,1,0,0,0,0,0,0,0,0,0,0,0,1,0,0,0,0,0,0,0,0,0,0,0,0,0,0,0,0,0,0,0,0,0,0,0,0,0,0,0,1,0,0,0,0,0,0,0,0,0,0,0,0,0,0,0,0,1,0,0,0,0,0,0,0,0,0,0,0,0,0,0,0,0,0,0,0,0,0,0,1,0,0,0,0,0,0,0,0,0,0,0,0,0,0,0,0,1,0,0,0,0,0,0,0,0,0,0,0,0,0,0,0,0,0,0,0,0,0,0,1,0,0,0,0,0,0,0,0,0,0,0,1,0,0,0,0,0,0,0,0,0,0,0,0,0,0,0,0,0,0,0,0,0,0,0,0,0,0,0,0,1,0,0,0,0,0,0,0,0,0,0,0,0,0,0,0,1,0,0,0,0,0,0,0,0,0,0,0,0,0,0,0,0,0,0,0,0,0,0,1,0,0,0,0,0,0,0,0,0,0,0,0,0,0,0,0,0,0,0,1,0,0,0,0,0,0,0,0
9.023,93,1.0,-1.6056497496903386e-17,3.0585532926038425e-17,1.0152070450491628,-0.5481934762428622,-0.3854850041193373,-0.4253013713391474,0.5827682292921758,0.7882494378313802,0.6122598017847569,1.2713134834465533e-17,0.5731792313651023,0.8237268898990164,-0.4683462494533776,0.1833970659060161,0.5289549648016892,-0.07940433704428,0.8366207083458737,-0.21707746010728,0.5147889269775051,0.3097111969180021,0.9066702336403236,-0.110614030214501,0.4717686251459259,0.4547039731603758,-0.6273009306829761,0.5526377696925393,0.4327443384721607,0.0983491930513141,-0.6560629317595625,0.6148968393055882,0.4267445967873166,0.3818620405047613,-0.770671706814342,-0.4269718998841488,0.4066893096428827,0.6496004774335857,-0.6822742148326102,-0.1941072625891904,0.3966192942240794,-0.2349405031778086,-0.4820795437822387,0.6134136160135282,0.3907931533819212,-0.6733584482815572,0.3941648709483118,-0.1306159598049119,0.3899240110849923,0.8973755559381024,-0.1881049898041015,0.1589493485012811,0.3865199213470743,0.8427900418305194,0.505255019989832,0.0653735184457727,0.3743303804225586,-0.6087158313392145,-0.3189208897823032,-0.4529750161462179,0.3689859323428832,-0.1143696224440695,-0.6825455535829004,-0.570033302856836,0.3536818679580305,0.1927223645685856,0.9264680313650552,0.1894213515507332,0.3444925277572451,-0.0862614664043327,-0.6767062006057644,0.5599126718983756,0.3399056444455354,0.0585430041570407,-0.5777708689411339,0.5803662163191238,0.3319753867639241,0.3113447483857198,0.8330773027096768,-0.3642371663061419,0.3266877543220289,0.4300822047861905,0.4182439435577186,-0.6807400710551961,0.3201825980396555,-0.4872964091887239,0.7843675470444796,0.2731128172417045,0.297568055520077,0.1889996434693288,-0.7780538443887556,0.5254554633663134,0.24036621782808,-0.2276439067929235,0.9244023221090626,0.2829019502454821,0.2393425421389751,0.38007858021392,-0.2302757259635056,0.8432288233170634,0.2222457341101016,0,0,0,0,0,0,0,0,0,0,0,0,0,0,0,0,0,0,0,1,0,0,0,0,0,0,0,0,0,0,0,1,0,0,0,0,0,0,0,0,0,0,0,0,0,0,1,0,0,0,0,0,0,0,0,0,0,0,0,0,0,0,0,0,0,0,0,0,0,0,0,0,0,0,0,0,1,0,0,0,0,0,0,0,0,0,0,0,0,0,1,0,0,0,0,0,0,0,0,0,1,0,0,0,0,0,0,0,0,0,0,0,0,0,0,0,0,0,0,0,0,0,0,0,0,0,0,0,0,0,0,0,0,0,0,0,0,0,0,1,0,0,0,1,0,0,0,0,0,0,0,0,0,0,0,0,0,0,0,0,0,0,0,0,0,0,0,0,0,0,1,0,0,0,0,0,0,0,0,0,0,0,0,0,0,0,1,0,0,0,0,0,0,0,0,0,0,0,0,0,0,0,0,0,0,0,0,0,0,0,1,0,0,0,0,0,0,0,0,0,0,0,0,1,0,0,0,0,0,0,0,0,0,0,0,0,0,0,0,0,0,0,0,0,0,0,0,0,0,0,0,0,0,0,0,0,0,0,0,1,0,0,0,1,0,0,0,0,0,0,0,0,0,0,0,0,0,0,0,0,0,0,0,0,0,0,0,0,0,0,0,0,0,0,0,0,0,0,0,1,0,0,0,1,0,0,0,0,0,0,0,0,0,0,0,0,0,0,0,0,0,0,0,0,0,0,0,0,0,0,0,0,0,0,0,0,0,0,0,1,0,0,0,0,0,0,0,0,0,0,0,0,0,0,0,0,1,0,0,0,0,0,0,0,0,0,0,0,0,0,0,0,0,0,0,0,0,0,0,1,1,0,0,0,0,0,0,0,0,0,0,0,0,0,0,0,0,0,0,0,0,0,0,0,0,0,0,0,0,0,0,0,0,0,0,0,0,0,0,1,0,0,0,0,0,0,0,0,1,0,0,0,0,0,0,0,0,0,0,0,0,0,0,0,0,0,1,0,0,0,0,0,0,0,0,0,0,0,0,0,0,0,0,0,0,0,1,0,0,0,0,0,0,0,0,0,0,0,0,0,0,0,0,0,0,0,0,0,0,0,0,0,0,0,0,0,0,0,0,1,0,0,0,0,0,0,1,0,0,0,0,0,0,0,0,0,0,0,0,0,0,0,0,0,0,0,0,0,0,0,1,0,0,0,0,0,0,0,0,0,0,0,0,0,0,0,0,0,0,0,0,0,0,0,0,0,1,0,0,0,0,0,0,0,0,0,1,0,0,0,0,0,0,0,0,0,0,0,0,0,1,0,0,0,0,0,0,0,0,0,0,0,0,0,0,0,0,0,0,0,0,0,0,0,0,0,1,0,0,0,0,0,0,0,0,0,0,0,0,0,0,0,0,0,0,1,0,0,0,0,0,0,0,0,0,0,0,0,0,0,0,0,0,0,0,0,0,0,0,0,1,0,0,0,0,0,0,0,0,0,0,0,0,0,0,0,0,0,0,0,0,1,0,0,0,0,0,0,0,0,0,0,0,0,0,0,0,0,0,0,0,0,0,0,0,0,0,0,0,1,0,0,0,0,0,0,0,0,1,0,0,0,0,0,0,0,0,0,0,0,0,0,0,0,0,0,0,0,0,0,0,0,0,0,0,0,0,0,0,1,0,0,0,0,0,0,0,0,1,0,0,0,0,0,0,0,0,0,0,0,0,0,0,0,0,0,0,0,0,0,1,0,0,0,0,0,0,0,0,0,0,0,0,1,0,0,0,0,0,0,0,0,0,0,0,0,0,0,0,0,0,0,0,0,0,0,0,0,0,0,1,0,0,0,0,0,0,0,0,0,0,0,0,0,0,0,0,0,1,0,0,0,0,0,0,0,0,0,0,0,0,0,0,0,0,0,0,0,0,0,0,0,1,0,0,0,0,0,0,0,0,0,0,0,0,0,0,0,0,0,0,0,0,0,0,0,1,0,0,0,0,0,0,0,0,0,0,0,0,0,0,0,0,0,0,0,0,0,0,1,0,0,0,0,0,0,0,0,1,0,0,0,0,0,0,0,0,0,0,0,0,0,0,0,0,0,0,0,0,0,0,0,1,0,0,0,0,0,0,0,1,0,0,0,0,0,0,0,0,0,0,0,0,0,0,0,0,0,0,0,0,0,0,0,0,0,0,0,0,0,0,0,0,0,0,0,0,0,0,1,0,0,0,1,0,0,0,0,0,0,0,0,0,0,0,0,0,0,0,0
8.856,94,1.0,2.8412467047752228e-18,2.090232029410939e-17,1.0172313932549404,-0.524676571912377,0.2636946687180809,0.515462880731382,0.599439152829064,0.7405228257755009,-0.6003638525344133,-0.1663712411462393,0.5716837634544524,0.8733532529065291,0.4794717913080648,5.5987781940069095e-18,0.5472869475822916,-0.2027407981113231,-0.7353273966569654,-0.6160407655535989,0.5272033296294661,0.2697088184068129,-0.7588389047130889,-0.5432447285469092,0.4799131987700482,0.2881846027464484,0.7633166114692046,0.4593379948054465,0.4741386898918735,0.4993394375887603,0.8233747124053918,0.1593658770731863,0.4329790928048261,0.5380401143370268,-0.7248738236556951,0.2762523906994837,0.4191741957833662,-0.7585428072042666,-0.4497676576383817,-0.3560129742820709,0.4097479686758828,0.8244228450297755,-0.3608635511073666,-0.3284370362249154,0.4032907477650345,-0.7164017657509276,0.0992944506962034,0.4101576101841285,0.3983505607456621,0.4584020423088343,-0.6660325699747419,0.3835447760504892,0.3810844174209217,-0.8601737187338632,-0.2480686595598852,-0.1979177786653797,0.3712171778109778,0.9209940356344188,0.3293085221351607,-0.0988224753141669,0.3685626516886003,0.2275155429584983,0.8939343183617983,-0.1796146419164978,0.3659026747399055,-0.0207231558624175,0.8203368926735233,-0.3534545114562721,0.3566787907488936,-0.8473134574125891,-0.2322180928463956,0.171020846961777,0.3451512088085168,0.3436740108160696,-0.7158789893022595,0.4156542469576335,0.3111514945794743,0.3997750564652853,-0.7022118046399738,0.4393468322280515,0.3014446038355896,-0.3230954236448503,0.6152667401664204,0.5111922855319679,0.2991753433235051,-0.7392900821473997,-0.5115056074241984,0.2565289360789238,0.2905034920764603,0.2862302700016149,-0.6988233077425906,-0.6090023975907689,0.2875713410727004,0.1375568279556785,0.0653110922701422,0.8530083396758195,0.2856640448497386,-0.5162274851810716,-0.7223083234179128,0.2730494374270057,0.282109236317677,1,0,0,0,0,0,0,0,0,0,0,0,0,0,0,0,0,0,0,0,0,0,0,0,0,0,0,0,0,0,0,1,0,0,0,0,0,0,0,0,0,0,0,0,0,0,0,0,1,0,0,0,0,0,0,0,0,0,0,0,0,0,0,0,0,0,0,0,0,0,0,0,0,0,0,0,1,0,0,0,1,0,0,0,0,0,0,0,0,0,0,0,0,0,0,0,0,0,0,0,0,0,0,1,0,0,0,0,0,0,0,0,0,0,0,0,0,0,0,0,0,0,0,0,0,0,0,0,0,0,0,0,0,0,0,0,0,0,0,1,1,0,0,0,0,0,0,0,0,0,0,0,0,0,0,0,0,0,0,0,1,0,0,0,0,0,0,0,0,0,0,0,0,0,0,0,0,0,0,0,0,0,0,0,0,0,0,0,0,0,0,0,0,0,0,0,1,0,0,0,1,0,0,0,0,0,0,0,0,0,0,0,0,0,0,0,0,0,0,0,1,0,0,0,0,0,0,0,0,0,0,0,0,0,0,0,0,0,0,0,0,0,0,0,0,0,0,0,0,0,0,0,0,0,0,0,0,0,0,1,0,0,0,0,0,0,1,0,0,0,0,0,0,0,0,0,0,0,0,0,0,0,0,0,0,0,0,0,0,0,0,0,0,0,0,0,0,0,0,1,0,0,0,1,0,0,0,0,0,0,0,0,0,0,0,0,0,0,0,0,1,0,0,0,0,0,0,0,0,0,0,0,0,0,0,0,0,0,0,0,0,0,0,1,0,0,0,0,0,0,0,0,0,0,0,0,0,0,0,0,0,0,0,0,0,0,0,0,1,0,0,0,0,0,0,0,0,0,0,0,0,0,0,0,0,1,0,0,0,0,0,0,0,0,0,0,0,0,0,0,1,0,0,0,0,0,0,0,0,0,0,0,0,0,0,0,0,0,0,0,0,0,0,0,0,0,1,0,0,0,0,0,0,0,0,0,0,0,0,0,0,0,0,0,0,0,0,0,1,0,0,0,0,0,0,0,0,0,0,0,1,0,0,0,0,0,0,0,0,0,0,0,0,0,0,0,0,0,0,0,1,0,0,0,0,0,0,0,0,0,0,0,0,0,0,0,0,0,0,0,0,0,0,0,0,0,0,0,1,0,0,0,0,0,0,0,0,0,0,0,0,0,0,0,0,0,0,0,1,0,0,0,0,0,0,0,0,0,0,0,0,0,0,0,0,0,0,0,0,0,0,1,0,0,0,0,0,0,0,0,0,0,0,0,0,0,0,0,0,0,0,0,0,0,0,0,0,0,0,1,0,0,0,0,0,0,0,0,0,0,0,0,0,0,0,0,1,0,0,0,0,0,0,0,0,0,0,0,0,0,0,0,0,0,0,0,0,0,0,1,0,0,0,1,0,0,0,0,0,0,0,0,0,0,0,0,0,0,0,0,0,0,0,0,0,0,0,0,0,0,0,0,0,0,0,0,0,0,0,1,0,0,0,0,0,0,0,0,1,0,0,0,0,0,0,0,0,0,0,0,0,0,0,0,0,0,0,0,1,0,0,0,0,0,0,0,0,0,0,0,0,0,0,1,0,0,0,0,0,0,0,0,0,0,0,0,0,0,0,0,1,0,0,0,0,0,0,0,0,0,0,0,0,0,0,0,0,0,0,0,0,0,0,0,0,0,0,0,1,0,0,0,0,0,0,0,0,0,0,0,1,0,0,0,0,0,0,0,0,0,0,0,0,0,0,0,0,0,0,0,0,0,0,0,0,0,0,0,1,0,0,0,0,0,0,0,0,0,0,0,0,0,0,0,0,0,0,0,0,1,0,0,0,0,0,0,0,0,0,0,0,0,0,0,0,0,1,0,0,0,0,0,0,0,0,0,0,0,0,0,0,0,0,0,0,0,0,0,1,0,0,0,0,0,0,0,0,0,0,0,0,0,0,1,0,0,0,0,0,0,0,0,0,0,0,0,0,0,0,0,0,1,0,0,0,0,0,0,0,0,0,0,0,0,0,0,0,0,0,0,0,0,0,0,0,0,0,0,0,0,0,1,0,0,0,0,0,0,0,0,0,0,0,0,0,0,0,0,0,0,1,0,0,0,0,0,0,0,0,0,0,0,0,0,0,0,0,0,1,0,0,0,0,0,0,0,0,0,0,0,0,0,0,0,0,0,0,0,1,0,0,0,0,0,0,0,0,0,0,0,0,0,0,0,0,0,0,0,1,0,0,0,0,0,0,0,0,0,0,0
8.725,95,1.0,1.4098895960794914e-17,-7.045227034076821e-18,1.0134755317259692,0.8272196820568493,0.5592388806101456,-1.593355448651194e-17,0.5694495055027091,0.7820829720567011,-0.5245884368696843,-0.2992729236933187,0.5493870524271334,-0.3996089101596437,-0.0911689017224129,0.7706555002204486,0.540868721451636,-0.18083189361303,-0.7650769843200995,-0.543661019174957,0.5246942394786146,0.3025119569476587,0.663554799193023,0.6573134358837681,0.476146600858659,0.2880615095145851,-0.7215530075760046,-0.5926000057110465,0.4757256648976633,0.4075349206670599,0.8569856240933273,0.2799137533845321,0.4531956200124766,0.0141878007101425,0.970635211805856,-0.0333570467354898,0.4031822720239309,0.8268957268042657,-0.2803708715583965,-0.4436506477655495,0.3923722968866469,0.6955415588200641,-0.668780536991956,0.0950997109118076,0.3846656407528869,0.8620968154854497,0.4512988909141427,-0.1896223324677836,0.3789842148267092,-0.1070595480321971,0.887976909818971,-0.1027410444977923,0.3749972403146834,-0.5028635072881518,-0.1446065127675743,0.7457190070443456,0.3595075413007949,-0.1426303823305054,0.9000175139396909,-0.127785980541101,0.3458084537014043,-0.5704240665903948,-0.7499074350620445,0.1704489753282557,0.3453241999847573,-0.077058453260573,0.970138276467116,-0.0883012911379454,0.3359411271027639,0.5005889828626301,-0.7689832616576351,0.1856463011256164,0.3245729948498184,0.2990019175632527,-0.6681354918279575,-0.6421397132985187,0.3209919519503832,-0.7279348789872675,-0.5499276951538674,0.2879315876640438,0.2855599417874579,-0.7736844541309946,0.2369328145949165,-0.4226350543583954,0.2662261271433057,0.6974624839838756,-0.5217758633428196,0.3945790826702685,0.2603207298352744,-0.6282221463019513,0.269440839859911,-0.5731705536455484,0.25412741973128,-0.7334715275239759,0.1485206131460181,-0.4057167193439936,0.2540720629109093,-0.1797563675181531,-0.0051179289409784,-0.9227766212262244,0.2519082856609772,0,1,0,0,0,0,0,0,0,0,0,0,0,0,0,0,0,0,0,0,0,0,0,0,0,0,0,0,0,0,0,1,0,0,0,0,0,0,0,0,1,0,0,0,0,0,0,0,0,0,0,0,0,0,0,0,0,0,0,0,1,0,0,0,0,0,0,0,0,0,0,0,0,0,0,0,0,0,0,0,0,1,0,0,0,0,0,0,0,0,0,0,0,0,0,0,0,0,0,0,0,0,0,1,0,0,0,0,0,0,0,0,0,0,0,0,0,0,0,0,0,0,0,0,0,0,0,0,1,0,0,0,0,0,0,0,0,0,0,0,0,0,0,0,0,0,0,0,0,0,0,0,0,0,0,0,1,0,0,0,0,1,0,0,0,0,0,0,0,0,0,0,0,0,0,0,0,0,0,0,0,0,0,0,0,0,0,0,0,0,0,0,0,0,0,0,1,0,0,0,1,0,0,0,0,0,0,0,0,0,0,0,0,0,0,0,0,0,0,0,0,0,0,0,0,0,1,0,0,0,0,0,0,0,0,0,0,0,0,0,0,1,0,0,0,0,0,0,0,0,0,0,0,0,0,0,0,0,0,0,1,0,0,0,0,0,0,0,0,0,0,0,0,0,0,0,0,0,0,0,1,0,0,0,0,0,0,0,0,0,0,0,0,0,0,0,0,0,0,0,0,0,0,1,0,0,0,0,0,0,0,0,0,0,0,0,0,0,0,0,1,0,0,0,0,0,0,0,0,0,0,0,0,0,0,0,0,0,0,0,0,0,0,1,0,0,0,0,0,0,0,0,0,0,0,0,0,0,0,0,0,1,0,0,0,0,0,0,0,0,0,0,0,0,0,0,0,0,0,0,0,0,0,0,0,0,1,0,0,0,0,0,0,0,0,0,0,0,0,0,0,1,0,0,0,0,0,0,0,0,0,0,0,0,0,0,0,0,0,0,0,0,0,1,0,0,0,0,0,0,0,0,0,0,0,0,0,0,0,0,1,0,0,0,0,0,0,0,0,0,0,0,0,0,0,0,0,0,0,0,0,0,0,0,0,0,0,0,0,0,0,0,0,0,0,0,1,0,0,0,1,0,0,0,0,0,0,0,0,0,0,0,0,0,0,0,0,0,0,0,0,0,0,0,0,0,0,0,1,0,0,0,0,0,0,0,0,0,0,0,0,0,0,0,0,0,0,0,1,0,0,0,0,0,0,0,0,0,0,0,1,0,0,0,0,0,0,0,0,0,0,0,0,0,0,0,0,0,0,0,1,0,0,0,0,0,0,0,0,0,0,0,0,0,0,0,0,0,0,0,0,0,0,0,0,0,0,0,1,0,0,0,0,0,0,0,0,0,0,0,0,0,0,0,0,0,0,0,1,0,0,0,0,0,0,0,0,0,0,0,0,0,0,0,0,1,0,0,0,0,0,0,0,0,0,0,0,0,0,0,1,0,0,0,0,0,0,0,0,0,0,0,0,0,0,0,0,0,0,0,0,0,0,0,0,0,0,0,1,0,0,0,0,0,0,0,0,0,0,0,0,1,0,0,0,0,0,0,0,0,0,0,0,0,0,0,0,0,0,0,0,0,0,0,0,0,0,0,1,0,0,0,0,0,0,0,0,0,0,0,0,0,0,1,0,0,0,0,0,0,0,0,0,0,0,0,0,0,0,0,0,0,0,0,0,0,0,0,0,0,0,1,0,0,0,0,0,0,0,0,0,0,0,0,0,0,0,0,1,0,0,0,0,0,0,0,0,0,0,0,0,0,0,0,0,0,0,0,0,0,0,1,0,0,0,0,0,0,0,0,0,0,0,0,0,0,0,0,0,0,0,0,0,0,0,0,0,1,0,0,0,0,0,1,0,0,0,0,0,0,0,0,0,0,0,0,0,0,0,0,0,1,0,0,0,0,0,0,0,0,0,0,0,0,0,0,0,0,0,0,0,0,0,1,0,0,0,0,0,0,0,0,0,0,0,0,0,0,0,0,0,0,0,0,0,0,0,0,0,0,0,0,0,0,0,0,0,1,0,0,0,0,0,0,0,0,0,0,1,0,0,0,0,0,0,0,0,0,0,0,0,0,0,0,0,0,0,0,0,0,0,0,0,0,0,0,0,1,0,0,0,0,0,0,0,0,0,0,1,0,0,0,0,0,0,0,0,0,0,0,0,0,0,0,0,0,0,0,0,0,0,0,0,0,0,0,0,1,0,0,0,0,0,0,0,0,0,1,0,0,0,0,0,0,0,0,0,0,0,0
8.976,96,1.0,-1.4790978458873738e-17,7.805585220469856e-18,1.00887361600149,0.8675312326771237,0.4945934248273675,-8.016922829585872e-18,0.5601005502687092,0.7701280556551812,-0.6240130340744411,-0.0658450285259734,0.5549317457838538,0.1139956914828439,0.8973334560723017,0.395713748102988,0.5083556564251024,0.3035242953140356,-0.8859334396140957,-0.0684637958146607,0.4742315637752196,0.430414587790261,0.891040646471809,0.0691064012302228,0.4543612722612856,0.707235280736964,-0.5840102778642278,0.2407792585507383,0.4410618660585923,0.0292785983084922,0.7835685057295212,-0.5614194482703903,0.4240870948232987,0.1651350810212555,-0.8206327264804806,-0.1255892250608057,0.4086782318096304,0.0966281617762303,-0.8999989827605536,-0.1991878121173148,0.4059716428347483,0.0979100771800823,-0.7877049492174468,0.1786541808276565,0.3939037531457412,0.1732222099807731,0.9017759407957836,-0.3600068578353083,0.3873451952835703,0.7434328150668531,-0.4964668443193002,-0.3451312011519848,0.3734956387206833,0.9395961802252296,0.3275163034689261,-0.0629749323721366,0.3689488315518704,0.200663606782368,-0.634185872194176,0.3352639868362271,0.3675876359794829,0.1806263486241162,0.7909472035112542,-0.5000355082804344,0.3625480926461038,0.6412836659955128,-0.2970583144288739,-0.5871196920821197,0.3527159088442585,0.5040345802654654,0.8343953675513818,0.1765369280023966,0.2987772838483203,0.0224684016829851,0.9010579718380995,-0.3004081580562463,0.2861109880362445,0.7327063450814065,-0.5446792714282801,-0.2366468184100663,0.2766810249228478,-0.2409584373366387,-0.7923016748008791,0.2805978939251407,0.2616904725491459,0.6944765780039357,0.6979498816322208,0.1255292303101489,0.2426101786430235,-0.0574839314150047,0.0992941450339518,0.9060750649260368,0.241949189580913,0.691205322270041,0.1027975660216276,0.6688295503540637,0.2172654879439235,0.2684055244339076,-0.170516888461699,0.9033781930082218,0.1716087890961693,0,0,0,1,0,0,0,0,0,0,0,0,0,0,0,0,0,0,0,0,0,0,0,0,0,0,0,0,0,0,0,1,0,0,0,0,0,0,0,0,0,1,0,0,0,0,0,0,0,0,0,0,0,0,0,0,0,0,0,0,1,0,0,0,0,0,0,0,0,0,0,0,0,0,0,0,0,0,0,0,0,0,0,1,0,0,0,0,0,0,0,0,0,0,0,0,0,0,0,0,0,0,0,1,0,0,0,0,0,0,0,0,0,0,0,0,0,0,0,0,0,1,0,0,0,0,0,0,0,0,0,0,0,0,0,0,0,0,0,0,0,0,0,0,0,0,1,0,0,0,0,0,0,0,0,0,0,0,0,0,0,0,0,1,0,0,0,0,0,0,0,0,0,0,0,0,0,0,0,0,0,0,0,1,0,0,0,0,0,0,0,0,0,0,0,0,0,0,0,0,0,1,0,0,0,0,0,0,0,0,0,0,0,0,0,0,0,0,0,0,0,0,0,1,0,0,0,0,0,0,0,0,0,0,0,0,0,0,0,0,0,0,0,1,0,0,0,0,0,0,0,0,0,0,0,0,0,0,0,0,0,0,0,0,0,0,1,0,0,0,0,0,0,0,0,0,0,0,0,0,0,1,0,0,0,0,0,0,0,0,0,0,0,0,0,0,0,0,0,0,0,0,0,0,0,0,0,0,1,0,0,0,0,0,0,0,0,0,0,0,0,0,0,1,0,0,0,0,0,0,0,0,0,0,0,0,0,0,0,0,0,0,0,0,0,0,0,0,1,0,0,0,0,0,0,0,0,0,0,0,0,0,0,1,0,0,0,0,0,0,0,0,0,0,0,0,0,0,0,0,0,0,0,0,0,0,0,0,1,0,0,0,0,0,0,0,0,0,0,0,0,0,0,1,0,0,0,0,0,0,0,0,0,0,0,0,0,0,0,0,1,0,0,0,0,0,0,0,0,0,0,0,0,0,0,0,0,0,0,0,0,1,0,0,0,0,0,0,0,0,0,0,0,0,0,0,0,0,0,0,0,0,0,1,0,0,0,0,0,0,0,0,0,0,0,0,0,0,0,0,0,0,0,1,0,0,0,0,0,0,0,0,0,0,0,0,0,0,0,0,1,0,0,0,0,0,0,0,0,0,0,0,0,0,0,0,0,0,0,0,0,1,0,0,0,0,0,0,0,0,0,0,0,0,0,0,0,0,0,0,0,0,0,0,0,0,0,0,0,0,0,0,0,0,0,0,1,0,0,0,0,0,0,1,0,0,0,0,0,0,0,0,0,0,0,0,0,0,0,0,0,0,0,0,0,0,0,0,0,0,0,0,0,0,0,0,1,0,0,0,0,1,0,0,0,0,0,0,0,0,0,0,0,0,0,0,0,0,0,0,0,0,0,0,0,0,0,0,1,0,0,0,0,0,0,0,0,0,0,0,0,0,0,1,0,0,0,0,0,0,0,0,0,0,0,0,0,0,0,0,0,0,0,0,0,0,0,0,0,0,0,0,0,0,0,0,1,0,0,0,0,1,0,0,0,0,0,0,0,0,0,0,0,0,0,0,0,0,0,0,0,0,0,0,0,0,0,0,0,0,0,1,0,0,0,0,0,0,0,0,0,1,0,0,0,0,0,0,0,0,0,0,0,0,0,0,0,0,0,0,0,0,0,1,0,0,0,0,0,0,0,0,0,0,0,0,0,0,0,0,0,0,0,0,0,0,0,0,0,0,0,0,0,0,1,0,0,0,0,0,0,0,0,0,0,0,0,0,0,0,0,1,0,0,0,0,0,0,0,0,0,0,0,1,0,0,0,0,0,0,0,0,0,0,0,0,0,0,0,0,0,0,0,0,0,0,0,0,0,0,0,0,0,0,0,0,1,0,0,0,0,1,0,0,0,0,0,0,0,0,0,0,0,0,0,0,0,0,0,0,0,0,0,0,0,1,0,0,0,0,0,0,0,0,0,0,0,0,0,0,0,0,0,0,0,0,0,0,1,0,0,0,0,0,0,0,0,0,0,0,0,0,0,0,0,1,0,0,0,0,0,0,0,0,0,0,0,0,0,0,0,0,0,0,0,0,0,0,0,0,0,0,0,0,0,0,0,1,0,0,0,0,0,0,0,0,0,1,0,0,0,0,0,0,0,0,0,0,0,0,0,0,0,0,0,0,0,0,0,0,0,0,0,0,0,0,0,1,0,0,0,0,0,0,0,0,0,1,0,0,0,0,0,0,0,0,0,0,0,0
8.195,98,1.0,-2.422095485218582e-17,1.4613552600352385e-17,1.0082242501479954,0.7616216978636997,-0.6015109705886248,-0.0757025329284071,0.5593987832905335,0.8537210734335,0.5174095144797205,1.711058443063785e-17,0.5471486604187975,0.1768116999784676,0.8606995691003625,0.2670354647269476,0.4702738229385156,0.3460755594286845,-0.8646905395847654,0.1336767217641426,0.4629602955415877,0.4654668323672571,0.853558613571165,0.0924153964683768,0.430443865848095,0.1255131336320024,-0.8626484226581379,0.1835239867874181,0.4147012915417498,0.5946156873887926,-0.5559000259510687,-0.4592686085710237,0.4051776522284081,0.7984053963216516,-0.4776288017817644,0.1029814028844354,0.4011762009156129,0.1578180059056631,-0.847595568874835,0.1958469668950168,0.3951362601305653,0.400788910845366,-0.5097843835614387,-0.5504825479499609,0.3716863089417206,0.9058146909360106,0.3689007857421244,-0.107427058891745,0.3711458780811328,0.3168691061748482,-0.7959998410746473,0.1249831212736549,0.3677562310470922,0.305505737842252,0.8602958372080675,-0.205925967207751,0.3416655263644993,0.2908675130184964,0.7306874727312744,-0.3754537634634275,0.3405822519795559,0.473491477368098,0.5704910276144235,0.4786104472523888,0.3047476452882119,0.5459905414394217,-0.4553051656258801,-0.6302267654741368,0.294262950844682,0.0581514665646386,0.8631202199995647,-0.3796622721901856,0.2861737040701911,0.4759396433406274,0.8111067154688826,0.2664437737965197,0.2744127744300371,0.5518020384637334,-0.389336996087115,-0.5597869527136512,0.2375788151460412,0.2222806699713366,0.9112914826669,-0.0443357500872902,0.2056352367699098,0.4535286908568431,0.7163295929389699,0.3911575865682886,0.1974391636716553,-0.2885845836610152,0.6031399979361468,0.5504590440841236,0.1666818740888667,-0.0193300249406141,0.9605360816300932,-0.1808922645089952,0.1449787000019526,0.4296626778261005,-0.3872276420436797,-0.8029599473438667,0.12719722491791,1,0,0,0,0,0,0,0,0,0,0,0,0,0,0,0,0,0,0,0,0,0,0,0,0,0,0,0,0,0,0,1,0,0,0,0,0,0,0,0,1,0,0,0,0,0,0,0,0,0,0,0,0,0,0,0,0,0,0,0,0,0,0,1,0,0,0,0,0,0,0,0,0,0,0,0,0,0,0,0,0,0,0,0,0,0,0,0,0,0,0,0,0,0,1,0,0,0,0,0,1,0,0,0,0,0,0,0,0,0,0,0,0,0,0,0,0,0,0,0,0,0,0,0,0,0,0,0,0,0,0,0,0,0,1,0,0,0,0,0,0,0,0,0,0,0,1,0,0,0,0,0,0,0,0,0,0,0,0,0,1,0,0,0,0,0,0,0,0,0,0,0,0,0,0,0,0,0,0,0,0,0,0,1,0,0,0,0,0,0,0,0,0,0,0,0,0,0,0,0,0,0,0,0,0,0,0,0,0,0,0,0,0,0,1,0,0,0,0,0,0,0,0,1,0,0,0,0,0,0,0,0,0,0,0,0,0,0,0,0,1,0,0,0,0,0,0,0,0,0,0,0,0,0,0,0,0,0,0,0,0,0,0,0,0,0,0,0,1,0,0,0,0,0,0,0,0,0,0,0,1,0,0,0,0,0,0,0,0,0,0,0,0,0,0,0,0,0,0,0,1,0,0,0,0,0,0,0,0,0,0,0,0,0,0,0,0,0,0,0,1,0,0,0,0,0,0,0,0,0,0,0,0,0,0,0,0,0,0,0,0,0,0,0,0,0,1,0,0,0,0,0,0,0,0,0,0,0,0,0,1,0,0,0,0,0,0,0,0,0,0,0,0,0,0,0,0,0,0,0,0,0,0,0,0,0,0,0,1,0,0,0,0,0,0,0,0,0,0,0,1,0,0,0,0,0,0,0,0,0,0,0,0,0,0,0,0,0,0,0,0,0,0,0,0,0,0,0,0,0,0,0,0,0,0,0,1,0,0,0,0,0,0,0,0,0,0,0,0,0,0,0,0,0,1,0,0,0,0,0,0,0,0,0,0,0,0,0,0,0,0,0,0,0,0,0,1,0,0,0,1,0,0,0,0,0,0,0,0,0,0,0,0,0,0,0,0,0,0,0,0,0,0,0,0,0,0,0,1,0,0,0,0,0,0,0,0,0,0,0,0,0,0,0,0,0,0,0,0,0,0,0,0,0,1,0,0,0,0,0,0,0,0,1,0,0,0,0,0,0,0,0,0,0,0,0,0,0,0,0,0,0,0,0,0,0,0,0,0,0,0,0,0,0,1,0,0,0,0,0,0,0,0,0,0,0,0,0,1,0,0,0,0,0,0,0,0,0,0,0,0,0,0,1,0,0,0,0,0,0,0,0,0,0,0,0,0,0,0,0,0,0,0,0,0,0,0,0,0,0,0,0,0,0,0,0,1,0,0,0,0,0,0,0,0,0,0,1,0,0,0,0,0,0,0,0,0,0,0,0,0,0,0,0,0,0,0,0,0,0,0,1,0,0,0,0,0,0,0,0,0,0,0,0,0,0,0,0,0,0,0,0,0,0,1,0,0,0,0,0,0,0,0,0,0,0,0,0,1,0,0,0,0,0,0,0,0,0,0,0,0,0,0,0,0,0,0,0,0,0,0,0,0,0,1,0,0,0,0,0,0,0,0,0,0,0,0,0,0,0,0,1,0,0,0,0,0,0,0,0,0,0,0,0,0,0,0,1,0,0,0,0,0,0,0,0,0,0,0,0,0,0,0,0,0,1,0,0,0,0,0,0,0,0,0,0,0,0,0,0,0,0,0,0,0,0,0,0,0,0,0,0,0,0,1,0,0,0,0,0,0,0,0,1,0,0,0,0,0,0,0,0,0,0,0,0,0,0,0,0,0,0,0,1,0,0,0,0,0,0,0,0,0,0,0,0,0,0,0,0,1,0,0,0,0,0,0,0,0,0,0,0,0,0,0,0,0,0,0,0,0,0,0,0,0,0,0,1,0,0,0,0,0,0,0,0,0,0,0,0,0,0,0,0,0,0,1,0,0,0,0,0,0,0,0,0,0,0,0,0,0,0,0,0,0,0,0,0,0,0,0,0,0,0,1,0,0,0,0,0,0,0,0,0,0,0,0,0,1,0,0,0,0,0,0,0,0,0,0,0,0,0,0,0,0,0,0,1,0,0,0,0,0,0,0,0,0,0,0,0,0,0,0,1,0,0,0,0,0,0,0,0,0,0,0,0,0,0,0,0
8.165,99,1.0,3.045995001304413e-18,2.8667172823758287e-17,1.006281504731,0.7372464950361407,-0.6579212618802749,-0.0974409961823409,0.5767771303624093,0.8656351051957396,0.4966980068736782,1.855941097266913e-17,0.5732691963846838,0.554677286749514,-0.6693012545653274,-0.2330377015257009,0.4700435857451199,0.5820473766745334,-0.6700355568253819,-0.2690076765135564,0.4541003426479468,0.4677596409519334,0.8724449130755418,0.0728796829433144,0.4352296081833806,0.1953891401286175,0.915809519808753,0.1025029224179469,0.4343919768255089,0.5798309153150354,-0.7052800194254264,0.2340688205960163,0.407243004330495,0.9517246438000224,0.2748861655540678,-0.0302189773140252,0.3834111560953813,0.4412233558096066,-0.6363414584525308,0.3209902109923036,0.3625266741623473,0.3651994256009465,0.823727573593937,0.2116480066984804,0.3591313987335758,0.3689012651948388,0.8758937650701044,-0.0958828434941058,0.3296645535019782,0.2219990797004078,0.5695407357067076,0.2733950833731577,0.3232585159860568,0.5424574175227717,-0.6554182294623601,0.3339098710658405,0.3211734081203503,0.354305748420863,0.7930391162688567,0.2373306952126478,0.3158525389565877,0.5839194155223859,-0.5928922598954449,0.2839297545008677,0.3146427501507126,0.2580229220968782,0.6970023323328671,0.2698831913643474,0.3138216788836513,0.3779994285753552,0.7794414273445197,-0.202497879075254,0.277784418460871,0.3179004616464629,0.8271139956901448,-0.0871435753793567,0.2605002011489387,0.2190359021268058,0.8507427058745678,-0.2888254787654801,0.2524975816627889,0.0944278985065785,0.6389889797532244,0.2176251051893339,0.1993764928156624,0.4814667666152459,-0.6370128087831457,0.4056094990167287,0.1883090580787829,-0.1291927234443318,0.1993052676013409,0.3607798181259216,0.1755823088899646,-0.1079498487097562,0.1940277501002182,-0.0606693730756688,0.1623916155679427,0.195560703195339,-0.3615901622791095,0.7340111802025473,0.1448776266785242,0,0,0,0,0,0,0,1,0,0,0,0,0,0,0,0,0,0,0,0,0,0,0,0,0,0,0,0,0,0,0,1,0,0,0,0,0,0,0,0,0,0,0,0,0,0,0,1,0,0,0,0,0,0,0,0,0,0,0,0,0,0,0,1,0,0,0,0,0,0,0,0,0,0,0,0,0,0,0,0,1,0,0,0,0,0,0,0,0,0,0,0,0,0,0,0,0,0,0,0,1,0,0,0,0,0,0,0,0,0,0,0,0,0,0,0,0,0,0,0,0,0,0,0,0,0,0,1,0,0,0,0,0,0,0,0,0,0,0,0,0,0,0,0,0,0,1,0,0,0,0,0,0,0,0,0,0,0,0,0,0,0,0,0,0,0,0,1,0,0,0,0,0,0,0,0,0,0,0,0,0,0,0,0,0,0,1,0,0,0,0,0,0,0,0,0,0,0,0,0,1,0,0,0,0,0,0,0,0,0,0,0,0,0,0,0,0,0,0,0,0,0,0,1,0,0,0,0,0,0,0,0,0,0,0,0,0,0,0,0,1,0,0,0,0,0,0,0,0,0,0,0,0,0,0,0,0,0,0,0,0,0,0,0,0,0,1,0,0,0,0,0,0,0,0,0,0,0,0,0,0,0,0,0,0,0,0,1,0,0,0,0,0,0,0,0,0,0,0,0,1,0,0,0,0,0,0,0,0,0,0,0,0,0,0,0,0,0,0,0,1,0,0,0,0,0,0,0,0,0,0,0,0,0,0,0,0,0,0,0,0,0,0,0,0,0,0,0,0,0,0,0,0,0,0,0,1,0,0,0,0,0,0,0,0,0,0,1,0,0,0,0,0,0,0,0,0,0,0,0,0,0,0,0,0,0,0,0,0,0,0,0,0,0,0,0,1,0,0,0,1,0,0,0,0,0,0,0,0,0,0,0,0,0,0,0,0,0,0,0,0,0,0,0,0,0,0,0,0,0,0,1,0,0,0,0,0,0,0,0,1,0,0,0,0,0,0,0,0,0,0,0,0,0,0,0,0,0,0,0,0,0,0,1,0,0,0,0,0,0,0,0,0,0,0,0,0,0,0,0,0,0,0,0,0,0,0,0,0,0,0,0,0,0,1,0,0,0,0,0,0,0,0,0,0,0,0,0,0,0,0,0,0,0,0,0,1,0,0,0,0,0,0,1,0,0,0,0,0,0,0,0,0,0,0,0,0,0,0,0,0,0,0,0,0,0,0,0,0,0,0,1,0,0,0,0,0,0,0,0,1,0,0,0,0,0,0,0,0,0,0,0,0,0,0,0,0,0,0,0,0,0,0,0,0,1,0,0,0,0,0,0,0,0,0,0,0,0,0,0,0,0,0,1,0,0,0,0,0,0,0,0,0,0,0,0,0,0,0,0,0,0,0,0,0,1,0,0,0,0,0,0,0,0,0,0,0,0,0,0,0,0,0,0,0,0,0,0,0,0,0,0,0,0,1,0,0,0,0,0,1,0,0,0,0,0,0,0,0,0,0,0,0,0,0,0,0,0,0,0,1,0,0,0,0,0,0,0,0,0,0,0,0,0,0,0,0,0,0,0,0,0,0,0,0,0,0,0,1,0,0,0,0,0,0,0,0,0,0,0,1,0,0,0,0,0,0,0,0,0,0,0,0,0,0,0,0,0,0,0,0,0,0,0,0,0,0,0,1,0,0,0,0,0,0,0,0,0,0,0,1,0,0,0,0,0,0,0,0,0,0,0,0,0,0,0,0,0,0,0,0,0,0,0,0,0,0,0,1,0,0,0,0,0,0,0,0,0,0,0,0,0,0,0,0,0,0,0,0,0,0,0,0,0,1,0,0,0,0,0,0,0,0,1,0,0,0,0,0,0,0,0,0,0,0,0,0,0,0,0,0,0,0,1,0,0,0,0,0,0,0,0,0,0,0,0,0,0,0,0,0,0,0,1,0,0,0,0,0,0,0,0,0,0,0,0,0,0,0,0,0,0,0,0,0,0,0,0,0,0,0,0,0,0,1,0,0,0,0,0,0,0,0,0,0,0,0,0,1,0,0,0,0,0,0,0,0,0,0,0,0,0,0,0,0,0,0,0,0,0,0,0,0,0,1,0,0,0,0,0,0,0,0,0,0,0,0,0,1,0,0,0,0,0,0,0,0,0,0,0,0,0,0,0,0,0,0,0,0,1,0,0,0,0,0,0,0,0,0,0,0,0,0,0,0,1,0,0,0,0,0,0,0,0,0,0,0,0,0,0
8.19,100,1.0,5.79769687748029e-18,-1.0771462619641645e-17,1.0089404366829438,0.8101701871138175,0.5826386553680477,-1.9419972897994134e-17,0.5759978129795122,0.7940214576093544,-0.5472602363962347,0.0484043743793194,0.5430212526816894,0.3751166504371719,0.8899944649059286,-0.032554416353228,0.452730361971554,0.4470836728582029,-0.7677204329078462,0.1578498734949169,0.4388390800510497,0.1287389817084773,0.9164499315262568,-0.026486522930154,0.4196297019648797,0.7444539090444232,-0.4257963551877436,0.2006083783757319,0.4133560446297384,0.2752775704275005,0.8505852584485257,0.0236007526014351,0.3945691697972805,0.7074568033388277,-0.5419433714442972,-0.1997312904920434,0.3819814259478501,0.8752845920196876,0.4367325752793775,0.0405923592392087,0.3817812478113525,0.2503270636877255,-0.5818894600960068,0.330904214222365,0.3803955581859719,0.2642879179085742,-0.8479373642669252,0.125759103072965,0.3777390948413153,0.2986726257196815,-0.3588454705757385,0.3750815902388472,0.3660450518076052,0.3739360782012678,-0.7445348575270027,0.098409589455751,0.3640306642199961,0.2747084811129759,0.8182801604854626,-0.0999640586282177,0.3627826760110469,0.6474004166268663,-0.4541087186253223,-0.1665661490112355,0.3455786242024495,0.5582894624469766,-0.548440153362164,-0.2744322514119795,0.3321515482767031,0.7067153388993777,-0.4580909783080429,-0.2280777068649682,0.3225496330609962,0.0892476187572416,0.7166102064328733,-0.1249545551953881,0.3191063788807352,0.2876405402854399,0.7539480477719802,-0.0837209437712068,0.3146427501507126,0.1810380247891418,0.7359907158800313,-0.1185687545948915,0.3069305344119377,0.0511938949301093,-0.5851977777916161,0.3120202695287631,0.3010146317650889,0.5913899252980441,-0.4221701390631678,-0.3012515954119108,0.1907515042592741,-0.0038023997006266,0.5427566467909857,-0.190931620715562,0.1762478284054711,0.4913206732665964,-0.3587031715482534,-0.5345831756007814,0.1406371116268215,0,0,0,1,0,0,0,0,0,0,0,0,0,0,0,0,0,0,0,0,0,0,0,0,0,0,0,0,0,0,0,1,0,0,0,0,0,0,0,0,0,0,0,0,0,0,0,1,0,0,0,0,0,0,0,0,0,0,0,0,1,0,0,0,0,0,0,0,0,0,0,0,0,0,0,0,0,0,0,0,0,0,0,1,0,0,0,0,0,0,0,0,0,0,0,0,0,0,0,0,0,0,0,1,0,0,0,0,0,0,0,0,0,0,0,0,0,0,0,0,0,0,0,0,0,0,0,1,0,0,0,0,0,0,0,0,0,0,0,0,0,0,0,1,0,0,0,0,0,0,0,0,0,0,0,0,0,0,0,0,0,0,0,1,0,0,0,0,0,0,0,0,0,0,0,0,0,0,0,0,0,0,0,1,0,0,0,0,0,0,0,0,0,0,0,0,0,0,0,0,0,0,0,0,0,0,0,1,0,0,0,0,0,0,0,0,0,0,0,0,0,0,0,0,0,0,1,0,0,0,0,0,0,0,0,0,0,0,0,0,0,0,0,1,0,0,0,0,0,0,0,0,0,0,0,0,0,0,0,0,0,0,0,0,0,0,1,0,0,0,0,0,0,0,0,0,0,0,0,0,0,0,0,0,0,0,0,1,0,0,0,0,0,0,0,0,0,0,0,0,0,0,0,0,0,0,1,0,0,0,0,0,0,0,0,0,0,0,0,0,0,0,0,1,0,0,0,0,0,0,0,0,0,0,0,0,0,0,0,0,1,0,0,0,0,0,0,0,0,0,0,0,0,0,0,0,0,0,0,0,0,0,0,0,0,0,0,1,0,0,0,0,0,0,0,0,0,0,0,0,0,0,0,0,0,0,0,0,0,0,0,0,0,0,0,0,1,0,0,0,0,0,0,1,0,0,0,0,0,0,0,0,0,0,0,0,0,0,0,0,1,0,0,0,0,0,0,0,0,0,0,0,0,0,0,0,0,0,0,0,0,0,0,1,0,0,0,0,0,0,0,0,0,0,0,0,0,0,0,0,0,0,0,0,0,0,0,0,1,0,0,0,0,0,0,0,0,0,0,0,0,0,0,1,0,0,0,0,0,0,0,0,0,0,0,0,0,0,0,0,0,0,0,0,0,0,0,0,0,0,0,0,0,0,0,0,1,0,0,0,0,0,0,1,0,0,0,0,0,0,0,0,0,0,0,0,0,0,0,0,0,0,0,0,0,0,0,0,1,0,0,0,0,0,0,0,0,0,0,0,0,0,0,0,0,0,0,1,0,0,0,0,0,0,0,0,0,0,0,0,0,0,0,0,0,0,0,0,0,0,0,1,0,0,0,0,0,0,0,0,0,0,0,0,0,0,0,0,0,1,0,0,0,0,0,0,0,0,0,0,0,0,0,0,0,1,0,0,0,0,0,0,0,0,0,0,0,0,0,0,0,0,0,1,0,0,0,0,0,0,0,0,0,0,0,0,0,0,0,0,0,0,0,0,0,0,0,0,0,0,0,0,0,0,0,0,1,0,0,0,0,0,0,0,0,0,0,0,0,1,0,0,0,0,0,0,0,0,0,0,0,0,0,0,0,0,0,0,0,0,0,1,0,0,0,0,0,0,0,0,1,0,0,0,0,0,0,0,0,0,0,0,0,0,0,0,0,0,0,0,0,0,0,0,0,0,0,0,0,0,0,0,0,0,0,0,1,0,0,0,0,0,0,0,0,0,0,1,0,0,0,0,0,0,0,0,0,0,0,0,0,0,0,0,0,1,0,0,0,0,0,0,0,0,0,0,0,0,0,0,1,0,0,0,0,0,0,0,0,0,0,0,0,0,0,0,0,0,0,0,1,0,0,0,0,0,0,0,0,0,0,0,0,0,0,0,0,0,0,0,0,0,0,1,0,0,0,0,0,0,0,0,0,0,0,0,0,0,0,0,0,0,0,0,0,0,0,0,0,0,0,0,0,0,0,0,1,0,0,0,0,0,0,0,0,0,0,0,0,1,0,0,0,0,0,0,0,0,0,0,0,0,0,1,0,0,0,0,0,0,0,0,0,0,0,0,0,0,0,0,1,0,0,0,0,0,0,0,0,0,0,0,0,0,0,0,0,0,0,0,0,0,0,1,0,0,0,0,0,0,0,0,0,0,0,0,0,0,0,0,0,0,0,0,0,0,0,0,0,1,0,0,0,0,0,0,0,0,0,0,0,0,0,0,0,0,1,0,0,0,0,0,0,0,0,0,0,0,0,0
8.101,101,1.0,8.310344084074843e-18,1.3955893595227536e-17,1.0108242499204518,0.8451934331735345,0.5308015335385419,2.284408243720653e-18,0.5609705275823321,0.8110034961904791,-0.521907684634608,-0.0527329778210696,0.5346930246999786,0.3935597097325908,0.8881174195131518,0.0503150393932452,0.4650105110299797,0.1126692327076012,-0.8793619281389754,0.1130910307869679,0.4418693789264711,0.1851970772278191,0.9066384193601784,0.0257657290774925,0.4410062989896087,0.4305572934605339,-0.8223834574809828,0.2194430078598447,0.4367733694180921,0.2224194067709229,0.7623453473611833,0.1319724501518108,0.4107056636348286,0.6208522776840035,-0.5097386125223001,-0.475233927233642,0.402730219452393,0.3046079041493666,-0.6907623333181633,0.5709530021476611,0.383443051269327,0.8956531856308529,-0.3124933900279467,0.0695455842121788,0.3827166434601576,0.9033741512728384,0.3990980531949894,-0.0533420592485045,0.3688177368675471,0.2610349024014328,0.9006714271801084,-0.0019775894527988,0.3491240180336915,0.1778153819670757,-0.5545204252877458,0.6783835990550883,0.344734320006551,0.3750413854276747,-0.4687742329780028,-0.6056728966111358,0.3372644973581647,0.1859722585795351,0.5803166248011518,0.205078654043547,0.3287389823684182,0.1240056468175919,-0.6525530456915654,0.6318645738999062,0.3220177642862304,0.5620462502340683,-0.4707457621948323,-0.621029507240404,0.3008477265618191,-0.0334393882511471,0.7339505488850507,0.1234723891532126,0.2959931338143906,0.5750299269518203,-0.3583345356618039,-0.6524558623722139,0.2779773675279189,0.1524063869142364,0.8090101993876846,-0.0739080530150445,0.2758993141142743,0.2373380329310587,0.45848077126958,0.5322219243906576,0.2703835229274953,0.3373016137644478,-0.6025090168363008,0.5414968723651251,0.2579772055123992,0.2650631901136192,0.8520116944257585,-0.0590174843732679,0.2507916343170014,0.3995254144876853,-0.8359080492653549,0.0644034474856588,0.2501723807078445,0,0,0,0,0,0,0,0,0,1,0,0,0,0,0,0,0,0,0,0,0,0,0,0,0,0,0,0,0,0,0,1,0,0,0,0,0,0,0,0,0,0,0,1,0,0,0,0,0,0,0,0,0,0,0,0,0,0,0,0,1,0,0,0,0,0,0,0,0,0,0,0,0,0,0,0,0,0,0,0,0,0,0,0,0,0,0,0,0,1,0,0,0,0,0,0,0,0,0,0,0,0,0,1,0,0,0,0,0,0,0,0,0,0,0,0,0,0,0,0,0,0,0,1,0,0,0,0,0,0,0,0,0,0,0,0,0,0,0,0,0,0,0,1,0,0,0,0,0,0,0,0,0,0,0,0,0,0,0,0,0,0,0,0,0,0,0,0,0,1,0,0,0,0,0,0,0,0,0,0,0,0,0,0,0,0,0,0,1,0,0,0,0,0,0,0,0,0,0,0,0,0,0,1,0,0,0,0,0,0,0,0,0,0,0,0,0,0,0,0,0,0,0,0,0,0,1,0,0,0,0,0,0,0,0,0,0,0,0,0,0,0,0,0,0,0,0,0,0,1,0,0,0,0,0,0,0,0,0,0,0,0,0,1,0,0,0,0,0,0,0,0,0,0,0,0,0,0,0,0,0,0,0,1,0,0,0,0,0,0,0,0,0,0,0,0,0,0,0,0,0,0,0,0,0,0,0,0,0,0,0,1,0,0,0,0,0,0,0,0,0,0,0,0,0,0,0,0,0,1,0,0,0,0,0,0,0,0,0,0,1,0,0,0,0,0,0,0,0,0,0,0,0,0,0,0,0,0,0,0,0,0,0,0,0,0,0,0,0,1,0,0,0,0,0,0,0,0,0,0,0,0,0,1,0,0,0,0,0,0,0,0,0,0,0,0,0,0,0,0,0,0,0,0,0,0,0,0,0,1,0,0,0,0,0,0,0,0,0,0,0,0,0,0,0,0,1,0,0,0,0,0,0,0,0,0,0,0,0,0,0,0,0,1,0,0,0,0,0,0,0,0,0,0,0,0,0,0,0,0,0,0,0,0,0,0,0,0,0,0,0,0,0,0,0,0,1,0,0,0,0,0,0,1,0,0,0,0,0,0,0,0,0,0,0,0,0,0,0,0,0,0,0,1,0,0,0,0,0,0,0,0,0,0,0,0,0,0,0,0,0,0,0,0,0,0,0,0,0,1,0,0,0,0,0,0,0,0,0,0,0,0,0,0,0,0,0,0,1,0,0,0,0,0,0,0,0,0,0,0,0,0,0,0,0,0,0,0,0,1,0,0,0,0,0,0,0,0,0,0,0,0,0,0,0,0,0,0,0,0,0,0,0,0,0,0,1,0,0,0,0,0,0,0,0,0,0,1,0,0,0,0,0,0,0,0,0,0,0,0,1,0,0,0,0,0,0,0,0,0,0,0,0,0,0,0,0,0,0,0,0,0,0,0,0,0,0,0,0,1,0,0,0,0,0,0,0,0,0,0,0,0,0,0,0,0,0,0,1,0,0,0,0,0,0,0,0,0,0,0,0,0,0,0,0,0,0,0,0,0,0,0,0,0,0,1,0,0,0,0,0,0,0,0,0,0,0,0,0,0,0,1,0,0,0,0,0,0,0,0,0,0,0,1,0,0,0,0,0,0,0,0,0,0,0,0,0,0,0,0,0,0,0,0,0,1,0,0,0,0,0,0,0,0,0,0,0,0,0,0,0,0,0,0,0,0,0,0,0,0,0,0,0,0,0,1,0,0,0,0,0,0,0,0,0,1,0,0,0,0,0,0,0,0,0,0,0,0,0,0,0,0,0,1,0,0,0,0,0,0,0,0,0,0,0,0,0,0,0,0,0,0,0,0,0,0,0,0,1,0,0,0,0,0,0,0,0,0,0,0,0,0,0,0,0,0,0,1,0,0,0,0,0,0,0,0,0,0,0,0,0,0,0,0,0,0,0,0,0,0,0,0,0,0,0,0,1,0,0,0,0,0,0,0,0,0,0,0,0,1,0,0,0,0,0,0,0,0,0,0,0,0,0,1,0,0,0,0,0,0,0,0,0,0,0,0,0,0,0,0,0,0,0,1,0,0,0,0,0,0,0,0,0,0,0,0,0,0,0,0,0,0,0,0,0,0,0,0,1,0,0,0,0,0,0,0,0,0,0,0,0,0,0,0,0,0,0,0,0,1,0,0,0,0,0,0,0,0,0,0,0,0,0,1,0,0,0,0,0,0,0,0,0,0,0,0,0,0,0,0
8.418,102,1.0,-7.084960299844859e-18,-4.868999264607703e-18,1.009730311889133,0.754495951467083,-0.6305468268523083,0.0517531504515951,0.5636441620689123,0.8809420632637686,0.4682839297322523,-8.362379145350192e-18,0.5631940206812935,0.2920719519673825,-0.8489109727515091,0.3242519256444268,0.4764465455588319,0.224658462199982,0.9205384842583992,-0.0488226879974519,0.4568358336143833,0.4786599201167615,0.8572622855969028,0.0116915987834805,0.4452373090223288,0.1560684188006803,-0.7258566654414309,0.4644077754437167,0.4371529106769314,0.0526611510767661,-0.7920201122257287,0.4113000002925663,0.4305970081290094,0.5782514148835138,-0.6616869401721457,-0.3642144675141735,0.4087708226275349,0.825669754073574,-0.4538300002068461,0.2216702274174577,0.3994401719336916,0.2745181128042182,0.8876468362214096,0.1907597951217056,0.3788106533265239,0.9427822028248414,0.2953521751371377,-0.0270762606549233,0.3739994901609892,0.2159683893716168,-0.8663415071937965,0.1761931745074026,0.3512611656801197,0.2552151931016844,-0.6301948132588935,-0.6366416760277263,0.337040263019869,0.4485444011099541,0.7514885808307257,-0.0961065232961112,0.3280555644190562,0.1192847305880844,0.8462218198549601,0.2376053521794,0.3275336008040492,0.0556797559572034,0.7566991580504606,0.2760362741851648,0.3070069245551761,0.5937996575954647,-0.5995801181519012,-0.3524202262194841,0.3034453175258599,0.2232455190211447,0.7538560759476846,0.3161924751596781,0.2774499862431991,0.6182093696693052,-0.5295589934682698,-0.2531320866983458,0.2666388682487185,0.1346078009904229,0.4363233781104325,-0.629741955407491,0.2544055126039915,0.2689683824057794,0.5649738713366129,-0.5565612685891731,0.2491178749409576,0.5624846313419093,0.609751487924302,-0.0479788345328379,0.2377053795887221,0.2572663871590394,0.423321380293477,-0.5719607733109683,0.2127073379708053,0.032708132269297,-0.8825393581442966,0.0867440443298807,0.2089552824339349,0,0,0,0,0,0,0,0,0,0,0,0,0,0,0,1,0,0,0,0,0,0,0,0,0,0,0,0,0,0,0,1,0,0,0,0,0,0,0,0,0,0,0,0,0,0,0,0,0,0,0,0,0,0,0,1,0,0,0,0,0,0,0,1,0,0,0,0,0,0,0,0,0,0,0,0,0,0,0,0,0,0,0,0,0,0,0,0,0,1,0,0,0,0,0,0,0,0,0,0,1,0,0,0,0,0,0,0,0,0,0,0,0,0,0,0,0,0,0,0,0,0,0,0,0,0,0,0,0,0,0,0,0,0,0,1,0,0,0,0,0,0,0,1,0,0,0,0,0,0,0,0,0,0,0,0,0,0,0,0,0,0,0,0,0,0,0,0,0,1,0,0,0,0,0,0,0,0,0,0,0,0,0,0,0,0,1,0,0,0,0,0,0,0,0,0,0,0,0,0,0,0,0,0,0,0,0,0,0,1,0,0,0,0,0,0,0,0,0,0,0,0,0,1,0,0,0,0,0,0,0,0,0,0,0,0,0,0,0,0,0,0,0,0,0,0,0,0,0,0,0,0,0,0,0,1,0,0,0,0,0,0,0,0,0,0,0,0,1,0,0,0,0,0,0,0,0,0,0,0,0,0,0,0,0,0,0,0,0,0,0,0,0,0,0,1,0,0,0,0,0,0,0,0,0,0,0,0,1,0,0,0,0,0,0,0,0,0,0,0,0,0,0,0,0,0,0,0,0,0,0,0,0,0,0,1,0,0,0,0,1,0,0,0,0,0,0,0,0,0,0,0,0,0,0,0,0,0,0,0,0,0,0,0,0,0,0,0,0,0,0,0,0,0,0,1,0,0,0,0,0,0,0,0,0,0,1,0,0,0,0,0,0,0,0,0,0,0,0,0,0,0,0,0,0,0,0,0,0,1,0,0,0,0,0,0,0,0,0,0,0,0,0,0,0,0,0,0,0,0,0,1,0,0,0,0,0,0,0,0,0,0,0,0,0,0,0,0,0,1,0,0,0,0,0,0,0,0,0,0,0,0,0,0,0,0,0,0,0,0,0,0,0,0,0,0,1,0,0,0,0,0,0,0,0,0,0,0,0,0,0,0,0,0,0,1,0,0,0,0,0,0,0,0,0,0,0,0,0,0,0,0,0,0,0,0,0,1,0,0,0,0,0,0,0,0,0,0,0,0,0,0,0,0,0,1,0,0,0,0,0,0,0,0,0,0,0,0,0,0,0,0,0,0,0,0,1,0,0,0,0,0,0,0,0,0,0,0,0,1,0,0,0,0,0,0,0,0,0,0,0,0,0,1,0,0,0,0,0,0,0,0,0,0,0,0,0,0,0,0,0,0,0,1,0,0,0,0,0,0,0,0,0,0,0,0,0,0,0,0,1,0,0,0,0,0,0,0,0,0,0,0,0,0,0,0,0,0,0,0,0,0,0,1,0,0,0,0,0,0,0,0,0,0,0,0,0,0,0,0,0,0,0,0,0,0,0,0,0,0,0,0,0,0,0,0,1,0,0,0,0,0,0,0,0,0,0,0,0,0,0,0,0,0,0,0,0,0,0,1,0,0,0,0,0,0,0,0,0,0,0,1,0,0,0,0,0,0,0,0,0,0,0,0,0,0,0,0,0,1,0,0,0,0,0,0,0,0,0,0,0,0,0,0,0,1,0,0,0,0,0,0,0,0,0,0,0,0,0,0,0,0,0,0,0,0,0,0,0,0,0,0,0,0,0,0,0,0,0,1,0,0,0,0,0,1,0,0,0,0,0,0,0,0,0,0,0,0,0,0,0,0,0,0,0,0,0,0,0,1,0,0,0,0,0,0,0,0,0,0,0,0,0,0,0,0,0,0,1,0,0,0,0,0,0,0,0,0,0,0,0,0,0,0,0,0,0,0,0,1,0,0,0,0,0,0,0,0,0,0,0,0,0,1,0,0,0,0,0,0,0,0,0,0,0,0,0,0,0,0,0,0,0,0,0,0,0,0,0,1,0,0,0,0,0,0,0,0,0,0,0,0,0,0,0,0,0,0,1,0,0,0,0,0,0,0,0,0,0,0,0,0,0,0,0,0,0,0,0,1,0,0,0,0,0,0,0,0,0,0,0,0,0,0,0,0,0,0,1,0,0,0,0,0,0,0,0,0,0,0,0,0,0,0,0,0,0,0,0,0,0,0,0,0,0,1,0,0,0,0,0,0,0,0,0,0,0,0,0,1,0,0,0,0,0,0,0,0,0,0
8.101,103,1.0,2.2984224507181632e-17,1.5644576646713769e-18,1.0110165039319532,0.842714665793174,0.5324798150531873,9.350784179332244e-18,0.5489972499315326,0.8160329193334755,-0.5603898163677873,0.0638990635217214,0.5323275734336104,0.0862309716613696,0.9316294453260088,0.0091837934349589,0.4708292865973721,0.3896863819577403,0.9082014840351328,-0.0674529618159008,0.4552347371085998,0.4165263326205771,-0.8023362440323953,0.3512593512927984,0.4407868296785517,0.1035631356999209,-0.7579487296039813,0.5277926199514302,0.430764336071935,0.018782114570222,0.6713325657374292,-0.4767954268295836,0.41639702384458,0.6572124197997649,-0.623355672153881,-0.3441212566172394,0.3948683787747256,0.2423765509230616,-0.8585110268058284,0.2026136390192519,0.3880706221550604,0.0158154882059123,-0.6610799721169065,0.5706585050504527,0.3869020382316502,-0.072866284139964,-0.657394502312963,0.609902629587152,0.3842400192583912,0.8826858825697614,-0.3619305994950226,0.1861130580507013,0.3841257150678908,-0.0137386108838675,-0.6821969105356006,0.3953581093734176,0.3831936538136081,0.917925702366016,0.379006349011945,0.037863309674253,0.3627571958878297,0.2395356682893579,0.8638107397844724,-0.3096539655689466,0.3624917565592263,0.384103258279534,-0.6472698171582325,-0.5189808579618114,0.3445362326917678,0.3127571235654282,0.8783373527904723,0.0308014494425273,0.3421681408563444,-0.1620043352566614,0.5968351698555057,-0.4175298875980275,0.3273906302356319,0.4012194258079963,-0.6545420054924898,0.4479118180209214,0.3247968350840531,0.6786437566648876,-0.5289893376865803,-0.4131453364335115,0.3125746085766666,0.0994696457583734,0.6784874279360317,0.2747861834269345,0.3053447140227168,0.1960215669401728,0.8066492803555064,0.1481315539206393,0.3049873645698431,0.2680007944403686,0.8076242398421037,-0.313107521804152,0.2960246904852153,0.2242532667130674,-0.6417128956532685,0.5179538836949382,0.2672230016550837,0,0,0,0,0,0,0,0,0,0,0,0,0,0,0,0,0,0,0,1,0,0,0,0,0,0,0,0,0,0,0,1,0,0,0,0,0,0,0,0,0,0,0,0,0,0,0,0,0,0,0,0,0,0,0,1,0,0,0,0,1,0,0,0,0,0,0,0,0,0,0,0,0,0,0,0,0,0,0,0,0,0,0,0,0,0,0,0,0,0,0,0,0,0,0,0,0,0,0,1,0,0,0,1,0,0,0,0,0,0,0,0,0,0,0,0,0,0,0,0,0,0,0,0,0,0,0,0,0,0,0,0,0,0,0,1,0,0,0,0,0,0,0,0,0,0,1,0,0,0,0,0,0,0,0,0,0,0,0,0,0,0,0,0,0,0,0,0,0,0,0,0,0,0,0,1,0,0,0,0,0,0,0,1,0,0,0,0,0,0,0,0,0,0,0,0,0,0,0,0,0,0,0,0,0,0,0,0,0,0,0,0,0,0,0,0,0,0,0,1,0,0,0,1,0,0,0,0,0,0,0,0,0,0,0,0,0,0,0,0,0,0,0,0,0,0,0,0,0,0,0,0,0,0,0,0,0,0,0,1,0,0,0,1,0,0,0,0,0,0,0,0,0,0,0,0,0,0,0,0,0,0,0,0,0,0,0,0,0,0,0,0,0,0,0,1,0,0,0,0,0,0,0,0,0,0,0,0,0,0,0,0,0,0,0,0,0,1,0,0,0,0,0,0,0,0,0,0,0,0,0,0,0,0,0,0,0,0,0,1,1,0,0,0,0,0,0,0,0,0,0,0,0,0,0,0,0,0,0,0,0,0,0,0,0,0,0,0,0,0,0,0,0,0,0,0,0,0,0,1,0,0,0,0,0,0,0,0,1,0,0,0,0,0,0,0,0,0,0,0,0,0,0,0,0,0,0,0,0,0,0,0,0,0,0,0,0,0,0,1,0,0,0,0,0,0,0,0,1,0,0,0,0,0,0,0,0,0,0,0,0,0,0,0,0,0,0,0,0,0,0,0,0,0,0,0,0,0,0,1,0,0,0,0,0,0,0,0,1,0,0,0,0,0,0,0,0,0,0,0,0,0,0,0,0,0,0,0,0,0,0,0,0,0,0,0,0,0,0,1,0,0,0,0,0,0,1,0,0,0,0,0,0,0,0,0,0,0,0,0,0,0,0,0,0,0,0,0,0,0,0,0,0,0,0,0,0,0,0,1,0,0,0,0,0,0,0,0,1,0,0,0,0,0,0,0,0,0,0,0,0,0,0,0,0,0,0,0,0,0,0,0,0,0,0,1,0,0,0,0,0,0,0,0,0,0,0,0,0,0,0,0,0,0,0,0,1,0,0,0,0,0,0,0,0,0,0,0,0,0,0,0,0,0,0,1,0,0,0,0,0,0,0,1,0,0,0,0,0,0,0,0,0,0,0,0,0,0,0,0,0,0,0,0,0,0,0,0,0,0,0,0,0,0,0,0,0,0,0,1,0,0,0,0,0,0,0,0,0,0,0,0,0,0,0,0,1,0,0,0,0,0,0,0,0,0,0,0,0,0,0,0,0,0,0,1,0,0,0,0,0,0,0,0,0,0,0,0,0,0,0,1,0,0,0,0,0,0,0,0,0,0,0,0,0,0,0,0,0,0,0,0,0,0,0,1,0,0,0,0,0,0,0,0,0,0,0,0,0,1,0,0,0,0,0,0,0,0,0,0,0,0,0,0,0,0,0,0,0,0,0,0,0,0,0,0,0,0,0,1,0,0,0,1,0,0,0,0,0,0,0,0,0,0,0,0,0,0,0,0,0,0,0,0,0,0,0,0,0,0,0,0,0,0,0,0,1,0,0,0,0,0,0,0,0,0,0,0,0,0,0,1,0,0,0,0,0,0,0,0,0,0,0,0,0,0,0,0,0,1,0,0,0,0,0,0,0,0,0,0,0,0,0,0,0,0,0,0,0,0,0,0,0,0,0,0,1,0,0,0,0,0,0,0,0,0,0,0,0,1,0,0,0,0,0,0,0,0,0,0,1,0,0,0,0,0,0,0,0,0,0,0,0,0,0,0,0,0,0,0,0,0,0,0,0,0,0,0,0,0,0,0,0,0,0,1,0,0,0,0,0,0,0,0,0,0,0,0,1,0,0,0,0,0,0,0,0,0,0,0,0,0,0,0,0,0,0,0,0,0,0,0,0,0,0,0,0,0,0,1,0,0,0,0,0,0,0,0,1,0,0,0,0,0,0,0,0,0,0,0
8.202,104,1.0,-3.453860474204493e-17,-8.970946098217153e-18,1.011403164558429,0.846288235477895,0.5292886992531549,-2.2908899975287528e-18,0.5598870893800824,0.7904819848085916,-0.5549392190320406,-0.0055873128439989,0.5450761970569931,0.1230550118200913,0.9220143166091844,0.035880207590248,0.4664177045743116,0.4228177372350251,0.8728546052203597,0.0210203294683961,0.4503483031936355,0.4035918567677033,-0.8203124079379369,0.2562768587779628,0.445142816314679,0.5956853131035988,-0.5760016267514705,-0.3980513242771344,0.4067825505568864,0.323969540725371,-0.5356393133683082,-0.5581369633008202,0.4046913986146531,0.2443696112732004,-0.861136449241118,0.1811614946820279,0.3920929849551139,0.858346146774525,-0.3564595127062454,0.1396710712001578,0.3914658138989301,0.1300952450733939,-0.7762755505369456,0.3823923985453926,0.3909161935060362,0.320389200405041,-0.738694824913418,0.2860222819423597,0.3744689426363708,0.3032985125287981,0.8132351335345188,0.2261395235738218,0.3737722212628876,0.9073763722062232,0.3851093146014855,-0.0185039652902803,0.3704627728094325,0.3564784335060744,0.8197323692426103,-0.1917675702416462,0.3313390753646224,-0.175216620923918,-0.7021212410324709,0.4671624230431487,0.3211903433011331,-0.030489803608065,0.6656925848039328,0.359791277257572,0.3075087612850492,0.0340171481898618,-0.7185060694289198,0.4487125322591148,0.3058218152906931,0.0578309653608166,-0.6389597146834115,0.5782618260239438,0.305681904774232,0.101376429069376,0.7197350093193279,0.3092896367371301,0.2987168237902628,0.6110230740312991,-0.5564232134899023,-0.4511176582986162,0.2688779955656616,0.0416004576764871,0.5555678807306961,-0.6608402556738352,0.221554710252543,0.4086979700830256,0.724481388831497,-0.4584387659493836,0.2204413202849569,0.0705091709098149,-0.8575332216390735,0.1244122182736665,0.2203713004948848,0.1326322725190372,0.6870371774727801,-0.6363389708574763,0.2098949631560141,0,0,0,0,0,0,0,0,0,0,0,0,0,0,0,0,1,0,0,0,0,0,0,0,0,0,0,0,0,0,0,1,0,0,0,0,0,0,0,0,0,0,0,0,0,0,0,0,0,0,0,0,0,0,0,0,0,0,0,1,1,0,0,0,0,0,0,0,0,0,0,0,0,0,0,0,0,0,0,0,0,0,0,0,0,0,0,0,0,0,0,0,0,0,0,0,1,0,0,0,0,0,0,1,0,0,0,0,0,0,0,0,0,0,0,0,0,0,0,0,0,0,0,0,0,0,0,0,0,0,0,0,0,0,0,0,0,0,0,1,0,0,0,0,0,0,1,0,0,0,0,0,0,0,0,0,0,0,0,0,0,0,0,0,0,0,0,0,0,0,0,0,0,0,0,0,0,0,0,1,0,0,0,1,0,0,0,0,0,0,0,0,0,0,0,0,0,0,0,0,0,0,0,0,0,0,0,0,0,0,0,0,0,0,0,0,1,0,0,0,0,0,0,1,0,0,0,0,0,0,0,0,0,0,0,0,0,0,0,0,0,0,0,0,0,0,0,0,0,0,0,0,0,0,0,0,1,0,0,0,1,0,0,0,0,0,0,0,0,0,0,0,0,0,0,0,0,0,0,0,0,0,0,0,0,0,0,0,0,0,0,0,0,0,0,0,1,0,0,0,0,0,0,0,0,0,0,0,0,0,0,0,0,0,0,0,1,0,0,0,0,0,0,0,0,0,0,0,0,0,0,0,0,0,0,0,1,0,0,0,0,0,0,0,0,0,0,0,0,0,0,0,0,0,0,0,0,1,0,0,0,0,0,0,0,0,0,0,0,0,0,0,0,0,0,0,1,0,0,0,0,0,0,0,0,0,1,0,0,0,0,0,0,0,0,0,0,0,0,0,0,0,0,0,0,0,0,0,0,0,0,0,0,0,0,0,1,0,0,0,0,0,0,1,0,0,0,0,0,0,0,0,0,0,0,0,0,0,0,0,0,0,0,0,0,0,0,0,0,0,0,0,0,0,0,0,1,0,0,0,0,0,0,0,0,0,0,0,1,0,0,0,0,0,0,0,0,0,0,0,0,0,0,0,0,0,0,0,0,0,0,0,0,0,0,0,0,0,0,1,0,0,0,0,0,0,0,0,0,0,0,1,0,0,0,0,0,0,0,0,0,0,0,0,0,0,0,0,0,0,0,0,0,0,0,0,0,0,0,1,0,0,0,0,0,0,0,0,0,0,0,0,0,0,0,0,1,0,0,0,0,0,0,0,0,0,0,0,0,0,0,0,0,0,0,0,0,0,0,1,0,0,0,1,0,0,0,0,0,0,0,0,0,0,0,0,0,0,0,0,0,0,0,0,0,0,0,0,0,0,0,0,0,0,0,0,1,0,0,0,0,0,0,0,0,0,0,0,1,0,0,0,0,0,0,0,0,0,0,0,0,0,0,0,0,0,0,0,0,0,0,0,0,0,0,1,0,0,0,0,0,0,0,0,0,0,0,0,0,0,0,0,0,0,0,0,1,0,0,0,0,0,0,0,0,0,0,0,0,0,0,0,0,0,0,0,1,0,0,0,0,0,0,0,0,0,0,0,1,0,0,0,0,0,0,0,0,0,0,0,0,0,0,0,0,0,0,0,0,0,0,0,0,0,0,0,1,0,0,0,0,0,0,0,0,0,0,0,1,0,0,0,0,0,0,0,0,0,0,0,0,0,0,0,0,0,0,0,0,0,0,0,0,0,0,1,0,0,0,0,1,0,0,0,0,0,0,0,0,0,0,0,0,0,0,0,0,0,0,0,0,0,0,0,0,0,0,0,0,0,0,0,0,0,0,1,0,0,0,0,0,0,0,0,0,0,0,0,0,0,0,1,0,0,0,0,0,0,0,0,0,0,0,0,0,0,0,0,0,0,0,0,0,0,0,0,0,0,0,1,0,0,0,0,0,0,0,0,1,0,0,0,0,0,0,0,0,0,0,0,0,0,0,0,0,0,0,0,0,0,0,0,0,0,0,0,0,0,0,1,0,0,0,0,0,0,0,0,1,0,0,0,0,0,0,0,0,0,0,0,0,0,0,0,0,0,0,0,0,0,0,0,0,0,0,0,1,0,0,0,0,0,0,0,0,0,0,0,0,1,0,0,0,0,0,0,0,0,0,0,0,0,0,0,0,0,0,0,0,0,0,0,0,0,0,0,0,0,0,1,0,0,0,1,0,0,0,0,0,0,0,0,0,0,0,0,0,0,0,0
8.278,105,1.0,4.299145952310914e-18,-7.022099642411354e-18,1.007908566353257,0.8639248917457019,0.4984602788751952,3.959232088925696e-18,0.5653955953914342,0.7798663484762182,-0.591976094344517,0.0801893283407246,0.5501434842258381,0.079879433133978,0.9166952645167236,-0.0774785710739478,0.4977437359882205,0.4384643609510587,0.871497153790254,-0.0929234294112933,0.4571725233116502,0.4061711953013279,-0.7116883768881721,0.2774282270832811,0.4496894375468109,0.1878704563725866,-0.6682223548656581,0.2256833722494899,0.4084221019263859,0.7895279496914734,-0.4928919915783988,0.1579113919027617,0.4066219242787449,0.6206158712753146,-0.6606706142601941,-0.1912802567772461,0.3991091548972698,0.233615475590014,-0.7090778219094523,0.3507479732190176,0.3820542059912075,0.9193050710801508,0.3522530504449636,0.0330716073057315,0.3724895680687935,0.3330262422977528,-0.6124239335306214,0.3345156208298198,0.366437165158561,0.4753694834652902,-0.5925985369354938,-0.2840458270922484,0.3583188631953938,0.38933796713683,0.7580068628122925,-0.3966197194120052,0.3463939507894445,0.3495089623704844,0.8899513348904614,0.1340363713317884,0.3345753713847349,0.5781457933993058,-0.6351691655717854,-0.249442145440257,0.3269046773227327,0.0403217052300333,0.7975360624166863,0.3355627850159576,0.3173206711375717,0.3714639423419251,0.6022315669997631,-0.4836490236391702,0.3104946041403116,0.4915205076632284,-0.6203805068226019,-0.2519614665870433,0.3074554436953864,0.1463650301172201,-0.7023903614898953,0.3608802403365652,0.3046896111861427,0.1851975815090967,0.8707788296148739,0.2730632749488954,0.2958988895219124,0.3635746872955062,0.4806610412137478,-0.507992152318233,0.2935486040884191,0.270287827235655,0.7126917513405365,-0.5937037074968001,0.2931083541070753,0.4272641490738886,0.8359741790787778,0.1237617793751991,0.2750990460790593,0.3450779296128797,0.6910308802834296,-0.4754628696675193,0.2643832527482906,0,0,0,0,0,0,0,0,0,0,0,0,0,0,0,1,0,0,0,0,0,0,0,0,0,0,0,0,0,0,0,1,0,0,0,0,0,0,0,0,0,0,0,0,0,0,0,0,0,0,0,0,0,0,0,0,1,0,0,0,1,0,0,0,0,0,0,0,0,0,0,0,0,0,0,0,0,0,0,0,0,0,0,0,0,0,0,0,0,0,0,0,0,0,0,1,0,0,0,0,0,0,0,1,0,0,0,0,0,0,0,0,0,0,0,0,0,0,0,0,0,0,0,0,0,0,0,0,0,0,0,0,0,0,0,0,1,0,0,0,0,0,0,0,0,0,1,0,0,0,0,0,0,0,0,0,0,0,0,0,0,0,0,0,0,0,0,0,0,0,0,0,0,0,0,0,1,0,0,0,0,0,0,1,0,0,0,0,0,0,0,0,0,0,0,0,0,0,0,0,0,0,0,0,0,0,0,0,0,0,0,0,0,0,0,1,0,0,0,0,0,0,0,1,0,0,0,0,0,0,0,0,0,0,0,0,0,0,0,0,0,0,0,0,0,0,0,0,0,0,0,0,0,0,0,1,0,0,0,0,0,0,0,0,0,0,0,0,1,0,0,0,0,0,0,0,0,0,0,0,0,0,0,0,0,0,0,0,0,0,0,0,0,0,0,1,0,0,0,0,0,0,0,0,0,0,1,0,0,0,0,0,0,0,0,0,0,0,0,0,0,0,0,0,0,0,0,0,0,0,0,0,0,0,0,1,0,0,0,0,1,0,0,0,0,0,0,0,0,0,0,0,0,0,0,0,0,0,0,0,0,0,0,0,0,0,0,0,0,0,0,0,0,0,0,1,0,0,0,0,0,0,0,0,0,0,0,0,0,0,0,0,0,0,0,0,0,1,0,0,0,0,0,0,0,0,0,0,0,0,0,0,0,0,0,0,1,0,0,0,0,0,0,0,0,0,0,0,0,0,0,0,0,0,0,0,1,0,0,0,0,0,0,0,0,0,0,0,0,0,0,0,0,0,0,1,0,0,0,0,0,0,0,0,0,0,0,0,1,0,0,0,0,0,0,0,0,0,0,0,0,0,0,0,0,0,0,0,0,0,0,0,0,0,0,1,0,0,0,0,0,0,0,0,0,0,0,0,0,0,0,0,0,0,0,0,1,0,0,0,0,0,0,0,0,0,0,0,0,0,0,0,0,0,0,0,1,0,0,0,0,0,0,1,0,0,0,0,0,0,0,0,0,0,0,0,0,0,0,0,0,0,0,0,0,0,0,0,0,0,0,0,0,0,0,0,1,0,0,0,0,0,0,0,0,0,0,0,0,0,0,1,0,0,0,0,0,0,0,0,0,0,0,0,0,0,0,1,0,0,0,0,0,0,0,0,0,0,0,0,0,0,0,0,0,0,0,0,0,0,0,1,0,0,0,0,0,0,0,0,0,0,0,0,0,0,0,0,0,0,0,0,0,0,0,0,0,0,0,1,0,0,0,0,0,0,0,0,0,0,0,0,0,0,0,0,1,0,0,0,0,0,0,0,0,0,0,0,0,0,0,0,0,0,0,0,1,0,0,0,0,0,0,0,0,0,0,0,0,0,0,0,0,0,0,0,0,1,0,0,0,0,0,0,0,0,0,1,0,0,0,0,0,0,0,0,0,0,0,0,0,0,0,0,0,1,0,0,0,0,0,0,0,0,0,0,0,0,0,0,0,0,0,0,0,0,0,0,0,0,0,0,0,0,0,1,0,0,0,0,0,0,0,0,0,0,0,0,0,1,0,0,0,0,0,0,0,0,0,0,0,0,0,0,0,0,0,0,0,0,0,0,0,0,0,0,0,0,0,1,1,0,0,0,0,0,0,0,0,0,0,0,0,0,0,0,0,0,0,0,0,0,0,0,0,0,0,0,0,0,0,0,0,0,0,0,1,0,0,0,0,0,0,0,0,0,0,0,0,1,0,0,0,0,0,0,0,0,0,0,0,0,0,0,0,0,0,0,0,0,0,0,0,0,0,0,1,0,0,0,0,0,0,0,0,0,0,0,1,0,0,0,0,0,0,0,0,0,0,0,0,0,0,0,0,0,0,0,0,0,0,0,0,0,0,0,1,0,0,0,0,0,0,0,0,1,0,0,0,0,0,0,0,0,0,0,0,0,0,0,0,0,0,0,0,0,0,0,0,0,0,0,0,0,0,0,1,0,0,0,0,0,0,1,0,0,0,0,0,0,0,0,0,0,0,0,0,0,0,0
8.259,106,1.0,7.949603285603887e-18,-1.386459168136836e-17,1.0065931555486116,0.878323169831378,0.4713345630856945,8.301482504164053e-18,0.5720555173804486,0.7444708480270851,-0.6364743776233022,0.0423621284530785,0.5706013049846077,0.4925256044424967,-0.7371389073456743,0.1282369196541073,0.4981677808214039,0.6037840230428907,-0.6594348859474,0.0955029978176082,0.4630533549273332,0.2256111615157495,0.8901714249886435,0.0158893562799849,0.4490703376723177,0.4783707474615217,0.8609390096411504,-0.0215154999309264,0.4435865316676854,0.6253708206688559,-0.5810756540291049,-0.0962394160215398,0.3961306099688708,0.9505991614885908,0.2736297486972285,0.0430049576146324,0.3780868116704001,0.5423693294450873,-0.3453709560871276,-0.243231288471293,0.3739459665457804,0.3508073940177675,0.817556622722788,0.0788496139368964,0.365567280833717,0.3738285767792481,0.8657739032840464,-0.1845864595546393,0.334394856248026,0.2536227622265209,0.8119619846625531,0.1064829187061723,0.3342464812877295,0.1481191385158014,0.8148374717901652,-0.2394461446606938,0.3045664989262973,0.2933999005746497,0.712096348709635,0.1243412622696854,0.2982115799840364,0.5592485783196144,-0.6753792432794382,-0.0217000858011581,0.2902691868252625,0.3438289076144117,0.8224885061116222,-0.2157970617592909,0.2902024758751804,0.322706404097807,0.6232519282071814,0.1557837639507087,0.2845272905949057,0.006185502082158,0.783575663381201,-0.1565297131124644,0.2842621150671153,0.4299436109008502,0.7908864803595168,-0.226579618559544,0.2829021885021012,0.5481314412142104,-0.7485777602180208,0.1378925898538875,0.2573303191903823,0.4860153427453646,-0.6984639864813781,0.1646820871969422,0.2135255377771216,0.544084385592772,-0.7497506371807307,0.191079508709586,0.210513374170305,0.0828758032563174,0.5780344243353605,0.0315189082823199,0.180048697239761,-0.0688705134326083,0.2045491396229005,0.0451364757492855,0.1766793224886511,0,0,0,0,0,0,0,1,0,0,0,0,0,0,0,0,0,0,0,0,0,0,0,0,0,0,0,0,0,0,0,1,0,0,0,0,0,0,0,0,0,0,0,0,0,0,0,0,0,0,0,0,0,0,0,1,0,0,0,0,1,0,0,0,0,0,0,0,0,0,0,0,0,0,0,0,0,0,0,0,0,0,0,0,0,0,0,1,0,0,0,0,0,0,0,0,0,0,0,0,0,0,0,1,0,0,0,0,0,0,0,0,0,0,0,0,0,0,0,0,0,0,0,0,0,0,0,1,0,0,0,0,0,0,0,0,0,0,0,0,0,0,0,0,0,0,1,0,0,0,0,0,0,0,0,0,0,0,0,0,0,0,0,0,0,0,0,1,0,0,0,0,0,0,0,0,0,0,0,0,0,0,0,0,0,0,1,0,0,0,0,0,0,0,0,0,0,0,0,0,0,0,0,0,0,0,0,0,0,0,0,0,0,0,0,1,0,0,0,0,0,0,0,0,0,0,1,0,0,0,0,0,0,0,0,0,0,0,0,0,0,0,0,0,0,0,0,0,0,0,0,0,0,0,0,1,0,0,0,0,0,0,0,1,0,0,0,0,0,0,0,0,0,0,0,0,0,0,0,0,0,0,0,0,0,0,0,1,0,0,0,0,0,0,0,0,0,0,0,0,1,0,0,0,0,0,0,0,0,0,0,0,0,0,0,0,0,0,0,0,0,0,0,0,0,0,0,0,0,0,0,0,0,0,0,1,0,0,0,0,0,0,0,0,0,0,0,0,0,0,0,0,0,0,0,0,1,0,0,0,0,0,0,0,0,0,0,1,0,0,0,0,0,0,0,0,0,0,0,0,0,0,0,0,0,0,0,0,0,0,0,0,0,0,0,0,1,0,0,0,0,0,0,0,0,0,0,0,0,0,0,0,0,0,0,1,0,0,0,0,0,0,0,0,0,0,0,0,0,0,0,1,0,0,0,0,0,0,0,0,0,0,0,0,0,0,0,0,0,0,0,0,0,0,0,1,0,0,0,0,0,0,0,1,0,0,0,0,0,0,0,0,0,0,0,0,0,0,0,0,0,0,0,0,0,0,0,0,0,0,0,0,0,0,0,1,0,0,0,0,0,0,0,0,0,1,0,0,0,0,0,0,0,0,0,0,0,0,0,0,0,0,0,0,0,0,0,0,0,0,0,0,0,0,0,1,0,0,0,0,0,0,0,0,0,0,0,0,0,0,0,0,0,0,0,0,0,1,0,0,0,0,0,0,0,0,0,0,0,0,0,0,0,0,0,0,1,0,0,0,1,0,0,0,0,0,0,0,0,0,0,0,0,0,0,0,0,0,0,0,0,0,0,0,0,0,0,0,0,0,0,0,0,0,1,0,0,0,0,0,0,0,0,0,0,0,0,0,0,0,0,1,0,0,0,0,0,0,0,0,0,0,0,0,0,0,0,0,0,0,0,0,0,0,0,1,0,0,0,0,0,0,0,0,0,0,0,0,1,0,0,0,0,0,0,0,0,0,0,0,0,0,0,0,0,0,0,0,0,0,0,0,0,0,0,0,1,0,0,0,0,0,0,0,0,0,0,0,0,0,0,0,0,0,0,0,1,0,0,0,0,0,0,0,0,0,0,0,0,0,0,0,0,0,0,1,0,0,0,0,0,0,0,0,0,0,0,0,0,1,0,0,0,0,0,0,0,0,0,0,0,0,0,0,0,0,0,0,0,0,0,0,0,0,0,1,0,0,0,0,0,0,0,0,0,0,0,0,1,0,0,0,0,0,0,0,0,0,0,0,0,0,0,0,0,0,0,0,0,0,0,0,0,0,1,0,0,0,0,0,0,0,0,1,0,0,0,0,0,0,0,0,0,0,0,0,0,0,0,0,0,0,0,0,0,0,0,0,0,0,0,0,0,0,1,0,0,0,0,0,0,0,0,0,0,0,0,0,1,0,0,0,0,0,0,0,0,0,0,0,0,0,0,0,0,0,0,0,0,0,0,0,0,0,1,0,0,0,0,0,0,0,0,0,0,0,0,0,1,0,0,0,0,0,0,0,0,0,0,0,0,0,0,0,0,0,0,0,0,0,0,0,0,0,0,0,1,0,0,0,0,0,0,1,0,0,0,0,0,0,0,0,0,0,0,0,0,0,0,0,0,0,0,0,0,0,0,0,0,0,0,0,0,0,0,0,1,0,0,0,0,0,0,0,0,0,0,0,0,1,0,0,0,0,0,0,0,0,0,0
8.525,108,1.0,-7.14386672117326e-18,2.6071508888431567e-18,1.0087523643062273,0.8509014701842041,0.5172642379647977,-8.33037345191662e-18,0.5552413535463228,0.7852348843738851,-0.6149944826693842,0.0215855338980315,0.5473091137011854,0.0687610481046591,0.9347014077258942,0.172495616957756,0.4780135371069313,0.409324422773595,0.9041164684260232,0.0044565793264312,0.4476402828318612,0.4724058865125841,-0.7460777951584561,0.2816596701575563,0.4327483424457673,0.146219402305127,-0.7917750742558951,0.3094492571748352,0.4235242363964299,0.548115421995484,-0.6990291881506152,-0.2937150069935699,0.4158146383446596,0.2754449027584676,-0.6539319032071053,-0.469490278605758,0.4129503479782147,0.8120099686109519,-0.486208670583467,0.0887119895921012,0.4071706338105362,0.9330825049547552,0.3420326918828226,-0.0320364133424636,0.3672279148671809,0.4535725379885367,-0.5873973468642789,0.298561218002254,0.3666126467574563,0.279171494060853,0.8694764739458416,-0.3096913124637381,0.3472493761474424,0.2464009027048011,0.7389955966115849,-0.4414258784488486,0.3439903074779757,0.4321968635835677,-0.7436064593035877,0.3481968941290828,0.3243995464413501,0.3903488959001036,0.8856858308473805,0.1418773964468867,0.3194417170975708,0.4064020815661895,0.5941151658027912,0.4968464904804531,0.30119241866239,0.5560029931261379,-0.6641915779013318,-0.270923626219841,0.3005443488709621,0.2506508790223614,0.7477412875271929,-0.5642820841945115,0.2952973926848281,0.3954100288168094,0.758494365299749,0.3191863335300658,0.2820005658421337,0.3528412636131571,-0.7018812893687701,0.4023861344578885,0.2726247844692012,0.657395266273601,-0.6033353997212643,-0.176606688514913,0.2723265402152536,0.1403322237545191,0.9405622070097256,-0.1698577917281383,0.2654181911083676,0.2342674218165866,0.9476584808300672,0.0075283940683349,0.2259687711416957,0.4625288551718103,-0.6284851655462093,-0.3470564296278797,0.2086426376268517,0,0,0,0,0,0,0,0,0,0,0,0,0,0,0,1,0,0,0,0,0,0,0,0,0,0,0,0,0,0,0,1,0,0,0,0,0,0,0,0,0,0,0,0,0,0,0,0,0,0,0,0,0,0,1,0,0,0,0,0,1,0,0,0,0,0,0,0,0,0,0,0,0,0,0,0,0,0,0,0,0,0,0,0,0,0,0,0,0,0,0,0,0,0,0,1,0,0,0,0,0,0,0,1,0,0,0,0,0,0,0,0,0,0,0,0,0,0,0,0,0,0,0,0,0,0,0,0,0,0,0,0,0,0,1,0,0,0,0,0,0,0,0,0,0,0,1,0,0,0,0,0,0,0,0,0,0,0,0,0,0,0,0,0,0,0,0,0,0,0,0,0,0,0,1,0,0,0,0,0,0,0,0,1,0,0,0,0,0,0,0,0,0,0,0,0,0,0,0,0,0,0,0,0,0,0,0,0,0,0,0,0,0,0,0,1,0,0,0,0,0,0,0,1,0,0,0,0,0,0,0,0,0,0,0,0,0,0,0,0,0,0,0,0,0,0,0,0,0,0,0,0,0,0,0,1,0,0,0,0,0,0,0,0,0,0,0,0,1,0,0,0,0,0,0,0,0,0,0,0,0,0,0,0,0,0,0,0,0,0,0,0,0,0,0,1,0,0,0,0,1,0,0,0,0,0,0,0,0,0,0,0,0,0,0,0,0,0,0,0,0,0,0,0,0,0,0,0,0,0,0,0,0,0,0,1,0,0,0,0,0,0,0,0,0,0,0,0,0,0,0,0,0,0,0,0,1,0,0,0,0,0,0,0,0,0,0,0,0,0,0,0,0,0,0,1,0,0,0,0,0,0,0,0,0,0,1,0,0,0,0,0,0,0,0,0,0,0,0,0,0,0,0,0,0,0,0,0,0,0,0,0,0,0,1,0,0,0,0,0,0,0,0,0,0,0,0,0,0,0,0,0,0,0,0,0,1,0,0,0,0,0,0,0,0,0,0,0,0,0,0,0,0,0,0,1,0,0,0,0,0,0,0,0,0,0,0,0,1,0,0,0,0,0,0,0,0,0,0,0,0,0,0,0,0,0,0,0,0,0,0,0,0,0,1,0,0,0,0,0,0,0,0,1,0,0,0,0,0,0,0,0,0,0,0,0,0,0,0,0,0,0,0,0,0,0,0,0,0,0,0,0,0,0,1,0,0,0,0,0,0,0,0,0,0,0,0,0,1,0,0,0,0,0,0,0,0,0,0,0,0,0,0,0,0,0,0,0,0,0,0,0,0,0,0,1,0,0,0,0,0,0,0,0,0,0,0,0,0,0,0,0,0,0,0,0,0,1,0,0,0,0,0,0,0,0,0,0,0,0,0,0,0,0,1,0,0,0,0,0,0,0,0,0,0,0,0,0,0,0,0,1,0,0,0,0,0,0,0,0,0,0,0,0,0,0,0,1,0,0,0,0,0,0,0,0,0,0,0,0,0,0,0,0,0,0,0,0,0,0,0,0,0,0,0,0,1,0,0,0,0,0,0,0,0,0,0,0,0,0,0,0,0,0,0,1,0,0,0,0,0,0,0,0,0,0,0,0,0,0,0,1,0,0,0,0,0,0,0,0,0,0,0,0,0,0,0,0,0,0,0,0,0,0,1,0,0,0,0,0,0,0,0,0,0,0,0,0,1,0,0,0,0,0,0,0,0,0,0,0,0,0,0,0,0,0,0,1,0,0,0,0,0,0,0,0,0,0,0,0,1,0,0,0,0,0,0,0,0,0,0,0,0,0,0,0,0,0,0,0,0,0,0,0,0,0,0,0,0,0,0,0,0,0,0,1,0,0,0,0,0,0,0,0,0,0,0,0,0,1,0,0,0,0,0,0,0,0,0,0,0,0,0,0,0,0,0,0,0,0,0,0,0,0,0,1,0,0,0,0,0,0,0,0,0,1,0,0,0,0,0,0,0,0,0,0,0,0,0,0,0,0,0,0,0,0,0,0,0,0,0,0,0,0,1,0,0,0,0,0,0,0,0,1,0,0,0,0,0,0,0,0,0,0,0,0,0,0,0,0,0,0,0,0,0,0,0,0,0,0,0,0,0,0,1,0,0,0,0,0,0,0,0,1,0,0,0,0,0,0,0,0,0,0,0,0,0,0,0,0,0,0,0,0,0,0,0,0,0,0,0,0,0,0,0,1,0,0,0,0,0,0,0,1,0,0,0,0,0,0,0,0,0,0,0,0,0,0,0,0
8.331,109,1.0,1.3186865639526113e-17,2.7891521576953934e-17,1.0100009979178353,0.8327185276932321,0.5364371577893072,1.479276240375576e-17,0.5510266324725266,0.7957926954119381,-0.574775947798461,0.0462842955751968,0.5418801973508279,0.0376104467655744,0.946852005705698,0.0300059847765575,0.4872948720274269,0.4061465110313363,0.8867745343461632,-0.0499336627903447,0.4498869271148941,0.4711615124769275,-0.7679713650612214,0.2994092648930758,0.4345637614545781,0.5730359391138267,-0.6195326405459574,-0.2751581082330061,0.4104010943545355,0.3370608061731504,-0.5838370024429173,-0.4506410130704045,0.3983659732409104,0.8343124543254034,-0.4262409513390371,0.1190245986642788,0.3937206063522825,0.3507439498874679,-0.73043098082227,0.3159069321531084,0.3752176817997913,0.3598051877744585,-0.6427775476944037,0.4396013824158977,0.370981190893559,0.8908833417455322,0.3935922844067668,0.016166696195006,0.3671251819511344,0.2357013064396802,-0.8687561748925288,0.2483742876706809,0.3487793734351854,0.1300070891145265,0.6308901354353297,-0.6440908404272503,0.3480353379542575,0.3352060149925798,0.8073895965644062,-0.3970286247508169,0.3464505387417748,0.3739449541410456,0.8493777325890383,0.1798160299445115,0.3203574067856806,0.535508468336419,-0.5926354342460817,-0.2393372174603887,0.3055332261302627,0.562094900264935,-0.5291368222220353,-0.1394702614483782,0.297490276777038,0.0909386233102154,0.7380964838363985,0.3476708643227764,0.2930262848136488,0.1896029675123034,-0.5611621744326359,0.6167577271070166,0.2761069226021458,0.2371817812492279,0.8100946084676757,0.310715463819108,0.2753927826723964,0.4685553681146572,0.7948352408797975,0.1546057249029203,0.2723265402152536,0.4067689919576521,0.720001466919091,-0.4183447136100333,0.26632396662223,-0.1255809944539351,0.6343290395383661,-0.6326945518894221,0.2629756869334304,0.2871429303643031,0.8007966853246568,-0.436838256441631,0.259202360934497,0,0,0,0,0,0,0,0,0,0,0,0,0,0,0,1,0,0,0,0,0,0,0,0,0,0,0,0,0,0,0,1,0,0,0,0,0,0,0,0,0,0,0,0,0,0,0,0,0,0,0,0,0,0,0,1,0,0,0,0,1,0,0,0,0,0,0,0,0,0,0,0,0,0,0,0,0,0,0,0,0,0,0,0,0,0,0,0,0,0,0,0,0,0,0,1,0,0,0,0,0,0,0,1,0,0,0,0,0,0,0,0,0,0,0,0,0,0,0,0,0,0,0,0,0,0,0,0,0,0,0,0,0,0,0,1,0,0,0,0,0,0,0,0,0,0,1,0,0,0,0,0,0,0,0,0,0,0,0,0,0,0,0,0,0,0,0,0,0,0,0,0,0,0,0,1,0,0,0,0,0,0,0,1,0,0,0,0,0,0,0,0,0,0,0,0,0,0,0,0,0,0,0,0,0,0,0,0,0,0,0,0,0,0,0,1,0,0,0,0,0,0,0,1,0,0,0,0,0,0,0,0,0,0,0,0,0,0,0,0,0,0,0,0,0,0,0,0,0,0,0,0,0,0,0,1,0,0,0,0,1,0,0,0,0,0,0,0,0,0,0,0,0,0,0,0,0,0,0,0,0,0,0,0,0,0,0,0,0,0,0,0,0,0,0,1,0,0,0,0,0,0,0,0,0,0,0,0,0,0,0,0,0,0,0,0,1,0,0,0,0,0,0,0,0,0,0,0,0,0,0,0,0,0,0,1,0,0,0,0,0,0,0,0,0,0,1,0,0,0,0,0,0,0,0,0,0,0,0,0,0,0,0,0,0,0,0,0,0,0,0,0,0,0,0,1,0,0,0,0,0,0,0,0,0,0,0,0,1,0,0,0,0,0,0,0,0,0,0,0,0,0,0,0,0,0,0,0,0,0,0,0,0,0,0,1,0,0,0,0,0,0,0,0,0,0,0,0,0,0,0,0,0,0,0,0,0,1,0,0,0,0,0,0,0,0,0,0,0,0,0,0,0,0,0,1,0,0,0,0,0,0,0,0,0,0,0,0,0,0,0,0,0,0,0,0,1,0,0,0,0,0,0,0,0,0,0,0,0,0,0,0,0,0,0,1,0,0,0,0,0,0,0,0,0,0,0,0,1,0,0,0,0,0,0,0,0,0,0,0,0,0,0,0,0,0,0,0,0,0,0,0,0,0,0,1,0,0,0,0,0,0,0,0,0,0,0,0,0,0,0,0,0,0,0,0,0,1,0,0,0,0,0,0,0,0,0,0,0,0,0,0,0,0,0,1,0,0,0,0,0,0,0,1,0,0,0,0,0,0,0,0,0,0,0,0,0,0,0,0,0,0,0,0,0,0,0,0,0,0,0,0,0,0,0,1,0,0,0,0,0,0,0,0,0,0,0,0,0,0,0,1,0,0,0,0,0,0,0,0,0,0,0,0,0,0,0,1,0,0,0,0,0,0,0,0,0,0,0,0,0,0,0,0,0,0,0,0,0,0,0,1,0,0,0,0,0,0,0,0,0,0,0,0,0,0,0,1,0,0,0,0,0,0,0,0,0,0,0,0,0,0,0,0,0,1,0,0,0,0,0,0,0,0,0,0,0,0,0,0,0,0,0,0,0,0,0,0,0,0,0,0,0,0,1,0,0,0,0,0,0,0,0,0,0,0,0,0,0,0,0,0,0,0,0,0,1,0,0,0,0,0,0,0,0,0,0,0,0,0,0,0,0,0,0,1,0,0,0,0,0,0,0,0,0,0,0,0,0,1,0,0,0,0,0,0,0,0,0,0,0,0,0,0,0,0,0,0,0,0,0,0,0,0,1,0,0,0,0,0,1,0,0,0,0,0,0,0,0,0,0,0,0,0,0,0,0,0,0,0,0,0,0,0,0,0,0,0,0,0,0,0,0,0,0,1,0,0,0,0,0,0,0,0,0,1,0,0,0,0,0,0,0,0,0,0,0,0,0,0,0,0,0,0,0,0,0,0,0,0,0,0,0,0,0,1,0,0,0,0,0,0,0,0,0,0,0,0,1,0,0,0,0,0,0,0,0,0,0,0,0,0,0,0,0,0,0,0,0,0,0,0,0,0,0,1,0,0,0,0,0,0,0,0,0,0,0,0,0,1,0,0,0,0,0,0,0,0,0,0,0,0,0,0,0,0,0,0,0,0,0,0,0,0,0,1,0,0,0,0,0,0,0,0,0,0,0,0,1,0,0,0,0,0,0,0,0,0,0,0
