h_shift,res_index,dx_n_1,dy_n_1,dz_n_1,metric_n_1,dx_n_2,dy_n_2,dz_n_2,metric_n_2,dx_n_3,dy_n_3,dz_n_3,metric_n_3,dx_n_4,dy_n_4,dz_n_4,metric_n_4,dx_n_5,dy_n_5,dz_n_5,metric_n_5,dx_n_6,dy_n_6,dz_n_6,metric_n_6,dx_n_7,dy_n_7,dz_n_7,metric_n_7,dx_n_8,dy_n_8,dz_n_8,metric_n_8,dx_n_9,dy_n_9,dz_n_9,metric_n_9,dx_n_10,dy_n_10,dz_n_10,metric_n_10,dx_n_11,dy_n_11,dz_n_11,metric_n_11,dx_n_12,dy_n_12,dz_n_12,metric_n_12,dx_n_13,dy_n_13,dz_n_13,metric_n_13,dx_n_14,dy_n_14,dz_n_14,metric_n_14,dx_n_15,dy_n_15,dz_n_15,metric_n_15,dx_n_16,dy_n_16,dz_n_16,metric_n_16,dx_n_17,dy_n_17,dz_n_17,metric_n_17,dx_n_18,dy_n_18,dz_n_18,metric_n_18,dx_n_19,dy_n_19,dz_n_19,metric_n_19,dx_n_20,dy_n_20,dz_n_20,metric_n_20,dx_n_21,dy_n_21,dz_n_21,metric_n_21,dx_n_22,dy_n_22,dz_n_22,metric_n_22,dx_n_23,dy_n_23,dz_n_23,metric_n_23,dx_n_24,dy_n_24,dz_n_24,metric_n_24,dx_n_25,dy_n_25,dz_n_25,metric_n_25,is_ALA_n_1,is_ARG_n_1,is_ASN_n_1,is_ASP_n_1,is_CYS_n_1,is_GLN_n_1,is_GLU_n_1,is_GLY_n_1,is_HIS_n_1,is_ILE_n_1,is_LEU_n_1,is_LYS_n_1,is_MET_n_1,is_PHE_n_1,is_PRO_n_1,is_SER_n_1,is_THR_n_1,is_TRP_n_1,is_TYR_n_1,is_VAL_n_1,is_C_n_1,is_CA_n_1,is_CR_n_1,is_CT_n_1,is_CW_n_1,is_N_n_1,is_N3_n_1,is_NB_n_1,is_NH1_n_1,is_NH2_n_1,is_O_n_1,is_OH_n_1,is_S_n_1,is_SH_n_1,is_ALA_n_2,is_ARG_n_2,is_ASN_n_2,is_ASP_n_2,is_CYS_n_2,is_GLN_n_2,is_GLU_n_2,is_GLY_n_2,is_HIS_n_2,is_ILE_n_2,is_LEU_n_2,is_LYS_n_2,is_MET_n_2,is_PHE_n_2,is_PRO_n_2,is_SER_n_2,is_THR_n_2,is_TRP_n_2,is_TYR_n_2,is_VAL_n_2,is_C_n_2,is_CA_n_2,is_CR_n_2,is_CT_n_2,is_CW_n_2,is_N_n_2,is_N3_n_2,is_NB_n_2,is_NH1_n_2,is_NH2_n_2,is_O_n_2,is_OH_n_2,is_S_n_2,is_SH_n_2,is_ALA_n_3,is_ARG_n_3,is_ASN_n_3,is_ASP_n_3,is_CYS_n_3,is_GLN_n_3,is_GLU_n_3,is_GLY_n_3,is_HIS_n_3,is_ILE_n_3,is_LEU_n_3,is_LYS_n_3,is_MET_n_3,is_PHE_n_3,is_PRO_n_3,is_SER_n_3,is_THR_n_3,is_TRP_n_3,is_TYR_n_3,is_VAL_n_3,is_C_n_3,is_CA_n_3,is_CR_n_3,is_CT_n_3,is_CW_n_3,is_N_n_3,is_N3_n_3,is_NB_n_3,is_NH1_n_3,is_NH2_n_3,is_O_n_3,is_OH_n_3,is_S_n_3,is_SH_n_3,is_ALA_n_4,is_ARG_n_4,is_ASN_n_4,is_ASP_n_4,is_CYS_n_4,is_GLN_n_4,is_GLU_n_4,is_GLY_n_4,is_HIS_n_4,is_ILE_n_4,is_LEU_n_4,is_LYS_n_4,is_MET_n_4,is_PHE_n_4,is_PRO_n_4,is_SER_n_4,is_THR_n_4,is_TRP_n_4,is_TYR_n_4,is_VAL_n_4,is_C_n_4,is_CA_n_4,is_CR_n_4,is_CT_n_4,is_CW_n_4,is_N_n_4,is_N3_n_4,is_NB_n_4,is_NH1_n_4,is_NH2_n_4,is_O_n_4,is_OH_n_4,is_S_n_4,is_SH_n_4,is_ALA_n_5,is_ARG_n_5,is_ASN_n_5,is_ASP_n_5,is_CYS_n_5,is_GLN_n_5,is_GLU_n_5,is_GLY_n_5,is_HIS_n_5,is_ILE_n_5,is_LEU_n_5,is_LYS_n_5,is_MET_n_5,is_PHE_n_5,is_PRO_n_5,is_SER_n_5,is_THR_n_5,is_TRP_n_5,is_TYR_n_5,is_VAL_n_5,is_C_n_5,is_CA_n_5,is_CR_n_5,is_CT_n_5,is_CW_n_5,is_N_n_5,is_N3_n_5,is_NB_n_5,is_NH1_n_5,is_NH2_n_5,is_O_n_5,is_OH_n_5,is_S_n_5,is_SH_n_5,is_ALA_n_6,is_ARG_n_6,is_ASN_n_6,is_ASP_n_6,is_CYS_n_6,is_GLN_n_6,is_GLU_n_6,is_GLY_n_6,is_HIS_n_6,is_ILE_n_6,is_LEU_n_6,is_LYS_n_6,is_MET_n_6,is_PHE_n_6,is_PRO_n_6,is_SER_n_6,is_THR_n_6,is_TRP_n_6,is_TYR_n_6,is_VAL_n_6,is_C_n_6,is_CA_n_6,is_CR_n_6,is_CT_n_6,is_CW_n_6,is_N_n_6,is_N3_n_6,is_NB_n_6,is_NH1_n_6,is_NH2_n_6,is_O_n_6,is_OH_n_6,is_S_n_6,is_SH_n_6,is_ALA_n_7,is_ARG_n_7,is_ASN_n_7,is_ASP_n_7,is_CYS_n_7,is_GLN_n_7,is_GLU_n_7,is_GLY_n_7,is_HIS_n_7,is_ILE_n_7,is_LEU_n_7,is_LYS_n_7,is_MET_n_7,is_PHE_n_7,is_PRO_n_7,is_SER_n_7,is_THR_n_7,is_TRP_n_7,is_TYR_n_7,is_VAL_n_7,is_C_n_7,is_CA_n_7,is_CR_n_7,is_CT_n_7,is_CW_n_7,is_N_n_7,is_N3_n_7,is_NB_n_7,is_NH1_n_7,is_NH2_n_7,is_O_n_7,is_OH_n_7,is_S_n_7,is_SH_n_7,is_ALA_n_8,is_ARG_n_8,is_ASN_n_8,is_ASP_n_8,is_CYS_n_8,is_GLN_n_8,is_GLU_n_8,is_GLY_n_8,is_HIS_n_8,is_ILE_n_8,is_LEU_n_8,is_LYS_n_8,is_MET_n_8,is_PHE_n_8,is_PRO_n_8,is_SER_n_8,is_THR_n_8,is_TRP_n_8,is_TYR_n_8,is_VAL_n_8,is_C_n_8,is_CA_n_8,is_CR_n_8,is_CT_n_8,is_CW_n_8,is_N_n_8,is_N3_n_8,is_NB_n_8,is_NH1_n_8,is_NH2_n_8,is_O_n_8,is_OH_n_8,is_S_n_8,is_SH_n_8,is_ALA_n_9,is_ARG_n_9,is_ASN_n_9,is_ASP_n_9,is_CYS_n_9,is_GLN_n_9,is_GLU_n_9,is_GLY_n_9,is_HIS_n_9,is_ILE_n_9,is_LEU_n_9,is_LYS_n_9,is_MET_n_9,is_PHE_n_9,is_PRO_n_9,is_SER_n_9,is_THR_n_9,is_TRP_n_9,is_TYR_n_9,is_VAL_n_9,is_C_n_9,is_CA_n_9,is_CR_n_9,is_CT_n_9,is_CW_n_9,is_N_n_9,is_N3_n_9,is_NB_n_9,is_NH1_n_9,is_NH2_n_9,is_O_n_9,is_OH_n_9,is_S_n_9,is_SH_n_9,is_ALA_n_10,is_ARG_n_10,is_ASN_n_10,is_ASP_n_10,is_CYS_n_10,is_GLN_n_10,is_GLU_n_10,is_GLY_n_10,is_HIS_n_10,is_ILE_n_10,is_LEU_n_10,is_LYS_n_10,is_MET_n_10,is_PHE_n_10,is_PRO_n_10,is_SER_n_10,is_THR_n_10,is_TRP_n_10,is_TYR_n_10,is_VAL_n_10,is_C_n_10,is_CA_n_10,is_CR_n_10,is_CT_n_10,is_CW_n_10,is_N_n_10,is_N3_n_10,is_NB_n_10,is_NH1_n_10,is_NH2_n_10,is_O_n_10,is_OH_n_10,is_S_n_10,is_SH_n_10,is_ALA_n_11,is_ARG_n_11,is_ASN_n_11,is_ASP_n_11,is_CYS_n_11,is_GLN_n_11,is_GLU_n_11,is_GLY_n_11,is_HIS_n_11,is_ILE_n_11,is_LEU_n_11,is_LYS_n_11,is_MET_n_11,is_PHE_n_11,is_PRO_n_11,is_SER_n_11,is_THR_n_11,is_TRP_n_11,is_TYR_n_11,is_VAL_n_11,is_C_n_11,is_CA_n_11,is_CR_n_11,is_CT_n_11,is_CW_n_11,is_N_n_11,is_N3_n_11,is_NB_n_11,is_NH1_n_11,is_NH2_n_11,is_O_n_11,is_OH_n_11,is_S_n_11,is_SH_n_11,is_ALA_n_12,is_ARG_n_12,is_ASN_n_12,is_ASP_n_12,is_CYS_n_12,is_GLN_n_12,is_GLU_n_12,is_GLY_n_12,is_HIS_n_12,is_ILE_n_12,is_LEU_n_12,is_LYS_n_12,is_MET_n_12,is_PHE_n_12,is_PRO_n_12,is_SER_n_12,is_THR_n_12,is_TRP_n_12,is_TYR_n_12,is_VAL_n_12,is_C_n_12,is_CA_n_12,is_CR_n_12,is_CT_n_12,is_CW_n_12,is_N_n_12,is_N3_n_12,is_NB_n_12,is_NH1_n_12,is_NH2_n_12,is_O_n_12,is_OH_n_12,is_S_n_12,is_SH_n_12,is_ALA_n_13,is_ARG_n_13,is_ASN_n_13,is_ASP_n_13,is_CYS_n_13,is_GLN_n_13,is_GLU_n_13,is_GLY_n_13,is_HIS_n_13,is_ILE_n_13,is_LEU_n_13,is_LYS_n_13,is_MET_n_13,is_PHE_n_13,is_PRO_n_13,is_SER_n_13,is_THR_n_13,is_TRP_n_13,is_TYR_n_13,is_VAL_n_13,is_C_n_13,is_CA_n_13,is_CR_n_13,is_CT_n_13,is_CW_n_13,is_N_n_13,is_N3_n_13,is_NB_n_13,is_NH1_n_13,is_NH2_n_13,is_O_n_13,is_OH_n_13,is_S_n_13,is_SH_n_13,is_ALA_n_14,is_ARG_n_14,is_ASN_n_14,is_ASP_n_14,is_CYS_n_14,is_GLN_n_14,is_GLU_n_14,is_GLY_n_14,is_HIS_n_14,is_ILE_n_14,is_LEU_n_14,is_LYS_n_14,is_MET_n_14,is_PHE_n_14,is_PRO_n_14,is_SER_n_14,is_THR_n_14,is_TRP_n_14,is_TYR_n_14,is_VAL_n_14,is_C_n_14,is_CA_n_14,is_CR_n_14,is_CT_n_14,is_CW_n_14,is_N_n_14,is_N3_n_14,is_NB_n_14,is_NH1_n_14,is_NH2_n_14,is_O_n_14,is_OH_n_14,is_S_n_14,is_SH_n_14,is_ALA_n_15,is_ARG_n_15,is_ASN_n_15,is_ASP_n_15,is_CYS_n_15,is_GLN_n_15,is_GLU_n_15,is_GLY_n_15,is_HIS_n_15,is_ILE_n_15,is_LEU_n_15,is_LYS_n_15,is_MET_n_15,is_PHE_n_15,is_PRO_n_15,is_SER_n_15,is_THR_n_15,is_TRP_n_15,is_TYR_n_15,is_VAL_n_15,is_C_n_15,is_CA_n_15,is_CR_n_15,is_CT_n_15,is_CW_n_15,is_N_n_15,is_N3_n_15,is_NB_n_15,is_NH1_n_15,is_NH2_n_15,is_O_n_15,is_OH_n_15,is_S_n_15,is_SH_n_15,is_ALA_n_16,is_ARG_n_16,is_ASN_n_16,is_ASP_n_16,is_CYS_n_16,is_GLN_n_16,is_GLU_n_16,is_GLY_n_16,is_HIS_n_16,is_ILE_n_16,is_LEU_n_16,is_LYS_n_16,is_MET_n_16,is_PHE_n_16,is_PRO_n_16,is_SER_n_16,is_THR_n_16,is_TRP_n_16,is_TYR_n_16,is_VAL_n_16,is_C_n_16,is_CA_n_16,is_CR_n_16,is_CT_n_16,is_CW_n_16,is_N_n_16,is_N3_n_16,is_NB_n_16,is_NH1_n_16,is_NH2_n_16,is_O_n_16,is_OH_n_16,is_S_n_16,is_SH_n_16,is_ALA_n_17,is_ARG_n_17,is_ASN_n_17,is_ASP_n_17,is_CYS_n_17,is_GLN_n_17,is_GLU_n_17,is_GLY_n_17,is_HIS_n_17,is_ILE_n_17,is_LEU_n_17,is_LYS_n_17,is_MET_n_17,is_PHE_n_17,is_PRO_n_17,is_SER_n_17,is_THR_n_17,is_TRP_n_17,is_TYR_n_17,is_VAL_n_17,is_C_n_17,is_CA_n_17,is_CR_n_17,is_CT_n_17,is_CW_n_17,is_N_n_17,is_N3_n_17,is_NB_n_17,is_NH1_n_17,is_NH2_n_17,is_O_n_17,is_OH_n_17,is_S_n_17,is_SH_n_17,is_ALA_n_18,is_ARG_n_18,is_ASN_n_18,is_ASP_n_18,is_CYS_n_18,is_GLN_n_18,is_GLU_n_18,is_GLY_n_18,is_HIS_n_18,is_ILE_n_18,is_LEU_n_18,is_LYS_n_18,is_MET_n_18,is_PHE_n_18,is_PRO_n_18,is_SER_n_18,is_THR_n_18,is_TRP_n_18,is_TYR_n_18,is_VAL_n_18,is_C_n_18,is_CA_n_18,is_CR_n_18,is_CT_n_18,is_CW_n_18,is_N_n_18,is_N3_n_18,is_NB_n_18,is_NH1_n_18,is_NH2_n_18,is_O_n_18,is_OH_n_18,is_S_n_18,is_SH_n_18,is_ALA_n_19,is_ARG_n_19,is_ASN_n_19,is_ASP_n_19,is_CYS_n_19,is_GLN_n_19,is_GLU_n_19,is_GLY_n_19,is_HIS_n_19,is_ILE_n_19,is_LEU_n_19,is_LYS_n_19,is_MET_n_19,is_PHE_n_19,is_PRO_n_19,is_SER_n_19,is_THR_n_19,is_TRP_n_19,is_TYR_n_19,is_VAL_n_19,is_C_n_19,is_CA_n_19,is_CR_n_19,is_CT_n_19,is_CW_n_19,is_N_n_19,is_N3_n_19,is_NB_n_19,is_NH1_n_19,is_NH2_n_19,is_O_n_19,is_OH_n_19,is_S_n_19,is_SH_n_19,is_ALA_n_20,is_ARG_n_20,is_ASN_n_20,is_ASP_n_20,is_CYS_n_20,is_GLN_n_20,is_GLU_n_20,is_GLY_n_20,is_HIS_n_20,is_ILE_n_20,is_LEU_n_20,is_LYS_n_20,is_MET_n_20,is_PHE_n_20,is_PRO_n_20,is_SER_n_20,is_THR_n_20,is_TRP_n_20,is_TYR_n_20,is_VAL_n_20,is_C_n_20,is_CA_n_20,is_CR_n_20,is_CT_n_20,is_CW_n_20,is_N_n_20,is_N3_n_20,is_NB_n_20,is_NH1_n_20,is_NH2_n_20,is_O_n_20,is_OH_n_20,is_S_n_20,is_SH_n_20,is_ALA_n_21,is_ARG_n_21,is_ASN_n_21,is_ASP_n_21,is_CYS_n_21,is_GLN_n_21,is_GLU_n_21,is_GLY_n_21,is_HIS_n_21,is_ILE_n_21,is_LEU_n_21,is_LYS_n_21,is_MET_n_21,is_PHE_n_21,is_PRO_n_21,is_SER_n_21,is_THR_n_21,is_TRP_n_21,is_TYR_n_21,is_VAL_n_21,is_C_n_21,is_CA_n_21,is_CR_n_21,is_CT_n_21,is_CW_n_21,is_N_n_21,is_N3_n_21,is_NB_n_21,is_NH1_n_21,is_NH2_n_21,is_O_n_21,is_OH_n_21,is_S_n_21,is_SH_n_21,is_ALA_n_22,is_ARG_n_22,is_ASN_n_22,is_ASP_n_22,is_CYS_n_22,is_GLN_n_22,is_GLU_n_22,is_GLY_n_22,is_HIS_n_22,is_ILE_n_22,is_LEU_n_22,is_LYS_n_22,is_MET_n_22,is_PHE_n_22,is_PRO_n_22,is_SER_n_22,is_THR_n_22,is_TRP_n_22,is_TYR_n_22,is_VAL_n_22,is_C_n_22,is_CA_n_22,is_CR_n_22,is_CT_n_22,is_CW_n_22,is_N_n_22,is_N3_n_22,is_NB_n_22,is_NH1_n_22,is_NH2_n_22,is_O_n_22,is_OH_n_22,is_S_n_22,is_SH_n_22,is_ALA_n_23,is_ARG_n_23,is_ASN_n_23,is_ASP_n_23,is_CYS_n_23,is_GLN_n_23,is_GLU_n_23,is_GLY_n_23,is_HIS_n_23,is_ILE_n_23,is_LEU_n_23,is_LYS_n_23,is_MET_n_23,is_PHE_n_23,is_PRO_n_23,is_SER_n_23,is_THR_n_23,is_TRP_n_23,is_TYR_n_23,is_VAL_n_23,is_C_n_23,is_CA_n_23,is_CR_n_23,is_CT_n_23,is_CW_n_23,is_N_n_23,is_N3_n_23,is_NB_n_23,is_NH1_n_23,is_NH2_n_23,is_O_n_23,is_OH_n_23,is_S_n_23,is_SH_n_23,is_ALA_n_24,is_ARG_n_24,is_ASN_n_24,is_ASP_n_24,is_CYS_n_24,is_GLN_n_24,is_GLU_n_24,is_GLY_n_24,is_HIS_n_24,is_ILE_n_24,is_LEU_n_24,is_LYS_n_24,is_MET_n_24,is_PHE_n_24,is_PRO_n_24,is_SER_n_24,is_THR_n_24,is_TRP_n_24,is_TYR_n_24,is_VAL_n_24,is_C_n_24,is_CA_n_24,is_CR_n_24,is_CT_n_24,is_CW_n_24,is_N_n_24,is_N3_n_24,is_NB_n_24,is_NH1_n_24,is_NH2_n_24,is_O_n_24,is_OH_n_24,is_S_n_24,is_SH_n_24,is_ALA_n_25,is_ARG_n_25,is_ASN_n_25,is_ASP_n_25,is_CYS_n_25,is_GLN_n_25,is_GLU_n_25,is_GLY_n_25,is_HIS_n_25,is_ILE_n_25,is_LEU_n_25,is_LYS_n_25,is_MET_n_25,is_PHE_n_25,is_PRO_n_25,is_SER_n_25,is_THR_n_25,is_TRP_n_25,is_TYR_n_25,is_VAL_n_25,is_C_n_25,is_CA_n_25,is_CR_n_25,is_CT_n_25,is_CW_n_25,is_N_n_25,is_N3_n_25,is_NB_n_25,is_NH1_n_25,is_NH2_n_25,is_O_n_25,is_OH_n_25,is_S_n_25,is_SH_n_25
119.5,1,1.0,-1.4398909508096602e-17,-1.69521002878069e-17,1.0079442849502696,0.8610799044443957,0.5068421620021644,-7.4962039905351e-18,0.5718447328224802,0.78546318315504,-0.610235559315299,0.0705572959757453,0.5472725251668595,0.3439772534307474,-0.8291985764947345,0.4013535029180606,0.4624344866030575,0.4339532353628546,0.8982133978761787,-0.0029075981717775,0.4442947702288579,0.6052475174920016,-0.6769577339547339,-0.3761704379231488,0.4020640094105389,0.1906899855933302,0.8637380231947814,-0.3588092175837405,0.3831702115118106,0.942915034523084,0.3061026200079671,-0.0382176189965803,0.3812083567522111,0.4165200253285991,-0.6500637522998679,-0.5643549808397083,0.3660489960046443,0.3187668907267831,-0.7632104255541738,0.4432163611105443,0.3397822100056197,0.5673122902666986,-0.6270951941609537,-0.419903005464976,0.3121773669422496,0.4755339416050788,0.8643583308963342,0.066521919658502,0.3006317970065629,0.041232981205466,0.8689019975206618,-0.3134247556025055,0.2854970268835645,0.057409815082089,0.8717685343576924,-0.1383569803236684,0.2645888863154878,0.4684104735967983,-0.6063668590958405,-0.5395510654319314,0.2347171516100535,-0.0572900100502871,0.7970551143221798,-0.4350713476213389,0.2338599842774521,0.3748200559619983,-0.683309683609917,-0.5586057036272258,0.2062381855769461,0.3321368737026992,-0.7343544119601721,-0.4553539206472898,0.2016997054282297,0.4612940018803492,-0.2990776021483488,-0.461704516439247,0.1991343296106861,0.4832782304514832,-0.3459980772822283,-0.459332958836008,0.1846258699733703,0.3219872450230369,-0.6544878955036022,-0.6440176033792158,0.182673242891162,0.4949865437720422,-0.4778061194459929,-0.5208862462997818,0.1817948565840051,0.0414726904601685,-0.1665339794181367,-0.7728917933482922,0.1549788742345499,0.4258840497571011,-0.2576024330077881,-0.3941900535240931,0.1484641026911379,0.0573887500943503,-0.1193986495586911,-0.7752131475066022,0.1337870092478008,0,0,0,0,0,0,0,0,0,0,0,0,0,0,0,1,0,0,0,0,0,0,0,0,0,1,0,0,0,0,0,0,0,0,0,0,1,0,0,0,0,0,0,0,0,0,0,0,0,0,0,0,0,0,1,0,0,0,0,0,0,0,0,0,0,0,0,0,0,0,0,0,0,0,0,0,0,0,0,0,0,0,0,1,0,0,0,0,0,0,0,1,0,0,0,0,0,0,0,0,0,0,0,0,0,0,0,0,0,0,0,0,0,0,0,0,0,1,0,0,0,0,0,0,0,1,0,0,0,0,0,0,0,0,0,0,0,0,1,0,0,0,0,0,0,0,0,0,0,0,0,0,0,0,0,0,0,0,0,1,0,0,0,0,0,0,0,0,0,0,0,0,0,0,0,0,0,0,0,0,0,0,0,0,0,1,0,0,0,0,1,0,0,0,0,0,0,0,0,0,0,0,0,0,0,0,1,0,0,0,0,0,0,0,0,0,0,0,0,0,0,0,0,0,0,0,0,1,0,0,0,0,0,0,0,0,0,0,0,0,1,0,0,0,0,0,0,0,0,0,0,0,0,0,0,0,0,0,0,0,0,0,0,0,0,0,0,0,1,0,0,0,0,0,0,0,0,0,0,0,0,0,0,0,0,0,0,1,0,0,0,0,0,0,0,0,0,0,0,0,0,0,1,0,0,0,0,0,0,0,0,0,0,0,0,0,0,0,0,0,0,1,0,0,0,0,0,0,0,0,0,0,0,0,0,0,0,1,0,0,0,0,0,1,0,0,0,0,0,0,0,0,0,0,0,0,0,0,0,0,0,0,0,0,0,1,0,0,0,0,0,0,0,0,0,0,1,0,0,0,0,0,0,0,0,0,0,0,0,0,0,0,0,0,0,0,0,0,0,1,0,0,0,0,0,0,0,0,0,0,1,0,0,0,0,0,0,0,0,0,0,0,0,0,0,0,0,0,1,0,0,0,0,0,0,0,0,0,0,0,0,0,0,0,1,0,0,0,0,0,0,0,0,0,0,0,0,0,0,0,0,0,0,0,0,0,0,0,0,0,0,0,1,0,0,0,0,0,0,1,0,0,0,0,0,0,0,0,0,0,0,0,0,0,0,0,0,0,0,1,0,0,0,0,0,0,0,0,0,0,0,0,1,0,0,0,0,0,0,0,0,0,0,0,0,0,0,0,0,0,0,0,0,0,0,1,0,0,0,0,0,0,0,0,0,0,0,1,0,0,0,0,0,0,0,0,0,0,0,0,0,0,0,0,1,0,0,0,0,0,0,0,0,0,0,0,0,0,0,0,0,1,0,0,0,0,0,0,0,0,0,0,0,0,0,0,0,0,0,0,0,0,0,0,0,0,0,0,1,0,0,0,0,0,0,1,0,0,0,0,0,0,0,0,0,0,0,0,0,0,0,0,0,0,0,0,0,0,0,0,0,0,1,0,0,0,0,0,0,1,0,0,0,0,0,0,0,0,0,0,0,0,0,0,0,0,1,0,0,0,0,0,0,0,0,0,0,0,0,0,0,0,0,0,0,0,0,0,0,0,0,0,0,0,0,1,0,0,0,0,0,0,0,0,0,1,0,0,0,0,0,0,0,0,0,0,0,1,0,0,0,0,0,0,0,0,0,0,0,0,0,0,0,0,0,0,0,1,0,0,0,0,0,0,0,0,0,0,0,0,0,0,0,0,1,0,0,0,0,0,0,0,0,0,0,0,0,0,0,0,0,0,0,0,0,0,0,0,1,0,0,0,0,0,0,1,0,0,0,0,0,0,0,0,0,0,0,0,0,0,0,0,0,0,0,0,0,0,0,0,0,0,1,0,0,0,0,0,0,0,0,0,1,0,0,0,0,0,0,0,0,0,0,0,0,0,1,0,0,0,0,0,0,0,0,0,0,0,0,0
126.3,2,1.0,-5.7363588214490376e-18,1.627191099174088e-17,1.009750330380765,0.8322509313756437,0.5530969575035082,1.3212658846423979e-17,0.5602659650198345,0.7953336974797234,-0.5956279281227093,-0.03396861750099,0.5418945765343187,0.3115469867068595,-0.9280162435375032,0.1497570281438127,0.4701972537066757,0.3847436783069867,0.9132671393824128,0.0454347539559972,0.4449970966122984,0.1372291095012716,-0.7579413854800344,0.6063924881746168,0.4100952537505624,0.013609649896363,0.7233802695757953,-0.3645513252187075,0.3940997755281255,0.6971366943601437,-0.5193815415275321,-0.4618846491033121,0.3829182044442505,0.3397033717526351,-0.4814144784166824,0.7776201476372552,0.3725253026105159,0.9209535631293456,0.3753841542844857,-0.0604614120802319,0.3720612389696596,0.5020436847840686,-0.4154124334566814,-0.713512140027708,0.3662248503252575,0.2687838844362311,0.8570317048962798,-0.2102429425684263,0.3513428389682334,0.2987193758523325,0.884039728373903,0.2234816728477135,0.3490362595357715,-0.1658844870972542,-0.7582837339839199,0.5890668114781652,0.3285150131675308,0.0663797471806053,0.7724143317946461,0.3731142390746053,0.3159419434979352,0.1475758731468269,0.8358988665120368,0.3467354743095488,0.3034994337480506,0.7351974843555167,-0.4890771401899907,-0.4055939526572878,0.2828455964119024,0.1045017901169902,0.7678823178106481,0.3740838591922199,0.2286662523747061,0.6748936078731849,-0.4354139418864637,-0.5348686893104524,0.2189054533140513,0.1764380193991126,0.5862902335833288,0.4330866530339101,0.2021436330919962,0.5761837881849344,-0.543869801434876,-0.5646174647251272,0.1909143243982833,-0.0551175935766057,0.7090854606459853,0.4544363671968188,0.1816518833830255,0.7166375622403892,-0.3504002883332678,-0.4683586865173574,0.1692802973358818,0.4829601071279633,-0.646059102429847,-0.5340380969847476,0.1500821783830778,0.5240363616334389,-0.4874308531232385,-0.6671061861954392,0.1437384150588679,0,0,0,1,0,0,0,0,0,0,0,0,0,0,0,0,0,0,0,0,0,0,0,0,0,1,0,0,0,0,0,0,0,0,0,0,0,0,0,0,0,0,0,0,0,0,0,0,0,1,0,0,0,0,1,0,0,0,0,0,0,0,0,0,0,0,0,0,0,0,0,1,0,0,0,0,0,0,0,0,0,0,0,0,0,0,0,0,0,0,0,1,0,0,0,0,0,0,0,0,0,0,0,0,0,1,0,0,0,0,0,0,0,0,0,0,0,0,0,0,0,0,0,0,0,1,0,0,0,0,0,0,0,0,0,0,0,0,0,0,0,0,0,0,0,0,0,0,0,0,0,1,0,0,0,0,0,0,0,1,0,0,0,0,0,0,0,0,0,0,0,0,0,1,0,0,0,0,0,0,0,0,0,0,0,0,0,0,0,0,1,0,0,0,0,0,0,0,0,0,0,0,0,0,0,0,0,0,0,0,0,0,0,0,0,0,0,0,0,1,0,0,0,0,0,0,0,0,0,0,0,0,0,0,0,1,0,0,0,0,0,1,0,0,0,0,0,0,0,0,0,0,0,0,0,0,0,0,1,0,0,0,0,0,0,0,0,0,0,0,0,0,0,0,0,1,0,0,0,0,0,0,0,0,0,0,0,0,0,0,0,0,0,0,0,0,0,0,0,0,0,0,1,0,0,0,0,0,0,0,0,0,0,0,0,0,0,0,0,0,0,1,0,0,0,0,0,0,0,0,0,0,0,0,0,0,1,0,0,0,0,0,0,1,0,0,0,0,0,0,0,0,0,0,0,0,0,0,0,0,0,0,0,0,0,0,0,0,0,0,1,0,0,0,0,0,0,0,0,0,0,0,0,0,0,0,0,0,0,1,0,0,0,0,0,0,0,1,0,0,0,0,0,0,0,0,0,0,0,0,0,0,0,0,0,0,0,0,0,0,0,0,0,1,0,0,0,0,0,0,0,0,0,1,0,0,0,0,0,0,0,0,0,0,0,1,0,0,0,0,0,0,0,0,0,0,0,0,0,0,0,0,0,0,0,0,0,0,0,0,0,0,1,0,0,0,0,0,1,0,0,0,0,0,0,0,0,0,0,0,0,0,0,0,0,0,0,0,0,0,0,0,0,0,0,0,1,0,0,0,0,0,1,0,0,0,0,0,0,0,0,0,0,0,0,0,0,0,0,0,1,0,0,0,0,0,0,0,0,0,0,0,0,0,0,0,0,0,0,0,0,0,0,0,0,0,0,0,0,1,0,0,0,0,0,0,0,0,0,1,0,0,0,0,0,0,0,0,0,0,1,0,0,0,0,0,0,0,0,0,0,0,0,0,0,0,0,0,0,0,0,1,0,0,0,0,0,0,0,0,0,0,0,0,0,0,0,0,0,0,0,0,0,0,0,0,0,1,0,0,0,0,0,0,0,1,0,0,0,0,0,0,0,0,0,0,0,0,1,0,0,0,0,0,0,0,0,0,0,0,0,0,0,0,0,0,0,0,0,1,0,0,0,0,0,0,0,0,0,0,0,0,0,0,0,0,0,0,0,0,0,0,0,0,0,1,0,0,0,0,1,0,0,0,0,0,0,0,0,0,0,0,0,0,0,0,1,0,0,0,0,0,0,0,0,0,0,0,0,0,0,0,0,0,0,0,0,0,0,1,0,0,0,0,0,0,0,0,0,0,0,0,0,0,0,0,0,0,0,0,0,0,0,1,0,0,0,0,0,0,0,1,0,0,0,0,0,0,0,0,0,0,0,0,0,0,0,0,0,0,0,0,0,0,0,0,0,1,0,0,0,0,0,0,0,0,0,0,0,0,0,0,1,0,0,0,0,0,0,0,0,0,1,0,0,0,0,0,0,0,0,0,0,0,0,0,0,0,0,0,0,1,0,0,0,0,0,0,0,0
118.8,3,1.0,3.2498469937003533e-18,2.3423029492011402e-17,1.0106613944959868,0.8023935382093574,0.5922347927250783,2.2742033424770162e-18,0.5731260131701731,0.80515291641549,-0.5388495871218227,0.1253080071380311,0.5375534288548383,0.3615982517366858,-0.8240160788470519,0.3203295376664828,0.4586099499383937,0.3412000530248912,0.9087468857119676,-0.0826954269072552,0.4574391992732976,0.1412596111999542,-0.8401668499684849,0.3484313663030933,0.4104317668339097,0.7201666194873783,-0.5598820526975188,-0.2614967574833161,0.3789337293538549,0.8680600884295607,0.4561661994648648,0.0733481568286162,0.3777828941510447,0.5937833681851424,-0.5388216140596775,-0.503208016056792,0.3477144433457358,0.2939434986578463,0.8133006238633984,-0.3806542497799404,0.3420466435051498,0.0444018889976927,0.725134945844886,0.4761405745808579,0.3343090965278846,0.2717818995026207,0.919325116683865,0.1512740986298649,0.3337118251937473,0.6786725128903466,-0.5051068538244106,-0.2129154307117436,0.3067915703462095,-0.3582832290748707,-0.2720221586028742,-0.7193868862869143,0.2993274759050116,0.1380319770405241,0.8471005915356817,0.3567625465186604,0.298402833650389,0.0394248306170273,0.8582479712960914,-0.356789623877961,0.2635627617270778,-0.1504523960530877,0.8822353231188671,-0.2424687781100492,0.2596078970416284,-0.3913532642134606,-0.1749271147003304,0.4705649157508471,0.2378444593962095,0.6197765556210847,-0.4968471043718988,-0.3314494798505217,0.2303540928806224,0.1224700648866208,0.8200600250507302,0.3849037189212972,0.2195381934234633,0.0072608846480672,-0.622823806385574,-0.560412621039304,0.2106694001616897,-0.4107575297693482,-0.439322731330207,-0.6992858499807293,0.2021723513088779,-0.095947767851007,-0.578846959143955,-0.2807603532741314,0.1988242105676108,0.1043236550134609,-0.3920902627732087,-0.7905093527350945,0.1967275515489367,-0.1107032650267938,-0.4934581986339169,-0.7273369214030354,0.1912257859683352,0,0,0,0,0,0,0,0,0,0,0,0,0,0,0,1,0,0,0,0,0,0,0,0,0,1,0,0,0,0,0,0,0,0,0,0,0,1,0,0,0,0,0,0,0,0,0,0,0,0,0,0,0,0,1,0,0,0,0,0,0,0,0,0,0,0,0,0,0,0,0,0,0,0,0,0,0,0,0,0,0,0,0,1,0,0,0,0,0,0,0,1,0,0,0,0,0,0,0,0,0,0,0,0,0,0,0,0,0,0,0,0,0,0,0,0,0,1,0,0,0,0,0,0,0,1,0,0,0,0,0,0,0,0,0,0,0,0,0,1,0,0,0,0,0,0,0,0,0,0,0,0,0,0,0,0,0,0,0,1,0,0,0,0,0,0,0,0,0,0,0,0,0,0,0,0,0,0,0,0,0,0,0,0,0,1,0,0,0,0,0,0,0,0,0,0,0,0,0,0,0,1,0,0,0,0,0,0,0,0,0,0,0,0,0,0,0,0,0,1,0,0,0,0,1,0,0,0,0,0,0,0,0,0,0,0,0,0,0,0,0,1,0,0,0,0,0,0,0,0,0,0,0,0,0,0,0,0,0,0,0,0,0,0,0,0,0,0,1,0,0,0,0,0,0,0,0,0,0,0,0,0,0,0,0,0,0,1,0,0,0,0,0,0,0,0,0,0,0,0,0,0,1,0,0,0,0,0,0,1,0,0,0,0,0,0,0,0,0,0,0,0,0,0,0,0,0,0,0,1,0,0,0,0,0,0,0,0,0,0,0,0,0,0,0,0,0,0,0,0,0,0,0,0,0,1,0,0,0,0,0,0,0,0,0,0,0,0,0,0,1,0,0,0,0,0,0,1,0,0,0,0,0,0,0,0,0,0,0,0,0,0,0,0,0,0,0,0,0,1,0,0,0,0,0,0,0,0,0,0,0,0,0,0,1,0,0,0,0,0,0,0,0,0,0,0,0,0,0,0,0,0,0,1,0,0,0,0,0,0,0,0,0,0,0,0,0,0,0,0,0,0,0,0,0,0,0,0,0,0,1,0,0,0,0,0,0,0,0,0,0,0,1,0,0,0,0,0,0,0,0,0,0,0,0,0,0,0,0,0,0,1,0,0,0,0,1,0,0,0,0,0,0,0,0,0,0,0,0,0,0,0,0,1,0,0,0,0,0,0,0,0,0,0,0,0,0,0,0,0,1,0,0,0,0,0,0,0,0,0,0,0,0,0,0,0,0,1,0,0,0,0,0,0,0,0,0,0,0,0,0,0,0,0,0,0,0,0,0,0,0,0,0,0,1,0,0,0,0,0,0,0,0,0,1,0,0,0,0,0,0,0,0,0,0,0,0,0,0,0,0,0,0,0,0,0,0,0,1,0,0,0,0,0,0,0,0,0,1,0,0,0,0,0,0,0,0,0,0,0,0,0,0,0,0,1,0,0,0,0,0,0,0,0,0,0,0,0,0,0,0,0,0,0,0,0,0,0,0,0,0,1,0,0,0,0,0,0,0,1,0,0,0,0,0,0,0,0,0,0,0,0,0,0,0,0,0,0,0,0,0,0,0,0,0,0,0,0,1,0,0,0,0,1,0,0,0,0,0,0,0,0,0,0,0,0,0,0,0,0,0,0,0,0,0,0,0,0,0,0,0,0,1,0,1,0,0,0,0,0,0,0,0,0,0,0,0,0,0,0,0,0,0,0,0,0,0,0,0,0,0,0,0,0,0,0,1,0,0,1,0,0,0,0,0,0,0,0,0,0,0,0,0,0,0,0,0,0,0,0,0,0,0,0,0,0,0,0,0,0,1,0,0,0,0,0,0,1,0,0,0,0,0,0,0,0,0,0,0,0,0,0,0,0,0,0,0,0,0,0,0,0,0,0,1,0,0,0,0,1,0,0,0,0,0,0,0,0,0,0
127.2,7,1.0,1.5298819513145196e-17,-2.24350905934934e-17,1.0085595776648646,0.8414960656322201,0.539314848940047,-2.71434207143632e-17,0.5595399526228293,0.8126301034359216,-0.5673199987649703,-0.0101506035248046,0.5332102423802425,0.3398286113631208,-0.9203255966754152,0.1569874903960083,0.463158925677229,0.3843716876976266,0.9077698774034026,0.1302549196527047,0.4570680973963211,0.1370116172139239,-0.7707175768760145,0.6020272340799511,0.3950938752744662,0.0779651773220011,0.9452344503802969,-0.2809334192125704,0.3949142029291379,0.7342263858561304,-0.4921184218261939,-0.4331757304510371,0.3759025614582466,0.9068770758294368,0.3945461202417414,-0.1367584766929175,0.3705200454088923,0.6234571404352424,-0.3641404334998598,-0.6729733975016049,0.3467804094016659,0.705739754245448,-0.4618623959853828,-0.4068793415198583,0.2982216420614632,0.4577030538044847,0.8659005436295424,0.1689890619938968,0.2959911244824088,-0.1591642353195889,-0.8340105827101929,0.5048288583399965,0.2955899493653935,0.3810088542620374,-0.6164439360418165,0.6655028690706996,0.2902810806897394,0.0130373118157857,0.9781270049447256,-0.1404269873087181,0.2721356283026598,0.6287268135206784,0.5786580244701226,0.5035380925703112,0.2673652868533283,0.5637557020065891,0.749036793769035,0.3281077189762694,0.2506711746071552,0.5492008250051726,-0.3238315369353166,-0.7521285569669831,0.2478685586432459,0.2139324675834232,-0.118536989426056,-0.9083594774389006,0.2458386584870927,0.255874858453011,0.9573891875526058,0.0020156969754268,0.2368087535714432,0.3059404360879891,-0.2763653992623461,-0.8863282188523129,0.2302249657054448,0.780872344378115,0.0495005923024422,-0.6155582240713222,0.2291535093799757,0.6748185233851511,-0.1251933293376615,-0.7166971452762416,0.2126820753994711,0.5740613238881885,0.7590169270517815,0.2805031463633494,0.1910550052123079,0.7515332132746464,0.405470868324073,-0.5124376936731254,0.1904735197569352,0,0,0,0,0,0,0,0,0,0,1,0,0,0,0,0,0,0,0,0,0,0,0,0,0,1,0,0,0,0,0,0,0,0,0,0,0,0,0,0,0,0,0,0,0,0,0,0,1,0,0,0,0,0,1,0,0,0,0,0,0,0,0,0,0,0,0,0,0,0,0,0,0,0,0,0,0,0,1,0,0,0,0,0,0,0,0,0,0,0,0,1,0,0,0,0,0,0,0,0,0,0,0,0,0,0,0,0,0,0,0,0,1,0,0,0,0,0,0,0,0,0,0,0,0,1,0,0,0,0,0,0,0,0,0,0,0,0,0,0,0,0,0,0,0,0,0,0,0,0,1,0,0,0,0,0,0,0,0,1,0,0,0,0,0,0,0,0,0,0,0,0,0,0,0,0,0,0,0,0,1,0,0,0,0,0,0,0,0,0,0,0,0,1,0,0,0,0,0,0,0,0,0,0,0,0,0,0,0,0,0,0,0,0,0,0,0,0,1,0,0,0,0,0,0,0,0,1,0,0,0,0,0,0,0,0,0,0,0,0,0,0,0,0,0,0,0,0,1,0,0,0,0,0,0,0,0,0,1,0,0,0,0,0,0,0,0,0,0,0,0,0,0,0,0,0,0,0,0,0,0,0,0,0,0,0,1,0,0,0,0,0,0,0,0,0,0,0,0,0,0,0,1,0,0,0,0,0,0,0,0,0,0,0,0,0,0,0,0,0,0,1,0,0,0,0,0,0,0,0,0,1,0,0,0,0,0,0,0,0,0,0,0,0,0,0,0,0,0,0,1,0,0,0,0,0,0,0,0,0,0,0,0,0,0,0,0,0,0,0,1,0,0,0,0,0,0,0,0,0,0,0,0,0,0,0,0,0,1,0,0,0,0,0,0,0,0,0,0,1,0,0,0,0,0,0,0,0,0,0,0,0,0,0,0,0,0,0,1,0,0,0,0,0,0,0,0,0,0,0,0,1,0,0,0,0,0,0,0,0,0,0,0,0,0,0,0,0,0,0,0,0,1,0,0,0,0,0,0,0,0,0,0,0,0,1,0,0,0,0,0,0,0,0,0,0,0,0,0,0,0,0,0,0,0,0,0,0,0,0,1,0,0,0,0,0,0,0,0,1,0,0,0,0,0,0,0,0,0,0,0,0,0,0,1,0,0,0,0,0,0,0,0,0,0,0,0,0,0,0,0,0,0,0,0,0,0,0,0,0,1,0,0,0,0,0,0,0,1,0,0,0,0,0,0,0,0,0,0,0,0,0,0,0,1,0,0,0,0,0,0,0,0,0,0,0,0,0,0,0,0,0,0,0,0,0,0,0,0,0,0,0,0,1,0,0,0,0,0,0,0,1,0,0,0,0,0,0,0,0,0,0,0,0,0,0,0,0,0,0,0,0,0,0,0,0,0,1,0,0,0,0,0,0,0,0,0,0,0,0,0,0,0,1,0,0,0,0,0,0,0,0,0,0,0,0,0,0,0,0,1,0,0,0,0,0,0,0,0,1,0,0,0,0,0,0,0,0,0,0,0,0,0,0,0,0,0,0,0,0,0,0,0,0,0,1,0,0,0,0,0,0,0,1,0,0,0,0,0,0,0,0,0,0,0,0,0,0,0,0,0,0,1,0,0,0,0,0,0,0,0,0,0,0,0,0,0,0,0,1,0,0,0,0,0,0,0,0,0,0,0,0,0,0,0,0,0,0,0,0,0,0,0,1,0,0,0,0,1,0,0,0,0,0,0,0,0,0,0,0,0,0,0,0,0,0,1,0,0,0,0,0,0,0,0,0,0,0,0,0,0,0,0,0,0,1,0,0,0,0,0,0,0,0,0,0,0,0,0,0,0,0,0,0,1,0,0,0,0,0,0,0,0,0,0,0,0,0,0,1,0,0,0,0,0,0,0,0,0,0
116.3,8,1.0,7.24884036393582e-19,-8.312222611836578e-18,1.0084870493262617,0.8244772331650229,0.5635325659536405,2.8127850273317653e-18,0.5683888143831962,0.7659248570353727,-0.5242176055678343,0.2818389766461668,0.5572948494256952,0.3551084121467098,-0.7618629655998299,0.262572636711712,0.4629056823520444,0.4255961056561166,0.8469451897030927,-0.2616276430560049,0.4445825711697188,0.1365654327217587,-0.8277105821628366,-0.1827709873122496,0.4436241197519616,0.24228694145795,0.6511457495274967,-0.5679447959431634,0.4159812585592334,0.872916761611565,0.4375817622887913,0.1652420153013695,0.3781250600395455,0.0852616654466085,0.9760209531348838,-0.1147277559410823,0.3760487109947023,0.8159611855304962,-0.5455924607439442,0.1190661425601274,0.3599342652345511,0.821446080748094,-0.40790788309739,-0.0891597503791218,0.3409640369904189,0.3577272492072028,0.3986005144307073,-0.6140115738069152,0.327533574118399,0.5773225759207568,0.2476181420951518,-0.4930714315374189,0.3093258295864228,0.7711376820548828,-0.5833784895638707,0.206027503862883,0.2711647339718344,-0.0570372730429157,0.9710446615420618,-0.2090533455164008,0.266599887980591,0.1561845750728715,0.2944221161651689,-0.6844130512487178,0.2541876713988544,0.7820268511564409,-0.4135875655306766,-0.1190570970786208,0.2430125450186393,0.0591747618569857,0.957259884616826,-0.1807489625665526,0.2293437653349289,0.7965357228473676,-0.1670989306832541,0.0433448740616662,0.2255010226135558,-0.2233481681583785,0.942564503929508,-0.1114479479396969,0.2250815755579935,-0.113514985918985,-0.1012561711764903,-0.9736783140110838,0.2231984764866506,0.6835866740973707,-0.3853067579723988,-0.2882785722171712,0.2179993727935195,0.573901933903721,-0.5239964036217644,-0.3293723136576926,0.213471963401111,0.7958056027329115,-0.2564959437237227,-0.0623801463465248,0.2116401537427576,0.2157033708403818,0.1616029971901115,-0.782774997600042,0.1866197415414922,0,0,0,0,0,0,0,0,0,0,0,0,0,0,0,1,0,0,0,0,0,0,0,0,0,1,0,0,0,0,0,0,0,0,0,0,0,0,0,0,0,0,0,0,1,0,0,0,0,0,0,0,0,0,1,0,0,0,0,0,0,0,0,0,0,0,0,0,0,0,0,0,0,0,0,0,0,0,0,0,0,0,0,1,0,0,0,0,0,0,0,1,0,0,0,0,0,0,0,0,0,0,0,0,0,0,0,0,0,0,0,0,0,0,0,0,0,1,0,0,0,0,0,0,0,1,0,0,0,0,0,0,0,0,0,0,0,0,0,0,0,0,0,0,0,0,1,0,0,0,0,0,0,0,0,0,0,0,0,1,0,0,0,0,0,0,0,0,0,0,0,0,0,0,0,0,0,0,0,0,0,0,0,0,0,1,0,0,0,0,0,0,0,0,0,0,0,0,0,0,0,1,0,0,0,0,0,0,0,0,0,0,0,0,1,0,0,0,0,0,0,0,0,0,0,0,0,0,0,1,0,0,0,0,0,0,0,0,0,0,0,0,0,0,0,0,0,0,1,0,0,0,0,0,0,0,0,0,0,0,0,0,0,0,0,0,0,0,1,0,0,0,0,0,0,0,0,0,0,0,0,0,1,0,0,0,0,0,0,0,0,0,0,0,0,1,0,0,0,0,0,0,0,0,0,0,0,0,0,0,0,0,0,0,0,0,0,0,0,0,0,1,0,0,0,0,1,0,0,0,0,0,0,0,0,0,0,0,0,0,0,0,0,0,0,0,0,0,1,0,0,0,0,0,0,0,0,0,0,0,0,0,0,0,0,1,0,0,0,0,0,0,0,0,0,0,0,0,0,0,0,0,0,0,0,0,0,0,1,0,0,0,0,0,1,0,0,0,0,0,0,0,0,0,0,0,0,0,0,0,0,0,0,0,0,0,0,0,0,0,0,0,1,0,0,0,0,0,0,0,0,0,0,0,0,0,0,0,1,0,0,0,0,0,0,0,0,0,0,0,0,0,0,0,0,0,0,1,0,0,0,0,0,0,0,0,0,0,0,0,0,0,1,0,0,0,0,0,0,0,0,0,0,0,0,0,1,0,0,0,0,0,0,0,0,0,0,0,0,1,0,0,0,0,0,0,0,0,0,0,0,0,0,0,0,0,0,0,0,0,0,0,0,0,1,0,0,0,0,0,0,0,0,1,0,0,0,0,0,0,0,0,0,0,0,0,0,0,0,0,0,0,1,0,0,0,0,0,0,0,0,0,0,0,0,0,0,1,0,0,0,0,0,0,0,0,0,0,0,0,0,0,0,0,0,0,0,0,1,0,0,0,0,0,0,0,0,0,0,0,0,1,0,0,0,0,0,0,0,0,0,0,0,0,0,1,0,0,0,0,0,0,0,0,0,0,0,0,0,0,0,0,0,0,0,0,0,1,0,0,0,0,0,0,0,0,0,0,0,0,0,0,0,0,0,0,1,0,0,0,0,0,0,0,0,0,0,0,0,1,0,0,0,0,0,0,0,0,0,0,0,0,0,0,0,0,0,0,0,0,0,0,0,0,1,0,0,0,0,0,0,0,0,1,0,0,0,0,0,0,0,0,0,0,0,0,0,0,0,0,0,0,1,0,0,0,0,0,0,0,0,0,0,0,0,0,0,1,0,0,0,0,0,0,0,0,0,0,0,0,0,0,0,0,0,0,1,0,0,0,0,0,0,0,0,0,0,0,0,0,0,0,1,0,0,0,0,0,0,0,0,0,0,0,0,0,0,0,0,0,1,0,0,0,0,0,0,0,0,0,0,0,1,0,0,0,0,0,0,0,0,0,0,0,0,0,0,0,0,0,0,0,0,0,0,0,0,0,0,0,1,0,0,0,0,0,0,0,0,0,0,1,0,0,0,0,0,0,0,0
127.5,10,1.0,1.0023253110830179e-17,2.5696544256995736e-19,1.009562153281525,0.7579163586117927,-0.5831313704744351,-0.1659172640246367,0.5615721182328699,0.8724274069385117,0.4839861289776782,6.006883701435888e-18,0.5475585799061999,0.22576604160148,-0.9484456027571602,-0.1142202377815837,0.4928202356917969,0.132019657487771,0.7523714791853845,0.4052975720262929,0.4733891150037108,-0.2744531842518185,0.6688086486117581,0.2556169920126248,0.445850725247455,0.4877654438480521,0.8268476451958531,0.140083389307123,0.4419714163145296,-0.3481942703817425,0.6738013505101933,-0.0574556782797837,0.4114833166872478,0.6842512983558703,-0.3826842946798084,-0.5366631931989135,0.3855377074043681,-0.3840671955716289,-0.0848017025048554,0.6277396040065719,0.3776006633418108,0.9200756690006892,0.3466629754954556,-0.0727643799221379,0.3659380710213128,0.1702924844904829,-0.9228711819103526,0.0839076299663562,0.3485188294538493,0.5477436776309135,-0.2735273108847141,-0.6765419394211494,0.3432502060863032,-0.4734366376543195,0.4077327506115461,0.4022976282470229,0.336169163312129,-0.3064796554940113,0.1054358326233298,0.697407998154854,0.3144782466517243,-0.3332237375044016,0.3093148331315033,0.6159586181389614,0.3085612525035369,0.7084492033105001,-0.2871477748321175,-0.5212523730080407,0.3071702240570274,0.3808987958129863,-0.7785802643586734,0.1939000141766237,0.3055343099776088,0.534577457261734,0.7962103966980635,0.2386311959603274,0.2934908830937395,-0.0751487523208011,-0.942377810107462,0.0638023334526489,0.2841461850481291,0.2680978331182722,0.3770685958252139,0.747052188407977,0.2753465788646628,-0.1580779834776054,0.0329051931191537,0.7789662759380377,0.2443080228374759,-0.4834562506963937,0.5072273401006235,0.3278453273745919,0.2427307424593673,0.3481828359952066,0.8814423991201596,0.2296359522304246,0.2332303118290868,0.6461128954066369,-0.2293195738651191,-0.6101578457202066,0.2288748512252723,0,0,0,1,0,0,0,0,0,0,0,0,0,0,0,0,0,0,0,0,0,0,0,0,0,1,0,0,0,0,0,0,0,0,0,0,0,1,0,0,0,0,0,0,0,0,0,0,0,0,0,0,0,0,0,0,0,1,0,0,0,0,0,0,0,0,0,0,0,0,0,0,0,0,0,0,1,0,0,0,0,0,0,0,0,0,0,0,1,0,0,0,0,0,0,0,0,0,0,0,0,0,0,0,0,1,0,0,0,0,0,0,0,0,0,0,0,0,0,0,0,0,0,0,0,1,0,0,0,0,0,0,0,0,0,0,0,0,0,0,0,0,0,0,1,0,0,0,0,0,0,0,0,0,0,0,0,0,0,0,0,1,0,0,0,0,0,0,0,0,0,0,0,0,0,0,0,0,0,0,0,0,0,0,0,1,0,0,0,0,1,0,0,0,0,0,0,0,0,0,0,0,0,0,0,0,0,0,0,0,0,0,1,0,0,0,0,0,0,0,0,0,0,0,0,0,0,1,0,0,0,0,0,0,0,0,0,0,0,0,0,0,0,0,0,0,0,0,0,0,0,0,0,1,0,0,0,0,0,0,0,0,0,0,0,0,0,0,1,0,0,0,0,0,0,1,0,0,0,0,0,0,0,0,0,0,0,0,0,0,0,0,1,0,0,0,0,0,0,0,0,0,0,0,0,0,0,0,0,0,0,0,0,0,0,0,1,0,0,0,0,0,0,0,0,0,0,0,0,0,0,0,0,0,0,0,1,0,0,0,0,0,0,0,0,0,0,0,1,0,0,0,0,0,0,0,0,0,0,0,0,0,0,0,0,0,0,0,0,0,1,0,0,0,0,0,0,1,0,0,0,0,0,0,0,0,0,0,0,0,0,0,0,0,1,0,0,0,0,0,0,0,0,0,0,0,0,0,0,0,0,1,0,0,0,0,0,0,0,0,0,0,0,0,0,0,0,0,0,0,0,0,0,0,0,0,0,0,1,0,0,0,0,0,0,0,0,0,0,0,0,0,0,0,0,0,0,1,0,0,0,0,0,0,0,1,0,0,0,0,0,0,0,0,0,0,0,0,0,0,0,0,0,0,0,0,1,0,0,0,0,0,0,0,0,0,1,0,0,0,0,0,0,0,0,0,0,0,0,0,0,0,0,0,0,0,0,0,0,0,0,0,0,0,0,1,0,0,0,0,0,0,0,0,0,1,0,0,0,0,0,0,0,0,0,0,0,0,0,0,0,1,0,0,0,0,0,0,0,0,0,0,0,0,0,0,0,0,0,1,0,0,0,0,0,0,0,0,0,0,0,1,0,0,0,0,0,0,0,0,0,0,0,0,0,0,0,0,0,0,0,0,0,0,0,0,0,0,1,0,0,0,0,0,0,0,0,0,0,0,1,0,0,0,0,0,0,0,0,0,0,0,0,0,0,1,0,0,0,0,0,0,0,0,0,0,0,0,0,1,0,0,0,0,0,0,0,0,0,0,0,0,0,0,0,0,0,0,0,0,0,0,0,0,0,0,1,0,0,0,0,0,0,0,0,0,0,0,0,0,0,0,0,0,1,0,0,0,0,0,0,0,0,0,0,0,0,0,0,0,1,0,0,0,0,0,0,0,0,0,0,0,0,0,1,0,0,0,0,0,0,0,0,0,0,0,0,1,0,0,0,0,0,0,0,0,0,0,0,0,0,0,0,0,0,0,0,0,0,0,0,0,0,1,0,0,0,0,0,0,0,1,0,0,0,0,0,0,0,0,0,0,0,0,0,0,0,0,0,0,1,0,0,0,0,0,0,0,0,0,0,0,0,0,0,0,1,0,0,0,0,0,0,0,0,0,0,0,0,0,0,0,0,1,0,0,0,0,0,0,0,0,0,0,0,0,0,0,0,1,0,0,0,0,0,0,0,0,0,0
115.4,11,1.0,-2.4844455124369144e-17,2.3712863395509245e-18,1.007034313033367,0.7401160252742864,-0.5995856828575068,-0.0613312862322709,0.5730443892681307,0.8539161487025251,0.5174301731255748,9.251865880821816e-18,0.555064460471794,0.4480346986706411,0.8622333691051656,0.0549149028341291,0.4407315910449673,0.7198479131144967,-0.6621895626865236,0.0722026346807773,0.3765720732605081,0.9266445421199172,0.3470714402930539,0.0053866465482931,0.3689568501351578,0.6865950498597765,-0.5718821469014277,0.1773937488849531,0.3612794955756661,0.3918253426361912,0.7398330596227155,0.1068065484648663,0.3482386778204548,-0.0239124023867528,0.8414421621688317,-0.2773234763842608,0.3419035861657357,0.5038867386252883,0.2660282440070751,0.3250434344731904,0.340635445036925,0.2594924481617515,0.9484304571706196,-0.0937269152532971,0.3394979670096333,0.4445373814632812,0.4887136379902065,0.2016176428007068,0.3154967597081217,0.0901054040720703,0.916232586371048,-0.2345559323449043,0.3007450868836557,0.6836332764774772,-0.6785605197019685,0.0175913200477302,0.2817904023461596,0.6269461229331397,-0.5573708458039481,0.2138947788156908,0.255158921086824,0.0437249478059711,0.8810434245075944,-0.2752065665043066,0.2379424707801537,0.3531468505165494,0.4334731606666187,0.1928330807452533,0.2371829197227211,0.5309826239149119,-0.403723671709924,0.2972931774789824,0.2321488394063673,0.4794094239967913,-0.72305747187288,0.2202233225104998,0.2190504342409365,0.5779280794052846,-0.6826437155911156,0.207419337575534,0.2143211462141902,0.2234453520171964,0.5918475136441966,0.1617350247100641,0.212450350089671,0.3910989642523922,-0.7883974026439343,0.0428251926537283,0.2028348914683241,0.3024684884468877,0.3102524478149813,0.2879084942942989,0.2020930263223314,0.5069657912097449,-0.4265881563463948,0.3031650553569172,0.1802610852752835,-0.1382420006437058,-0.4137604133919416,0.6317024689774102,0.1640999731923805,0,0,0,0,0,0,0,1,0,0,0,0,0,0,0,0,0,0,0,0,0,0,0,0,0,1,0,0,0,0,0,0,0,0,0,0,0,0,0,0,0,1,0,0,0,0,0,0,0,0,0,0,0,0,0,0,0,1,0,0,0,0,0,0,0,0,0,0,0,0,0,1,0,0,0,0,0,0,0,0,0,0,0,0,0,0,0,0,1,0,0,0,0,0,0,0,0,0,0,0,0,0,0,0,0,1,0,0,0,0,0,0,0,0,0,0,0,0,0,0,0,0,0,0,0,1,0,0,0,0,0,0,0,0,0,0,0,0,0,0,0,0,0,1,0,0,0,0,0,0,0,0,0,0,0,0,1,0,0,0,0,0,0,0,0,0,0,0,0,0,0,0,0,1,0,0,0,0,0,0,0,0,0,0,0,0,0,0,0,0,0,0,0,0,0,0,0,0,0,0,1,0,0,0,0,0,0,0,0,0,0,0,0,0,0,0,0,0,0,0,0,0,1,0,0,0,0,0,0,1,0,0,0,0,0,0,0,0,0,0,0,1,0,0,0,0,0,0,0,0,0,0,0,0,0,0,0,0,0,0,0,0,0,1,0,0,0,0,0,0,0,0,0,0,0,1,0,0,0,0,0,0,0,0,0,0,0,0,0,0,0,0,0,0,0,0,0,0,0,0,0,0,1,0,0,0,0,0,0,0,0,0,0,0,1,0,0,0,0,0,0,0,0,0,0,0,0,0,0,0,0,0,0,0,0,0,1,0,0,0,0,0,0,1,0,0,0,0,0,0,0,0,0,0,0,0,0,0,0,0,0,0,0,1,0,0,0,0,0,0,0,0,0,0,0,0,0,0,0,0,0,0,1,0,0,0,0,0,0,0,0,0,0,0,1,0,0,0,0,0,0,0,0,0,0,0,0,0,0,0,0,1,0,0,0,0,0,0,0,0,0,0,0,0,0,0,0,0,1,0,0,0,0,0,0,0,0,0,0,0,0,0,0,0,0,0,0,0,0,1,0,0,0,0,0,0,0,0,0,0,0,0,0,0,0,0,0,0,0,0,0,0,1,0,0,0,0,0,0,0,0,0,0,0,0,0,0,0,0,0,0,0,0,0,1,0,0,0,0,1,0,0,0,0,0,0,0,0,0,0,0,0,0,1,0,0,0,0,0,0,0,0,0,0,0,0,0,0,0,0,0,0,0,0,0,0,0,0,0,0,1,0,0,0,0,0,0,0,0,0,0,0,1,0,0,0,0,0,0,0,0,0,0,0,0,0,0,1,0,0,0,0,0,0,0,0,0,0,0,0,0,0,0,0,0,0,0,0,0,0,0,0,0,0,0,0,1,0,0,0,0,1,0,0,0,0,0,0,0,0,0,0,0,0,0,0,1,0,0,0,0,0,0,0,0,0,0,0,0,0,0,0,0,0,0,0,0,1,0,0,0,0,0,0,0,0,0,0,0,0,0,0,0,0,0,0,0,0,0,0,0,0,0,0,1,0,1,0,0,0,0,0,0,0,0,0,0,0,0,0,0,0,0,0,0,0,0,0,1,0,0,0,0,0,0,0,0,0,0,0,0,0,0,0,0,1,0,0,0,0,0,0,0,0,0,0,0,0,1,0,0,0,0,0,0,0,0,0,0,0,0,0,0,0,0,0,0,0,0,0,0,0,0,0,1,0,0,0,0,0,0,0,0,0,0,0,1,0,0,0,0,0,0,0,0,0,0,0,0,0,0,1,0,0,0,0,0,0,0,0,0,0,0,0,0,0,0,0,0,0,0,0,0,0,0,0,0,0,0,0,1,0,0,1,0,0,0,0,0,0,0,0,0,0,0,0,0,0,0,0,1,0,0,0,0,0,0,0,0,0,0,0,0,0,0,0,0,0,0,1,0,0,0,0,0,0,0,0,0,0
124.9,12,1.0,1.0502288046415389e-17,6.2882947590351064e-18,1.0094893463659074,0.8744884538762235,0.4836931303899066,-9.871879861297725e-18,0.6002721325570397,0.7887047036590464,-0.5646566737108162,-0.2240953377059724,0.5455128939581473,-0.0184382557390859,0.7748944011429703,0.5820794090373975,0.5112649107202006,0.4169844765701387,0.8748204863455633,0.2310053533279016,0.4875221915065862,0.2897003544997551,-0.9432569387758946,-0.1289517841310541,0.4756767401395977,-0.5084358208516058,-0.35517956517039,0.5948922405658813,0.4692019075322272,-0.0609203455896172,0.5433540807689125,0.653303790453252,0.3879491500900934,0.6830018348507905,-0.3590831211699944,-0.6250779608097566,0.385791588018353,0.9379097334068276,0.3317758159769192,-0.0845275284178065,0.3827924109736892,0.3928621386136692,-0.1382392511635606,-0.8996666262696922,0.3798965913307069,-0.4168693941704741,-0.2478463872596715,0.7517078319680351,0.3462903589818237,0.1667395112940027,0.4453705864627241,0.5388693320896872,0.3379179422951459,-0.3664997895336054,0.3671654043127657,0.7079949809959691,0.3054874296775026,0.2907394468995643,-0.9203100249438114,-0.2406563073730692,0.3011633199048201,-0.3828416897080627,0.0459576418945366,0.8071361373823029,0.2964078927530024,0.7496167108168877,-0.3553430945268698,-0.543787164354994,0.2803101231725498,-0.3355485774209815,-0.4638853281923317,0.7458278872449944,0.2663393897645491,0.3422243511865633,-0.0274837931783952,-0.9276895773745456,0.2647123662444421,0.1339586673228863,-0.8703354019220566,-0.4603338662484795,0.25605104163032,0.39130650152972,0.4465812593555825,-0.7826563505082776,0.250345941433195,-0.4271191286265602,-0.6561834678892902,0.5447734549505884,0.2455000132400044,0.4197536979322819,-0.8979193569979037,-0.0722061016115083,0.2408903392588287,-0.722136854106282,-0.2995673664850403,-0.5925225873884,0.2403053479292969,0.8133032173942949,-0.4872985033067114,-0.2091326258106919,0.2388938260872034,0,0,0,0,0,0,0,0,0,0,0,0,0,0,0,0,0,0,1,0,0,0,0,0,0,1,0,0,0,0,0,0,0,0,0,0,0,0,0,0,0,1,0,0,0,0,0,0,0,0,0,0,0,0,1,0,0,0,0,0,0,0,0,0,0,0,0,0,0,0,0,0,0,0,0,0,0,0,0,0,0,0,0,0,0,0,1,0,0,0,0,1,0,0,0,0,0,0,0,0,0,0,0,0,0,0,0,0,0,1,0,0,0,0,0,0,0,0,0,0,0,0,0,0,0,0,0,1,0,0,0,0,0,0,0,0,0,0,0,0,0,0,0,1,0,0,0,0,0,0,0,0,0,0,0,0,0,0,0,1,0,0,0,0,0,0,0,0,0,0,0,0,0,0,0,0,0,0,0,0,0,0,0,0,0,0,0,0,1,0,0,0,0,1,0,0,0,0,0,0,0,0,0,0,0,0,0,0,0,0,0,0,1,0,0,0,0,0,0,0,0,0,0,0,0,0,0,0,0,0,0,0,0,0,1,0,0,0,0,0,0,1,0,0,0,0,0,0,0,0,0,0,0,0,0,0,0,0,1,0,0,0,0,0,0,0,0,0,0,0,0,0,0,0,0,0,0,0,0,0,0,0,0,0,0,0,0,0,0,0,1,0,1,0,0,0,0,0,0,0,0,0,0,0,0,0,0,0,0,0,0,0,0,1,0,0,0,0,0,0,0,0,0,0,0,0,0,0,0,0,0,0,0,0,0,0,1,0,0,0,0,0,0,0,1,0,0,0,0,0,0,0,0,0,0,0,0,0,0,0,0,0,0,0,0,1,0,0,0,0,0,0,0,0,0,0,0,0,0,0,0,0,1,0,0,0,0,0,0,0,0,0,0,0,1,0,0,0,0,0,0,0,0,0,0,0,0,0,0,0,0,1,0,0,0,0,0,0,0,0,0,0,0,0,0,0,0,0,0,0,0,0,0,0,0,0,0,0,1,0,0,0,0,0,0,1,0,0,0,0,0,0,0,0,0,0,0,0,0,0,0,0,0,0,0,1,0,0,0,0,0,0,0,0,0,0,0,0,0,0,0,0,0,0,0,0,0,0,0,0,0,0,0,0,1,0,0,1,0,0,0,0,0,0,0,0,0,0,0,0,0,0,0,1,0,0,0,0,0,0,0,0,0,0,0,0,0,0,0,0,0,0,0,0,0,1,0,0,0,0,0,0,0,0,0,0,0,0,0,0,0,0,0,0,0,0,0,0,0,0,0,0,1,0,0,0,0,0,0,0,0,0,0,0,1,0,0,0,0,0,0,0,0,0,0,0,1,0,0,0,0,0,0,0,0,0,0,0,0,0,0,1,0,0,0,0,0,0,0,0,0,0,0,0,0,0,1,0,0,0,0,0,0,0,0,0,0,0,0,0,0,0,0,0,0,1,0,0,0,0,0,0,0,0,0,0,0,0,0,0,0,0,0,0,0,0,0,0,0,0,0,0,0,0,1,0,0,1,0,0,0,0,0,0,0,0,0,0,0,0,0,0,0,0,1,0,0,0,0,0,0,0,0,0,0,0,0,0,0,0,0,0,0,0,0,0,0,0,0,0,1,0,0,0,0,0,0,0,0,0,0,0,1,0,0,0,0,0,0,0,0,0,0,0,0,0,0,1,0,0,0,0,0,0,0,0,0,0,0,0,0,0,0,0,0,0,0,0,0,0,0,0,0,0,0,0,1,0,0,1,0,0,0,0,0,0,0,0,0,0,0,0,0,0,0,0,1,0,0,0,0,0,0,0,0,0,0,0,0,0,0,0,0,0,0,1,0,0,0,0,0,0,0,0,0,0,0,1,0,0,0,0,0,0,0,0,0,0,0,0,0,0,0,0,0,0,0,0,0,0,0,0,0,0,0,1,0,0,0,0
118.7,13,1.0,-7.26681060477185e-18,1.1972658604230081e-17,1.0118573878739554,0.7891254924266304,-0.5854490334851683,-0.1675587732842082,0.54568465839412,0.8406516317142574,0.5408845093947587,2.6832937160814738e-17,0.5231325633859342,-0.0262712792000365,0.9778729652134376,-0.1729869128834228,0.4573153002521816,0.3814166063339733,-0.9120586155478848,0.13007791423575,0.4531266108998241,0.4224886098085808,0.8995696748776469,0.0902615261972893,0.4249697518310645,0.2098355317194772,-0.4650804882357336,-0.8472323568516191,0.416721110107776,0.5640545389635178,-0.514456285353744,-0.6352828850400174,0.4109497342833973,-0.0510809930253381,0.8394626867591782,-0.5263075142213486,0.4070855057993109,0.3202877321518934,-0.6875156040015107,0.6379910689642112,0.3614197893161123,0.9237587996243706,0.3705411222749345,-0.0832669833799651,0.3552218221918972,0.2842312504019056,0.8040552353149681,0.5150074782499783,0.3545126188018007,0.2332291580069017,0.7142436031488456,-0.6516429455801722,0.3415497981324051,-0.4170902532407985,0.688062639003936,-0.5738219595409765,0.3251733936453841,-0.455434700566679,-0.2259489912807596,0.8358321075794712,0.2973542059444422,-0.5851152373057732,0.7342165378494026,-0.3035750807301569,0.2836382999398664,0.5170021648482411,0.599929646029816,0.6062480842295292,0.2826662011486849,0.6357424842453945,-0.4428999387541171,-0.6150183971769142,0.2819250299344074,0.6193121762086825,-0.5127836719932387,0.5709658205213557,0.2815942278344203,0.5586624016604181,0.32120922002935,0.7580395545591068,0.2777394358110483,-0.4662495043968661,0.7666578703451982,0.3564502677245245,0.2638394829053617,-0.4213666138915802,-0.8641810991302513,-0.2434126733686534,0.2605161748724446,-0.2414637806390202,0.0251486773735171,0.9526275163951916,0.2456249257604059,0.7592642901558088,0.6213313999141179,-0.0021545045495219,0.240723422103409,-0.4961079644474092,-0.6358996455325969,0.5650519079433459,0.2277989299636454,0,0,0,0,1,0,0,0,0,0,0,0,0,0,0,0,0,0,0,0,0,0,0,0,0,1,0,0,0,0,0,0,0,0,0,0,0,0,1,0,0,0,0,0,0,0,0,0,0,0,0,0,0,0,0,0,0,1,0,0,0,0,0,0,0,0,0,0,0,0,0,0,0,0,0,0,0,0,0,0,0,0,0,0,0,0,1,0,1,0,0,0,0,0,0,0,0,0,0,0,0,0,0,0,0,0,0,0,0,0,0,0,0,0,0,0,0,0,0,0,1,0,0,0,0,0,0,1,0,0,0,0,0,0,0,0,0,0,0,0,1,0,0,0,0,0,0,0,0,0,0,0,0,0,0,0,0,0,0,1,0,0,0,0,0,0,0,0,0,0,0,0,0,0,0,0,0,0,0,0,0,0,0,0,0,0,0,0,1,0,0,0,0,1,0,0,0,0,0,0,0,0,0,0,0,0,0,0,1,0,0,0,0,0,0,0,0,0,0,0,0,0,0,0,0,0,0,0,0,0,0,0,0,0,1,0,0,0,0,0,0,0,1,0,0,0,0,0,0,0,0,0,0,0,0,0,0,0,1,0,0,0,0,0,0,0,0,0,0,0,0,0,0,0,0,0,0,0,0,1,0,0,0,0,0,0,0,0,0,0,0,0,1,0,0,0,0,0,0,0,0,0,0,0,0,0,0,0,0,0,1,0,0,0,0,0,0,0,0,0,0,0,0,0,0,0,0,0,0,0,0,0,0,0,0,0,0,0,0,1,0,0,0,0,0,0,0,0,0,0,0,0,0,0,0,0,0,0,1,0,0,0,0,0,0,0,0,0,0,0,1,0,0,0,0,0,0,0,0,0,0,0,0,0,0,0,0,0,0,0,0,0,1,0,0,0,0,1,0,0,0,0,0,0,0,0,0,0,0,0,0,0,0,0,0,1,0,0,0,0,0,0,0,0,0,0,0,0,0,0,0,0,0,0,0,0,0,0,1,0,0,0,0,0,0,0,0,0,0,1,0,0,0,0,0,0,0,0,0,0,0,0,0,0,0,1,0,0,0,0,0,0,0,0,0,0,0,0,0,0,1,0,0,0,0,0,0,0,0,0,0,0,0,0,0,0,0,0,0,1,0,0,0,0,0,0,0,0,0,0,0,0,0,0,0,0,0,1,0,0,0,0,0,0,0,0,0,0,0,0,0,0,0,0,0,1,0,0,0,0,0,0,0,0,0,0,0,0,0,0,0,0,0,0,0,0,0,0,0,0,0,0,1,0,0,1,0,0,0,0,0,0,0,0,0,0,0,0,0,0,0,0,0,0,0,0,0,0,1,0,0,0,0,0,0,0,0,0,0,0,0,0,0,1,0,0,0,0,0,0,0,0,0,0,0,0,1,0,0,0,0,0,0,0,0,0,0,0,0,0,0,0,0,0,0,0,0,0,0,0,0,0,0,0,0,1,0,0,0,0,0,0,0,0,0,0,0,0,0,0,0,0,0,0,1,0,0,1,0,0,0,0,0,0,0,0,0,0,0,0,0,0,0,0,0,0,0,0,1,0,0,0,0,0,0,0,0,0,0,0,0,0,0,0,0,0,0,0,0,0,1,0,0,0,0,0,0,0,0,0,0,1,0,0,0,0,0,0,0,0,0,0,0,0,0,0,0,0,0,0,0,0,0,0,1,0,0,0,0,0,0,0,1,0,0,0,0,0,0,0,0,0,0,0,0,0,0,0,0,0,0,0,0,0,0,0,0,0,0,0,0,1,0,1,0,0,0,0,0,0,0,0,0,0,0,0,0,0,0,0,0,0,0,0,0,0,0,0,0,0,0,1,0,0,0,0,0,0,0,0,1,0,0,0,0,0,0,0,0,0,0,0,0,0,0,0,0,0,0,0,0,1,0,0,0,0,0,0,0,0
127.7,14,1.0,-5.854180047368793e-18,-4.863252793517836e-18,1.0159147679464753,0.7067340636857233,0.7059088846676761,2.453480913666749e-18,0.6140964200687492,-0.3479171232653077,-0.5070904972553499,-0.1196700016170651,0.5751685236333162,0.8141285051888547,-0.4636660792388143,-0.0016722124147662,0.5337378050297132,0.2452063285541478,0.9045345850536528,0.0335935497647182,0.4634137212012816,0.4704185718462015,-0.8100096102320764,0.2074900628443381,0.4333453101868983,0.4326269899206879,-0.371584024056388,-0.6184176351582377,0.4106657624849633,0.7420122331343914,0.6071619508602293,-0.0344036469504138,0.4047444145955082,0.6506083811644744,-0.4686241161887988,-0.3837866975261777,0.3970142164544043,0.2628704625791497,-0.642320613912999,0.5354050628666965,0.3905291541735639,-0.4996763857502868,-0.3743874246258745,-0.130332962768231,0.3770941144980809,0.1197663140633173,0.8677231294949144,-0.1972638089352884,0.3499248412790846,0.216832783006823,0.9120378017776958,0.2083829214786037,0.3260669522298058,-0.0380820484818498,0.6067383620197886,0.4618664438941657,0.3243653554113445,-0.5380040121486093,-0.114956117817226,0.2340141992576321,0.3038152344991793,-0.2469737965040738,-0.4725010368637927,-0.5446142774981794,0.3036460694648412,-0.571886434692067,-0.1106055919614763,0.0165713639572206,0.302842415791742,0.4257254237752715,-0.3848870620862805,0.5865988947854255,0.300408597348164,0.0985984874035226,0.7840239124363789,0.3870167104179356,0.2915307523265594,-0.4775768693515123,-0.4860668258915602,-0.2543616935694118,0.283792693380047,0.0633376110659754,-0.7549786489689009,0.467471592519962,0.2812027748648092,0.6534030902069534,-0.4706565908937704,-0.3051902678834794,0.2792251186269658,-0.3581251914081272,-0.6060310933487402,-0.3906107724042997,0.2626764467873658,-0.2990802456785598,0.6893763261760385,-0.0789556517456593,0.2580985318343805,-0.0885994818674065,0.8451995010751749,-0.1394699098681782,0.2472356877350738,0,0,0,0,0,0,0,0,0,0,1,0,0,0,0,0,0,0,0,0,0,0,0,0,0,1,0,0,0,0,0,0,0,0,0,0,0,0,1,0,0,0,0,0,0,0,0,0,0,0,0,0,0,0,1,0,0,0,0,0,0,0,0,0,0,0,0,0,0,1,0,0,0,0,0,0,0,0,0,0,0,0,0,0,0,0,0,0,0,0,0,0,0,0,0,0,0,0,1,0,0,0,0,0,0,0,0,0,0,0,0,0,1,0,0,0,0,0,0,0,0,0,0,0,0,1,0,0,0,0,0,0,0,0,0,0,0,0,0,0,1,0,0,0,0,0,0,0,0,0,0,0,0,0,0,0,0,0,0,1,0,0,0,0,0,0,0,0,0,0,0,0,0,0,0,0,0,0,0,0,1,0,0,0,0,0,0,0,0,0,0,0,0,1,0,0,0,0,0,0,0,0,0,0,0,0,0,0,0,0,0,0,0,0,1,0,0,0,0,0,0,0,0,0,0,0,0,0,0,0,0,0,0,0,1,0,0,0,0,0,0,0,1,0,0,0,0,0,0,0,0,0,0,0,0,0,0,0,0,0,0,0,0,0,0,0,0,0,1,0,0,0,0,0,0,0,0,0,0,0,0,0,1,0,0,0,0,0,0,0,0,0,1,0,0,0,0,0,0,0,0,0,0,0,0,0,0,0,0,0,0,0,0,0,0,0,1,0,0,0,0,0,0,0,0,0,0,0,0,1,0,0,0,0,0,0,0,0,0,0,0,1,0,0,0,0,0,0,0,0,0,0,0,0,0,0,0,0,0,0,1,0,0,0,0,0,0,0,0,0,0,0,0,0,0,0,0,0,1,0,0,0,0,0,0,0,0,0,0,0,0,0,0,0,0,0,0,1,0,0,0,0,0,0,0,0,0,0,0,0,0,0,1,0,0,0,0,0,0,0,0,0,0,0,0,0,0,0,0,0,0,0,0,1,0,0,0,0,0,0,0,0,0,0,0,0,0,0,0,0,0,0,0,0,0,0,0,0,0,0,1,0,0,0,0,0,0,0,0,0,0,0,1,0,0,0,0,1,0,0,0,0,0,0,0,0,0,0,0,0,0,0,0,0,0,0,0,0,0,1,0,0,0,0,0,0,0,0,0,0,0,0,0,0,1,0,0,0,0,0,0,0,0,0,0,0,0,0,0,0,0,0,0,1,0,0,0,0,0,0,0,0,0,0,0,1,0,0,0,0,0,0,0,0,0,0,0,0,0,0,0,0,0,0,0,0,0,1,0,0,0,0,0,0,0,0,0,0,0,0,0,0,0,0,0,0,0,0,1,0,0,0,0,0,0,0,0,0,0,0,0,1,0,0,0,0,0,0,0,0,0,0,0,0,0,0,0,0,0,0,0,0,0,0,0,0,0,0,0,0,1,0,1,0,0,0,0,0,0,0,0,0,0,0,0,0,0,0,0,0,1,0,0,0,0,0,0,0,0,0,0,0,0,0,0,0,0,0,0,0,0,1,0,0,0,0,0,0,0,0,0,0,0,0,0,0,0,0,0,0,1,0,0,0,0,0,0,0,0,0,0,0,0,1,0,0,0,0,0,0,0,0,0,0,0,0,0,0,0,0,0,0,1,0,0,0,0,0,0,0,0,0,0,0,0,0,0,0,0,1,0,0,0,0,0,0,0,0,0,0,0,0,1,0,0,0,0,0,0,0,0,0,0,0,0,0,0,0,0,0,0,1,0,0,0,0,0,0,0,0,0,0,0,0,0,0,1,0,0,0,0,0,0,0,0,0,0,0,0,0,0,0,0,0,0,0,0,0,0,0,0,0,0,0,0,1,0,0,0,0,1,0,0,0,0,0,0,0,0,0,0,0,0,0,0,0,0,0,0,0,0,0,0,0,0,0,0,0,0,1
118.0,15,1.0,-7.364601787426756e-18,-1.3270727703736044e-18,1.0069926356016166,0.7570787450671645,-0.6511058191861836,0.0433346282085472,0.5619145933565324,0.8580872597446986,0.5122497631362086,-1.3569433339427501e-17,0.5452972274804964,0.4342186978643529,0.888221225891528,-0.1408845277012176,0.4411396958346673,0.7146399402691797,-0.5300885240041453,0.4549394151613414,0.3788084263139315,0.5422045432767194,-0.3496011959516155,0.7617183067662476,0.3672573288374367,0.7882347425493447,-0.5267568737178849,-0.3161206712453742,0.3655445994222482,0.9281343940217568,0.3502051464583684,0.1157267834024206,0.3647539253862351,0.3128429577948765,0.7557412064880392,-0.5711357487287791,0.3626604142191414,0.5778403659418231,-0.4356236966560578,-0.6887350231313414,0.3441472347911916,0.2393813987892616,-0.5879977844663002,-0.7711072745480716,0.3257598887469595,0.4668891181394804,0.882338019681216,0.0307192062425965,0.2961004052111559,0.568086076901352,-0.1713430665767905,-0.8034157234932613,0.2818315655661417,0.7586334881537629,-0.5485206508281536,0.3495243604540519,0.2775750978581195,-0.2599879133517392,0.8511893652072505,-0.4457772085865248,0.2743730135731476,0.2365582288945267,0.833657937388297,0.4873471657265281,0.27139525229832,0.0665053527296576,0.8323894077911911,-0.5448299953592095,0.2686859962065355,0.1366180173072477,-0.3966164385882209,-0.9063296802756404,0.2668242844510056,0.4468622647493429,-0.2856663937829745,0.8462247557603849,0.2599974791745778,0.3719684078095279,0.8815718257625947,0.2806371068770852,0.2509414936934043,0.3189931575335784,-0.1900013246610211,-0.9270058290958928,0.2499119421395916,0.7300846331885845,0.1127711750766449,0.6711884880242319,0.2364248519023391,-0.0112999356890105,-0.6035540102214286,0.7932424092155909,0.2332820905844637,0.5993637513034209,-0.091495562839599,0.7937203572320359,0.220181759461825,0.0637988478323184,0.6834449787394552,-0.721952601409783,0.2195271423662981,0,0,0,0,0,0,0,0,1,0,0,0,0,0,0,0,0,0,0,0,0,0,0,0,0,1,0,0,0,0,0,0,0,0,0,0,0,0,0,0,0,0,1,0,0,0,0,0,0,0,0,0,0,0,0,0,0,1,0,0,0,0,0,0,0,0,0,0,0,0,0,0,0,0,0,0,0,0,1,0,0,0,0,0,0,0,0,0,1,0,0,0,0,0,0,0,0,0,0,0,0,0,0,0,0,0,0,0,0,0,0,0,1,0,0,0,0,0,0,0,0,0,0,0,0,1,0,0,0,0,0,0,0,0,0,0,0,0,0,0,0,0,0,0,1,0,0,0,0,0,0,0,0,0,0,0,1,0,0,0,0,0,0,0,0,0,0,0,0,0,0,0,0,1,0,0,0,0,0,0,0,0,0,0,0,0,0,0,0,0,0,0,0,0,0,1,0,0,0,0,0,0,0,0,0,0,0,0,0,0,0,0,1,0,0,0,0,0,0,0,0,0,0,0,0,0,0,1,0,0,0,0,0,0,0,0,0,0,0,0,0,0,0,0,0,0,0,0,1,0,0,0,0,0,0,0,0,0,0,0,0,0,0,0,0,0,0,0,1,0,0,0,0,0,0,0,0,0,0,0,0,0,1,0,0,0,0,0,0,0,0,0,0,0,0,1,0,0,0,0,0,0,0,0,0,0,0,0,0,0,0,0,0,0,1,0,0,0,0,0,0,0,0,0,0,0,0,0,0,0,1,0,0,0,0,0,0,0,0,0,0,0,0,0,0,0,0,0,1,0,0,0,0,0,0,0,0,0,0,0,0,0,0,0,0,0,0,0,0,0,0,0,0,0,0,0,0,0,0,0,0,0,0,0,1,0,0,0,0,0,0,0,0,0,0,0,0,0,0,1,0,0,0,0,0,0,0,0,0,0,0,0,0,0,0,0,1,0,0,0,0,0,0,0,0,0,0,0,0,0,0,0,1,0,0,0,0,0,0,0,0,0,0,0,0,0,0,0,0,0,1,0,0,0,0,0,0,0,0,0,0,0,0,0,0,0,0,0,0,0,0,0,1,0,0,0,0,0,0,0,0,0,0,0,0,0,1,0,0,0,0,0,0,0,0,0,0,0,0,1,0,0,0,0,0,0,0,0,0,0,0,0,0,0,1,0,0,0,0,0,0,0,0,0,0,0,0,0,0,0,0,0,0,0,0,0,0,0,0,0,1,0,0,0,0,0,0,0,0,0,0,0,0,0,1,0,0,0,0,0,0,0,0,0,0,0,0,1,0,0,0,0,0,0,0,0,0,0,0,0,0,0,0,0,0,0,1,0,0,0,0,0,0,0,0,0,0,0,0,0,1,0,0,0,0,0,0,0,0,0,0,0,0,0,0,1,0,0,0,0,0,0,0,0,0,0,0,0,0,0,0,0,0,0,0,1,0,0,0,0,0,0,0,0,0,0,0,0,0,0,1,0,0,0,0,0,0,0,0,0,0,0,0,0,0,0,1,0,0,0,0,0,0,0,0,0,0,0,0,0,0,0,0,0,0,0,0,0,1,0,0,0,0,0,0,0,0,0,0,0,0,0,0,0,0,0,0,1,0,0,0,0,0,0,0,0,0,0,0,0,0,1,0,0,0,0,0,0,0,0,0,0,0,0,0,0,0,0,0,1,0,0,0,0,0,0,0,0,0,0,0,1,0,0,0,0,0,0,0,0,0,0,0,0,0,0,0,0,0,0,0,0,0,0,0,0,0,0,1,0,0,0,0,0,0,1,0,0,0,0,0,0,0,0,0,0,0,0,0,0,0,0,1,0,0,0,0,0,0,0,0,0,0,0,0,0,0,0,0,0,0,0,0,0,0,0,1,0,0,0,0,0,0,0,0,0,0,0,0,1,0,0,0,0,0,0,0,0,0,0
117.2,16,1.0,1.5984998601704712e-19,2.105538818294477e-17,1.006891929742673,0.7266905023243126,-0.6307815399604408,-0.2672890069828205,0.5785830574284347,0.8559378303250622,0.5165874362006712,2.1850931656817888e-17,0.5591524976825084,0.4298587723653799,0.8800870840356962,0.1988333493193618,0.4475560657859283,0.1285446627738877,0.7645744572661165,0.6300269172773035,0.4456385315343186,-0.0036615644717633,-0.235530074816255,-0.9679652494465174,0.4131694266713956,0.6895467951857004,-0.3737769555020944,-0.618046314309108,0.3843255359343271,0.7510829305475643,-0.6470202462573296,0.115989105035508,0.3716482902420766,0.9270398010675434,0.3544452595876045,-0.1167422594403581,0.3700635414622081,0.3754601643036935,-0.1714346181665779,-0.9079459983399916,0.3685953580179941,0.2021508114352074,0.4782867020000313,0.8520167944330611,0.3531015824325309,0.7280240575924058,-0.4594500629858148,0.5043920019859253,0.3422351788548153,0.474685020759987,0.3006964654293166,0.8244786141539496,0.3180483162158539,0.5257231678148656,0.8228461622500616,0.2061982507878833,0.2886478363798655,0.4021895498247677,0.011626375111384,-0.91250934223031,0.2794282825458941,0.7291600159962413,-0.6803871748456174,-0.0162533990665487,0.2761584625626193,-0.0831042202101736,0.3815066448645767,0.916091728029081,0.2758848948819406,-0.1920678938424189,-0.2475908430947179,0.9399746087671362,0.2649268926066733,0.6680743272655796,-0.4714014417242813,0.5703804058923215,0.2444565256758334,0.2996412767052859,-0.7638174113185667,0.5615361377900341,0.2342083842466692,-0.004242615432528,0.1444036329325677,0.984426889313782,0.233587670421386,0.3092192712056386,0.9121274345226308,0.2609102349783632,0.2328108427098282,-0.0613056635174428,-0.1126183958151085,0.98566226744761,0.2271407941917257,-0.0910775795689702,0.5580947448462723,0.8192508504980163,0.2175866284150291,0.1272639897470195,0.9837120682114272,0.1099295437256748,0.2170221326829706,0,0,0,1,0,0,0,0,0,0,0,0,0,0,0,0,0,0,0,0,0,0,0,0,0,1,0,0,0,0,0,0,0,0,0,0,0,1,0,0,0,0,0,0,0,0,0,0,0,0,0,0,0,0,0,0,0,1,0,0,0,0,0,0,0,0,0,0,0,0,0,0,0,0,0,0,1,0,0,0,0,0,0,0,0,0,0,0,1,0,0,0,0,0,0,0,0,0,0,0,0,0,0,0,0,0,0,0,0,0,1,0,0,0,0,0,0,0,0,0,0,0,0,0,0,1,0,0,0,0,0,0,0,0,0,0,0,0,0,0,0,0,0,0,1,0,0,0,0,0,0,0,0,0,0,0,0,0,0,0,0,1,0,0,0,0,0,0,0,0,0,0,0,1,0,0,0,0,0,0,0,0,0,0,0,0,0,0,0,0,0,0,0,0,0,0,0,0,0,0,1,0,0,0,0,0,0,1,0,0,0,0,0,0,0,0,0,0,0,0,0,0,0,0,0,0,0,1,0,0,0,0,0,0,0,0,0,0,0,0,0,1,0,0,0,0,0,0,0,0,0,0,0,0,0,0,0,0,1,0,0,0,0,0,0,0,0,0,0,0,0,0,0,0,0,0,0,0,0,0,1,0,0,0,0,0,0,0,0,0,0,0,0,0,0,0,0,0,0,0,0,0,1,0,0,0,0,0,0,1,0,0,0,0,0,0,0,0,0,0,0,0,0,0,0,0,1,0,0,0,0,0,0,0,0,0,0,0,0,0,0,0,0,0,0,0,0,0,0,0,1,0,0,0,0,0,0,0,0,0,1,0,0,0,0,0,0,0,0,0,0,0,0,0,0,0,0,0,0,0,0,1,0,0,0,0,0,0,0,0,0,0,0,0,0,0,0,0,0,1,0,0,0,0,0,0,0,0,0,0,0,0,0,0,0,0,0,0,1,0,0,0,0,0,0,0,0,0,0,0,0,0,0,0,0,0,0,0,1,0,0,0,0,0,0,0,0,0,0,0,1,0,0,0,0,0,0,0,0,0,0,0,0,0,0,1,0,0,0,0,0,0,0,0,0,0,0,0,0,1,0,0,0,0,0,0,0,0,0,0,0,0,0,0,0,0,0,0,0,0,0,0,0,0,0,0,1,0,0,0,0,0,0,1,0,0,0,0,0,0,0,0,0,0,0,0,0,0,0,0,0,0,0,0,0,0,0,0,0,0,1,0,0,0,0,0,0,0,0,0,0,0,0,0,1,0,0,0,0,0,0,0,0,0,0,0,0,1,0,0,0,0,0,0,0,0,0,0,0,0,0,0,1,0,0,0,0,0,0,0,0,0,0,0,0,0,0,0,0,0,0,0,0,0,0,0,0,0,1,0,0,0,0,0,0,0,0,0,0,1,0,0,0,0,0,0,0,0,0,0,0,0,0,0,0,1,0,0,0,0,0,0,0,0,0,0,0,0,0,0,0,0,0,1,0,0,0,0,0,0,0,0,0,0,0,0,0,0,0,0,0,0,0,0,0,0,1,0,0,0,0,0,0,0,0,0,0,0,0,0,1,0,0,0,0,0,0,0,0,0,0,0,0,0,0,1,0,0,0,0,0,0,0,0,0,0,0,0,0,0,0,0,1,0,0,0,0,0,0,0,0,0,0,0,0,0,0,0,1,0,0,0,0,0,0,0,0,0,0,0,0,0,1,0,0,0,0,0,0,0,0,0,0,0,0,0,0,0,1,0,0,0,0,0,0,0,0,0,0,0,0,0,0,0,0,0,0,0,0,0,0,0,1,0,0,0,0,0,0,0,0,0,0,0,0,1,0,0,0,0,0,0,0,0,0,0,0,0,0,0,0,0,0,0,1,0,0,0,0,0,0,0,0,0,0,0,0,0,0,0,0,0,0,0,0,0,0,0,0,0
108.3,17,1.0,-6.5262704009138274e-18,1.396869249342634e-17,1.0112805707607992,0.7478298954768623,0.6628922685297347,2.8900404403501597e-18,0.5588291396368803,0.7753821013874009,-0.4567346402239974,-0.4326623076020366,0.553946803804571,0.0632796306402174,0.6351110700416752,0.7656739127474346,0.4669865221764338,0.1362210652929464,0.0077880887327505,-0.9866568885238142,0.4473149138700298,0.3296104838176161,0.8739679088390746,0.3531280321651804,0.4429821135914308,-0.1858307719465006,-0.60346564575507,0.7463312873672487,0.4415472801422259,0.4759119731957214,-0.2375305502059582,-0.843551495100205,0.4264628381396406,-0.8881621765774403,-0.3498263912668223,-0.2229430295169624,0.3778649227466768,-0.4804904704816878,-0.3731376379727676,0.7653726550913882,0.3745194788304184,0.8094443690745943,0.554562602214405,-0.1858709029398568,0.3717281276767407,0.1612064595719168,0.3309194339400204,0.9257430209756812,0.3630282081766633,-0.4277347035759684,-0.0365702055835073,0.8858040946586965,0.3295427470589472,-0.7476319649549388,-0.6217154002519807,-0.1331901662094282,0.3273619903097562,0.4407599277609916,0.255391829783098,0.8576077409881304,0.3080743995234749,-0.684363205613008,-0.6652836930682632,0.2122237845124276,0.3054394882589721,-0.7077335047830402,-0.4471139360867054,0.5017612616034277,0.2986287388299494,0.5278747133865368,-0.2952506097798869,-0.7897132371901071,0.2949582761194516,-0.1268895853194778,0.1297086429559342,0.975490949325178,0.2940326744789289,0.4562352960350306,0.7998093628272543,0.3866894632617715,0.2892136629156994,-0.3233537641010059,-0.7553466554229575,-0.5518988935212421,0.2852630708414587,-0.5838845994501314,-0.7138063657178743,-0.352636114347558,0.2611419803965556,0.0213982681841595,-0.0836693177819254,0.9886334119907632,0.2387665811491152,0.381232795423405,-0.184984804623813,-0.8991139619479295,0.2331520054458087,0.2382700487401951,0.8484794846649099,0.4687663198433028,0.2313402784970815,0,0,0,0,0,0,0,1,0,0,0,0,0,0,0,0,0,0,0,0,0,0,0,0,0,1,0,0,0,0,0,0,0,0,0,0,0,1,0,0,0,0,0,0,0,0,0,0,0,0,0,0,0,0,1,0,0,0,0,0,0,0,0,0,0,0,0,0,0,0,0,0,0,0,0,1,0,0,0,0,0,0,0,0,0,0,0,0,0,0,0,1,0,0,0,0,0,0,0,0,0,0,0,0,0,1,0,0,0,0,0,0,0,0,0,0,0,0,0,0,0,0,0,0,0,0,0,1,0,0,0,0,0,0,0,0,0,0,0,0,0,0,0,1,0,0,0,0,0,0,0,0,0,0,0,0,0,0,0,0,0,0,0,0,0,0,1,0,0,0,0,0,0,1,0,0,0,0,0,0,0,0,0,0,0,0,0,0,0,0,0,0,0,1,0,0,0,0,0,0,0,0,0,0,0,0,0,0,0,0,0,0,0,0,1,0,0,0,0,0,0,0,0,0,0,0,0,0,0,0,0,0,0,0,1,0,0,0,0,0,0,0,0,0,0,1,0,0,0,0,0,0,0,0,0,0,0,0,1,0,0,0,0,0,0,0,0,0,0,0,0,0,0,0,0,0,1,0,0,0,0,0,0,0,0,0,0,0,0,0,0,0,0,0,0,0,0,0,0,0,0,0,1,0,0,0,0,0,0,0,0,0,0,0,0,0,1,0,0,0,0,0,0,0,0,0,1,0,0,0,0,0,0,0,0,0,0,0,0,0,0,0,0,1,0,0,0,0,0,0,0,0,0,0,0,0,0,0,0,0,0,0,0,0,0,0,0,0,0,0,1,0,0,0,0,0,0,0,0,0,0,0,1,0,0,0,0,0,0,0,0,0,0,0,1,0,0,0,0,0,0,0,0,0,0,0,0,0,0,0,0,0,0,0,0,0,1,0,0,0,0,0,0,0,0,0,0,0,0,0,0,0,0,1,0,0,0,0,0,0,0,0,0,0,0,0,1,0,0,0,0,0,0,0,0,0,0,0,0,0,0,0,1,0,0,0,0,0,0,0,0,0,0,0,0,0,0,0,0,0,0,0,0,0,1,0,0,0,0,0,0,0,0,0,0,0,0,0,0,0,0,0,0,0,0,0,1,0,0,0,0,0,0,0,0,0,0,0,0,0,1,0,0,0,0,0,0,0,0,0,0,0,0,0,0,1,0,0,0,0,0,0,0,0,0,0,0,0,0,0,0,0,0,0,1,0,0,0,0,0,0,0,0,0,0,0,0,1,0,0,0,0,0,0,0,0,0,0,0,0,0,0,0,0,0,0,0,0,0,0,0,0,0,0,0,0,0,1,0,0,0,0,0,1,0,0,0,0,0,0,0,0,0,0,0,0,0,0,0,0,1,0,0,0,0,0,0,0,0,0,0,0,0,0,0,1,0,0,0,0,0,0,0,0,0,0,0,0,0,1,0,0,0,0,0,0,0,0,0,0,0,0,0,0,0,0,0,0,0,1,0,0,0,0,0,0,0,0,0,0,0,0,0,0,1,0,0,0,0,0,0,0,0,0,0,0,0,0,0,0,0,0,0,1,0,0,0,0,0,0,0,0,0,0,0,0,0,0,1,0,0,0,0,0,0,0,0,0,0,0,0,0,0,0,0,0,0,1,0,0,0,0,0,0,0,0,0,0,0,0,0,0,0,0,0,0,1,0,0,0,0,0,0,0,0,0,0,0,0,0,0,1,0,0,0,0,0,0,0,0,0,0,0,0,0,0,0,0,0,0,0,0,0,0,0,0,0,0,0,0,0,1,0,0,0,1,0,0,0,0,0,0,0,0,0,0,0,0,0,1,0,0,0,0,0,0,0,0,0,0,0,0,0,0,0,0,1,0,0,0,0,0,0,0,0,0,0,0,0,0
123.4,18,1.0,1.4104767069458418e-17,5.523377914044349e-18,1.011652505957063,-0.4627189839025313,-0.1620106183403062,-0.8397272049785975,0.5719387324579801,0.8384307115647541,0.544066828407128,6.810169055890141e-18,0.564613927701002,0.7857105678469664,-0.4934460486487279,0.3702192878781586,0.547286469580369,0.2574819908686215,-0.6891068059997432,0.6721053536757085,0.4782133905035757,0.4203131295729325,0.8426910240364294,-0.3324028249611627,0.4627653232120362,-0.0008437826649141,-0.2618362745049895,0.9564543352356604,0.4466227461514135,0.7386371231671283,-0.6668055339653243,-0.0251939210116794,0.3770331928432524,0.8724120171288343,0.4480928528950169,0.187115697143706,0.3725172304586021,-0.431970664480003,-0.2599583053483313,-0.8467744576095498,0.365448091548877,0.5242339451420935,-0.7838165261360535,-0.3121990990599724,0.3639788063271713,0.353076820544389,0.9247856818354748,-0.1200352646869604,0.3136195401560705,0.0426789949481484,0.9037054847552116,0.4047953229786397,0.3099785787806604,0.305088694402224,-0.7133663493065794,0.6277735970872643,0.2988093162153755,-0.2981590224386442,-0.5696858524138917,-0.7507699846988434,0.2949934104959143,-0.4292984073015968,-0.7581523688488536,-0.4619486792233374,0.2895265705909779,0.0423090968861577,-0.6213277645592602,-0.7716447193287066,0.284097254946146,0.2268572063577805,0.9471914664476072,0.1982271672194435,0.2788758564304049,0.8258648247244587,-0.5500669648551368,0.0567933466338259,0.276548072197424,-0.5053187894812893,-0.0595106147056537,-0.8479336515315433,0.2737087676766566,-0.5107520696047108,0.2563229404404546,-0.8074760423174453,0.2622759886210769,-0.7229047660583203,0.3331780378757664,-0.5851165352298631,0.2497178740239907,-0.6889696447722308,0.554967141187811,-0.4415604872728685,0.2469440797649461,0.8413621530519061,0.121503468211608,-0.5197737565101137,0.2346651838379182,0.1296187083220495,-0.518032653737703,-0.8369957520862839,0.2302135315739836,0,0,0,0,0,0,0,0,0,0,0,0,0,0,0,0,0,0,0,1,0,0,0,0,0,1,0,0,0,0,0,0,0,0,0,0,1,0,0,0,0,0,0,0,0,0,0,0,0,0,0,0,0,0,0,0,0,0,0,0,0,0,0,0,1,0,0,0,0,0,0,0,0,0,0,1,0,0,0,0,0,0,0,0,0,0,0,0,1,0,0,0,0,0,0,0,0,0,0,0,0,0,0,0,0,0,0,0,0,0,0,0,0,0,0,0,0,0,0,0,0,1,0,0,0,1,0,0,0,0,0,0,0,0,0,0,0,0,0,0,0,0,0,0,0,0,0,0,0,0,0,0,0,0,0,1,0,0,0,1,0,0,0,0,0,0,0,0,0,0,0,0,0,0,0,0,0,1,0,0,0,0,0,0,0,0,0,0,0,0,0,0,0,1,0,0,0,0,0,0,0,0,0,0,0,0,0,0,0,0,0,0,0,0,0,0,0,0,0,0,0,0,0,1,0,0,0,1,0,0,0,0,0,0,0,0,0,0,0,0,0,0,0,0,0,0,0,0,0,0,0,0,0,0,0,0,0,1,1,0,0,0,0,0,0,0,0,0,0,0,0,0,0,0,0,0,0,0,0,1,0,0,0,0,0,0,0,0,0,0,0,0,0,0,0,0,0,0,0,0,0,0,1,0,0,0,0,0,1,0,0,0,0,0,0,0,0,0,0,0,0,0,0,0,0,0,1,0,0,0,0,0,0,0,0,0,0,0,0,0,0,0,0,0,0,0,0,0,0,0,0,0,0,0,0,0,0,0,0,1,0,0,0,0,0,0,0,0,0,0,1,0,0,0,0,0,0,0,0,0,0,1,0,0,0,0,0,0,0,0,0,0,0,0,0,0,0,0,0,1,0,0,0,0,0,0,0,0,0,0,0,1,0,0,0,0,0,0,0,0,0,0,0,0,0,0,0,0,0,0,0,0,0,0,0,0,0,0,1,0,0,0,0,0,0,0,0,0,0,0,0,0,0,0,0,0,0,0,0,0,0,1,0,0,0,1,0,0,0,0,0,0,0,0,0,0,0,0,1,0,0,0,0,0,0,0,0,0,0,0,0,0,0,0,0,0,0,0,0,1,0,0,0,0,0,0,0,0,0,0,0,0,1,0,0,0,0,0,0,0,0,0,0,0,0,0,0,0,0,0,0,0,0,1,0,0,0,0,0,0,0,0,0,0,0,0,1,0,0,0,0,0,0,0,0,0,0,0,0,0,0,0,0,0,0,0,0,0,0,1,0,0,0,0,0,0,0,0,0,0,0,1,0,0,0,0,0,0,0,0,0,0,0,0,0,0,0,0,1,0,0,0,0,0,0,0,0,0,0,0,0,0,0,0,0,0,1,0,0,0,0,0,0,0,0,0,0,0,0,0,0,0,0,0,0,0,0,1,0,0,0,0,0,0,0,0,0,0,0,0,1,0,0,0,0,0,0,0,0,0,0,0,0,0,0,0,0,0,0,0,0,1,0,0,0,0,0,0,0,0,0,0,0,0,1,0,0,0,0,0,0,0,0,0,0,0,0,0,0,0,0,0,0,1,0,0,0,0,0,0,0,0,0,0,0,0,0,0,1,0,0,0,0,0,0,0,0,0,0,0,0,0,0,0,1,0,0,0,0,0,0,0,0,0,0,0,0,0,0,0,0,0,0,0,0,0,0,0,0,0,0,0,0,0,0,0,0,1,0,0,0,0,0,1,0,0,0,0,0,0,0,0,0,0,0,0,1,0,0,0,0,0,0,0,0,0,0,0,0,0,0,0,0,0,0,1,0,0,0,0,0,0,0,0,0,0,0,0,0,0,1,0,0,0,0,0,0,0,0,0,0,0,0,0,0,0,1,0,0,0,0,0,0,0,0,0,0,0,0,0
133.1,19,1.0,7.732165070196028e-18,3.301385151600025e-18,1.0085206669852682,0.7931466259553066,-0.6026377765132462,-0.0570871039540967,0.5431863548405634,0.8844742203092812,0.4649880271645368,-1.5840592609666298e-19,0.5339724026446776,0.3450945955280994,-0.9030426922476956,0.2292345804734771,0.4622631263330677,0.4676588836856872,0.8796094844432811,0.0575778942401406,0.4461539608740342,0.3270069794817304,-0.502876740412361,-0.789630625730205,0.402250752060572,0.6235774926093329,-0.573901371810928,-0.5201792003661666,0.3979620505125962,0.9514717383070138,0.302468675717625,-0.0188476447139451,0.3555630439053884,0.2150041574151609,0.695732056109634,-0.6739744049639002,0.3533835251315659,0.3641265228376803,0.8718339497121228,-0.3160279256049129,0.3302872489866256,0.0161405858814985,0.7188003413885314,0.6797955633337393,0.3185956907166222,0.4754265587342547,0.8137223684727115,0.3297372530650323,0.3134311415278113,0.2754628585521095,0.7732175025448118,0.5624158307253377,0.2880560110369894,0.3494155299503717,-0.9226654403344636,0.1245040551890741,0.2756429497463061,0.7118578275967604,-0.5134076794028724,-0.4626351356744401,0.2732494312600473,0.6867242407507772,-0.2119990853304315,0.6775501642198773,0.2722325973192961,0.1287875386989665,0.9635464394450036,-0.2142234843497102,0.257394862588343,0.4618489765178631,0.0322590228376079,0.8722767387204226,0.257201113329403,0.6120654890736597,-0.4904996938827617,-0.6032108456772837,0.2157315947417538,0.3285664156918775,0.7209272717905864,0.6026005095558934,0.2133691462856256,0.9030675258701268,-0.4134113084058651,-0.0329931519780692,0.2091889495120694,0.0600354101620528,-0.9559429611397912,-0.1943790401679581,0.2053139744974539,0.1539403083818626,-0.3007714076145258,0.9207399928178464,0.196845267362925,0.2945939089116402,-0.0883352853406301,0.934990572271012,0.1898873064721961,0.9440715210749144,-0.0636165186170413,0.3139369112264332,0.1803758824363828,0,0,0,0,1,0,0,0,0,0,0,0,0,0,0,0,0,0,0,0,0,0,0,0,0,1,0,0,0,0,0,0,0,0,0,0,0,0,1,0,0,0,0,0,0,0,0,0,0,0,0,0,0,0,0,0,0,1,0,0,0,0,0,0,0,0,0,0,0,0,0,0,0,0,0,0,0,0,0,0,0,0,0,0,0,0,0,1,1,0,0,0,0,0,0,0,0,0,0,0,0,0,0,0,0,0,1,0,0,0,0,0,0,0,0,0,0,0,0,0,0,0,0,0,0,1,0,0,0,0,0,0,0,0,0,0,0,0,0,0,0,0,0,0,0,0,0,0,0,0,0,0,0,0,0,1,0,0,0,1,0,0,0,0,0,0,0,0,0,0,0,0,0,0,1,0,0,0,0,0,0,0,0,0,0,0,0,0,0,0,0,0,0,0,0,0,0,0,0,0,1,0,0,0,0,0,0,0,1,0,0,0,0,0,0,0,0,0,0,0,0,0,0,0,1,0,0,0,0,0,0,0,0,0,0,0,0,0,0,0,0,0,0,0,0,0,0,0,0,0,0,0,0,0,0,0,0,1,0,0,0,0,0,0,0,0,0,0,1,0,0,0,0,0,0,0,0,0,0,0,0,0,0,0,0,0,0,0,0,0,0,1,0,0,0,1,0,0,0,0,0,0,0,0,0,0,0,0,0,0,0,0,0,0,0,0,0,0,0,0,0,0,0,0,0,1,0,0,0,1,0,0,0,0,0,0,0,0,0,0,0,0,0,0,0,0,0,1,0,0,0,0,0,0,0,0,0,0,0,0,0,0,0,0,0,0,0,0,0,0,1,0,0,0,0,0,0,0,0,0,0,0,0,0,0,0,0,0,0,0,0,0,0,1,0,0,0,0,0,1,0,0,0,0,0,0,0,0,0,0,0,0,0,0,0,1,0,0,0,0,0,0,0,0,0,0,0,0,1,0,0,0,0,0,0,0,0,0,0,0,0,0,0,0,0,0,1,0,0,0,0,0,0,0,0,0,0,0,0,0,0,0,0,0,0,0,0,0,0,0,0,0,0,0,0,1,0,0,0,0,0,0,0,0,0,0,0,0,1,0,0,0,0,0,0,0,0,0,0,0,0,1,0,0,0,0,0,0,0,0,0,0,0,0,1,0,0,0,0,0,0,0,0,0,0,0,0,0,0,0,0,0,0,0,0,0,0,0,0,0,0,0,0,1,0,0,0,0,0,0,0,0,0,0,0,0,0,0,0,0,0,0,0,1,0,0,0,1,0,0,0,0,0,0,0,0,0,0,0,0,0,0,1,0,0,0,0,0,0,0,0,0,0,0,0,0,0,0,0,0,0,1,0,0,0,0,0,0,0,0,0,0,0,0,0,0,0,0,0,0,0,0,0,0,1,0,0,0,0,0,0,0,0,0,0,1,0,0,0,0,0,0,0,0,0,0,0,0,0,0,0,0,0,1,0,0,0,0,0,0,0,0,0,0,0,0,0,0,0,1,0,0,0,0,0,0,0,0,0,0,1,0,0,0,0,0,0,0,0,0,0,0,0,0,0,0,0,0,0,0,0,0,0,0,0,0,0,0,0,0,1,0,0,0,0,0,0,0,1,0,0,0,0,0,0,0,0,0,0,0,0,0,0,0,0,0,0,0,0,0,0,0,0,0,0,0,0,1,0,0,0,0,1,0,0,0,0,0,0,0,0,0,0,0,0,0,0,0,0,0,0,0,0,1,0,0,0,0,0,0,0,0,0,0,0,0,1,0,0,0,0,0,0,0,0,0,0,0,0,0,0,0,0,0,0,1,0,0,0,0,0,0,0,0,0,0,0,0,0,0,1,0,0,0,0,0,0,0,0,0,0,0,0,0,0,0,0,0,0,1,0,0,0,0,0,0,0,0,0,0
131.9,20,1.0,-6.805322214847673e-18,-5.564739673864669e-18,1.012421837490587,0.6934519943690736,0.7186505836993027,5.208089060402959e-18,0.6011762918833845,0.7935852102492045,-0.4344351096635397,-0.0961226212359999,0.54313307037631,-0.1578654056890155,-0.4264021958586066,0.1924510165427271,0.5125398706828592,0.2731032913004836,0.8712018604802371,0.0727575385955133,0.4568679710129513,0.1699856031713028,-0.8275273441860523,-0.3215979434058115,0.4538086703756592,0.4648751451875172,-0.7023001324913772,-0.3386002192887576,0.437577053367484,0.6216467419416403,-0.5714076489862381,0.231605869933817,0.4033536254218708,0.6972040441329362,0.6511725998736304,-0.0231608072374627,0.4015860603256213,-0.1174973411354573,0.6032061200690224,-0.33320656057391,0.3848107018233068,0.3971714918153631,-0.6651336039869717,0.3661173605618869,0.3758820855782689,0.1009591082330466,0.8782315673309166,-0.1278456853007935,0.3529374693605706,-0.3164640009342313,-0.4492431454292948,0.1836231829956898,0.3466198924133268,0.0344696013779434,0.5335341863438374,0.4257892932617761,0.3316854558276122,0.2422616375330336,0.8758405972499773,0.1897418666982285,0.3216211641807615,0.4493412962647095,-0.5948079170430101,-0.3844352627568742,0.303776868025129,-0.3010821249574087,-0.6806183614212685,-0.1087505688764858,0.3016294144562383,0.1485523682702759,0.737315375635237,0.3441137646347748,0.297823648992878,-0.3406558309106479,-0.6271536167337955,0.062683560119691,0.2770779720204008,-0.3860677547671088,-0.2386559790687628,0.2538015151330549,0.2729535106071183,-0.336304402941385,0.017974398074507,0.319865522568889,0.2707840537635604,0.2802583922618553,-0.5319921734822098,0.3702802475642123,0.2601005578098631,-0.017552273194588,0.4721606918693971,-0.5964607321313093,0.2590688351942407,-0.2881309127734932,0.5482057250709482,0.1319449984934014,0.2514174508579144,-0.2595999747408378,-0.7771900758850258,0.1268388569446873,0.2324684443267441,0,0,0,0,0,0,0,0,0,0,0,0,1,0,0,0,0,0,0,0,0,0,0,0,0,1,0,0,0,0,0,0,0,0,0,0,0,0,1,0,0,0,0,0,0,0,0,0,0,0,0,0,0,0,1,0,0,0,0,0,0,0,0,0,0,0,0,0,0,0,0,0,0,0,0,0,0,0,0,0,1,0,0,0,0,0,0,0,0,0,0,1,0,0,0,0,0,0,0,0,0,0,1,0,0,0,0,0,0,0,0,0,0,0,0,0,0,0,0,0,0,0,0,0,0,0,0,0,0,0,0,0,1,0,0,0,0,0,0,0,1,0,0,0,0,0,0,0,0,0,0,0,0,0,0,0,0,0,0,1,0,0,0,0,0,0,0,0,0,0,0,0,0,0,0,0,0,0,0,0,0,0,1,0,0,0,0,0,0,0,0,0,0,0,0,0,0,0,0,0,1,0,0,0,0,0,0,0,0,0,0,0,0,0,0,0,1,0,0,0,0,0,0,0,1,0,0,0,0,0,0,0,0,0,0,0,0,0,0,0,0,0,0,0,0,0,0,0,0,0,1,0,0,0,0,0,0,0,0,0,0,1,0,0,0,0,0,0,0,0,0,0,0,0,0,0,1,0,0,0,0,0,0,0,0,0,0,0,0,0,0,0,0,0,0,0,0,0,0,0,0,0,1,0,0,0,0,0,0,0,1,0,0,0,0,0,0,0,0,0,0,0,0,0,0,0,0,0,0,0,0,0,0,0,0,0,0,0,0,1,0,0,0,0,0,0,0,0,0,0,0,0,1,0,0,0,0,0,0,0,0,0,0,1,0,0,0,0,0,0,0,0,0,0,0,0,0,0,1,0,0,0,0,0,0,0,0,0,0,0,0,0,0,0,0,0,0,1,0,0,0,0,0,0,0,0,0,0,1,0,0,0,0,0,0,0,0,0,0,0,0,0,0,0,0,0,0,0,1,0,0,0,0,0,0,0,0,0,0,0,0,0,0,0,0,0,0,0,0,0,0,0,0,0,0,0,0,0,0,0,0,1,0,0,0,0,0,0,0,0,0,0,1,0,0,0,0,0,0,0,1,0,0,0,0,0,0,0,0,0,0,0,0,0,0,0,0,0,0,0,0,1,0,0,0,0,0,0,0,0,0,0,0,0,0,0,0,0,0,0,0,0,0,0,0,0,0,0,1,0,0,0,0,0,0,1,0,0,0,0,0,0,0,0,1,0,0,0,0,0,0,0,0,0,0,0,0,0,0,0,0,0,0,0,0,0,0,0,0,1,0,0,0,0,0,0,0,0,0,0,0,0,0,0,0,0,0,0,0,0,0,0,0,0,0,0,0,1,1,0,0,0,0,0,0,0,0,0,0,0,0,0,1,0,0,0,0,0,0,0,0,0,0,0,0,0,0,0,0,0,0,0,0,0,0,1,0,0,0,0,0,0,0,0,0,0,0,0,0,0,1,0,0,0,0,0,0,0,0,0,0,0,0,0,0,0,0,0,0,0,0,1,0,0,0,0,0,0,0,0,0,0,0,0,1,0,0,0,0,0,0,0,0,0,0,0,0,0,0,0,0,0,0,1,0,0,0,0,0,0,0,0,0,0,0,0,0,0,0,0,0,0,0,0,0,0,1,0,0,0,0,0,0,0,0,0,0,0,0,0,0,0,0,0,0,0,1,0,0,0,0,0,1,0,0,0,0,0,0,0,0,0,0,0,0,0,0,0,0,0,0,0,0,0,0,0,0,0,0,0,0,1,0,0,0,0,1,0,0,0,0,0,0,0,0,0,0,0,0,0,0,0,0,0,0,0,0,0,0,0,0,0,0,0,0,1,1,0,0,0,0,0,0,0,0,0,0,0,0,0,0,0,0,0,0,0,0,0,0,1,0,0,0,0,0,0,0,0,0,0
126.9,21,1.0,-1.6113118642442406e-17,-2.3320762209930126e-18,1.012400667486335,0.8138301902320351,0.5779630188319189,-6.672940918718604e-18,0.567436972608908,0.7948675270075389,-0.5144297894657829,0.0038235709862577,0.5428510399546078,-0.3462215072966275,-0.3962753111931548,-0.0146730564017504,0.4647397993578358,0.3934041551604798,0.8621582808331831,-0.0108232047089901,0.4540712216704313,0.431499275344016,-0.8166711264161994,0.2724019240250426,0.442276911506548,0.3029298263932939,-0.6082523334858331,-0.5738115753555244,0.4081480473963523,0.6010604544117888,-0.555003473638989,-0.3944862807919148,0.4061809198507397,0.8471893978408813,0.4754129362628563,0.0341810415363238,0.3781012456156497,0.227750133228049,0.8238434944040165,-0.3019016698524989,0.3651052668500921,0.3772432711915833,0.8834681654266907,0.1262231060223022,0.3105751069380268,-0.4260599272441489,-0.5147752656668179,-0.0800718435205984,0.3054631842188161,0.6650957934035843,-0.4191698974001022,-0.3729592685858665,0.2903832313180475,0.4158970346821474,-0.8297231278613042,0.1868906843435399,0.2890710092990897,-0.3287249735560303,-0.0404462628834031,0.5329939896145149,0.2842388653707986,-0.4044050741920656,-0.295255798440023,0.4093417528637031,0.2836555519629874,0.3131750409903922,0.7778608945755663,-0.441053542518967,0.2775357460833905,-0.320119412929815,-0.5363907866302787,0.4188009500833349,0.2592146063837543,-0.021371864059349,0.8107693933219882,0.2840749992780448,0.2583633056817743,-0.5095660725645561,-0.2242879546427127,0.2289358721487263,0.2583489516004056,0.1842400228849567,0.8671928261997175,0.2578187333524311,0.2555748372979903,-0.4870125103146285,-0.4478576041972635,0.0664846539963103,0.2539467514194323,0.2587676242226394,-0.9325185303783484,0.0853062155958892,0.241914003911868,-0.3672857610255956,-0.6432252943627257,-0.1976595031326177,0.2393738983735973,0.5321762850318752,-0.6821484758263502,0.231638482466264,0.2393242949710182,0,0,0,0,0,0,0,0,0,0,0,0,0,0,0,0,0,0,1,0,0,0,0,0,0,1,0,0,0,0,0,0,0,0,0,0,0,0,0,0,0,0,0,0,0,0,1,0,0,0,0,0,0,0,1,0,0,0,0,0,0,0,0,0,0,0,0,0,0,0,0,0,0,0,0,0,0,0,0,0,0,0,0,0,0,0,1,0,0,0,0,1,0,0,0,0,0,0,0,0,0,0,0,0,0,0,0,0,0,0,0,0,0,0,0,0,0,1,0,0,0,0,0,0,0,0,0,0,0,0,0,0,1,0,0,0,0,0,0,0,0,0,0,0,0,0,0,0,1,0,0,0,0,0,0,0,0,0,0,1,0,0,0,0,0,0,0,0,0,0,0,0,0,0,0,0,0,0,0,0,0,0,0,0,0,0,0,0,1,0,0,0,0,1,0,0,0,0,0,0,0,0,0,0,0,0,0,0,0,0,0,0,0,0,0,0,0,0,0,0,0,0,1,0,0,0,0,0,0,0,0,0,0,0,1,0,0,0,0,0,0,0,0,0,0,0,0,0,0,0,0,0,0,0,0,0,1,0,1,0,0,0,0,0,0,0,0,0,0,0,0,0,0,0,0,0,0,0,0,0,0,0,0,0,1,0,0,0,0,0,0,0,0,0,0,0,0,0,0,0,0,0,1,0,0,0,0,0,0,0,0,0,0,0,0,0,0,0,1,0,0,0,0,0,0,0,0,0,0,1,0,0,0,0,0,0,0,0,0,0,0,0,0,0,0,0,0,0,0,0,0,0,1,0,0,0,0,0,0,0,0,0,0,0,0,1,0,0,0,0,0,0,0,0,0,0,0,0,0,0,0,0,0,0,0,0,0,0,0,1,0,0,0,0,1,0,0,0,0,0,0,0,0,0,0,0,0,0,0,0,0,0,0,0,0,0,0,1,0,0,0,0,0,0,0,0,0,0,0,0,0,0,0,1,0,0,0,0,0,0,0,0,0,0,0,0,0,0,0,0,0,0,0,0,0,0,0,0,0,0,1,0,0,1,0,0,0,0,0,0,0,0,0,0,0,0,0,0,0,0,1,0,0,0,0,0,0,0,0,0,0,0,0,0,0,0,0,0,0,0,0,1,0,0,0,0,0,0,0,0,0,0,0,0,0,0,1,0,0,0,0,0,0,0,0,0,0,0,0,0,1,0,0,0,0,0,0,0,0,0,0,0,0,0,0,0,0,0,0,0,0,0,0,0,0,0,1,0,0,0,0,0,0,0,0,0,0,1,0,0,0,0,0,0,0,0,0,0,0,0,0,0,0,0,1,0,0,0,0,0,0,0,0,0,0,0,0,0,0,0,0,0,0,0,0,0,0,0,1,0,0,0,0,0,0,0,1,0,0,0,0,0,0,0,0,0,0,0,0,0,0,0,0,0,0,0,0,0,0,0,0,0,1,0,0,0,0,0,0,0,0,0,1,0,0,0,0,0,0,0,0,0,0,0,0,0,0,0,0,1,0,0,0,0,0,0,0,0,0,0,0,0,0,0,1,0,0,0,0,0,0,0,0,0,0,0,0,0,0,0,1,0,0,0,0,0,0,0,0,0,0,0,0,0,0,0,0,0,0,0,1,0,0,0,0,0,0,0,0,0,0,0,0,0,0,0,0,0,0,1,0,0,0,0,0,0,0,0,0,0,0,0,0,0,0,0,0,0,0,0,0,0,0,0,0,0,1,0,0,1,0,0,0,0,0,0,0,0,0,0,0,0,0,0,0,0,0,0,0,0,0,0,0,0,0,0,0,1,0,0,0,0,0,0,0,1,0,0,0,0,0,0,0,0,0,0,0,0,0,0,0,0,0,0,0,0,0,0,0,0,0,0,0,0,1,0,0,1,0,0,0,0,0,0,0,0,0,0,0,0
133.1,22,1.0,4.712653138294545e-18,5.5024163647516595e-18,1.0140561077061117,0.7662869197539122,0.6404457036683677,-1.2946675527798168e-18,0.6013976928741233,-0.1399246149743979,-0.5418061693266812,-0.3474890140283146,0.5482247594827934,0.8069262798190886,-0.4439277479470568,0.0949512192317729,0.5375747393190814,0.3329644812996312,0.8565679066718237,-0.1350851276385385,0.4685907033810398,0.4556279231725929,-0.7807341103842432,0.2996597891656826,0.4319039137506825,0.1851629543894105,-0.5890359842312293,0.6055381905338835,0.427233039671111,0.7638775538571345,0.5743770054907179,0.115383881560789,0.3994894393740488,0.672490459793732,-0.4786499864534125,-0.2609809761990815,0.3979092370949604,0.4387876322496698,-0.6461325246805119,-0.3735808551154684,0.3705152536441792,-0.3185130729598766,-0.4603399781692744,-0.3444707971414718,0.3661181458572645,-0.264196131458768,0.6177114010823594,0.1838042414920992,0.3501064466380179,0.1874672440578627,0.9052507113969556,0.0870102114652661,0.3449364807190823,0.0797652196217117,0.3509119504042676,-0.5638135107232818,0.3408967057098566,0.3023064441046574,0.5785555317566031,-0.5017477606836824,0.3346918550046441,0.3208780688727753,0.806033246553023,-0.3132831098586189,0.3307341239232634,0.1484054612298412,-0.4427058993262285,0.5265627393052579,0.3266783286878709,-0.0520912738390685,0.7981115377917011,0.2094145710573776,0.3184318661718741,-0.5199723449821538,0.0402045535192543,-0.1644598223506723,0.3162324144591691,-0.4716540598822085,-0.2220845929428689,-0.2836952665672875,0.305242024301308,0.7080406859635422,-0.305743720825556,-0.2577224487715211,0.2878312435894141,0.4674033179368133,-0.7429417807386204,0.2688234778777651,0.283677321148842,0.0613885312531622,0.101901270318009,-0.6322196694693867,0.2796858202659447,-0.0867612294772473,-0.6598001736995679,-0.438101189960779,0.2771874476517545,-0.2676960770944429,-0.6020664333778021,-0.3732549830770945,0.2739214828387971,0,0,0,0,0,0,0,0,0,1,0,0,0,0,0,0,0,0,0,0,0,0,0,0,0,1,0,0,0,0,0,0,0,0,0,0,0,0,0,0,0,0,0,0,0,0,0,0,0,0,0,0,1,0,1,0,0,0,0,0,0,0,0,0,0,0,0,0,0,0,0,0,0,0,0,0,0,0,0,1,0,0,0,0,0,0,0,0,0,0,0,0,0,0,0,0,0,0,1,0,0,0,0,0,0,0,0,0,0,0,0,1,0,0,0,0,0,0,0,0,0,0,0,0,0,1,0,0,0,0,0,0,0,0,0,0,0,0,0,0,0,0,0,0,0,0,0,0,0,0,0,0,0,0,1,0,0,0,0,1,0,0,0,0,0,0,0,0,0,0,0,0,0,0,0,0,0,0,0,1,0,0,0,0,0,0,0,0,0,0,0,0,0,1,0,0,0,0,0,0,0,0,0,0,0,0,0,0,0,0,0,0,0,1,0,0,0,0,0,0,0,0,0,0,0,0,0,1,0,0,0,0,0,0,0,0,0,0,0,0,0,0,0,0,0,0,0,0,0,0,0,0,0,0,0,0,1,0,0,0,0,0,0,0,0,0,0,0,1,0,0,0,0,0,0,0,0,0,0,0,0,1,0,0,0,0,0,0,0,0,0,0,1,0,0,0,0,0,0,0,0,0,0,0,0,0,0,0,0,0,0,0,0,0,0,1,0,0,0,0,0,0,0,0,0,0,0,0,0,0,0,0,0,0,0,0,1,0,0,0,0,0,0,0,0,0,0,0,0,0,0,1,0,0,0,0,0,0,0,0,1,0,0,0,0,0,0,0,0,0,0,0,0,0,0,0,0,0,0,0,0,0,0,0,0,0,1,0,0,0,0,0,0,0,0,0,0,0,0,0,0,0,0,0,1,0,0,0,0,0,0,0,0,0,0,0,0,0,0,0,0,0,0,0,0,0,1,0,0,0,0,0,0,1,0,0,0,0,0,0,0,0,0,0,0,0,0,0,0,0,0,0,0,0,0,0,0,0,0,0,1,0,0,1,0,0,0,0,0,0,0,0,0,0,0,0,0,0,0,0,0,0,0,0,0,0,0,0,0,0,0,0,0,0,1,0,0,1,0,0,0,0,0,0,0,0,0,0,0,0,0,0,0,0,0,0,0,0,0,0,0,0,0,0,0,0,0,0,1,0,0,0,0,1,0,0,0,0,0,0,0,0,0,0,0,0,0,0,0,0,0,0,0,1,0,0,0,0,0,0,0,0,0,0,0,0,0,1,0,0,0,0,0,0,0,0,0,0,0,0,0,0,0,0,0,0,0,0,0,0,1,0,0,0,0,0,0,0,1,0,0,0,0,0,0,0,0,0,0,0,0,0,0,0,0,0,0,0,0,0,0,0,0,0,0,0,0,0,0,0,1,0,0,0,0,1,0,0,0,0,0,0,0,0,0,0,0,0,0,0,0,0,0,0,0,0,0,0,0,0,0,0,0,0,1,0,0,0,0,0,0,1,0,0,0,0,0,0,0,0,0,0,0,0,0,0,1,0,0,0,0,0,0,0,0,0,0,0,0,0,0,0,0,0,0,1,0,0,0,0,0,0,0,0,0,0,0,0,0,0,0,0,0,1,0,0,0,0,0,0,0,0,0,0,0,0,0,1,0,0,0,0,0,0,0,0,0,0,0,0,0,0,0,0,0,0,0,0,0,0,0,0,0,0,0,0,1,0,0,1,0,0,0,0,0,0,0,0,0,0,0,0,0,0,0,0,0,0,0,0,0,0,0,1,0,0,0,0,0,0,0,0,0,0,0,0,0,1,0,0,0,0,0,0,0,0,0,0,0,0,0,0,0,0,0,0,0,1,0,0,0,0,0,0,0,0,0,0,0,1,0,0,0,0,0,0,0,0,0,0
133.5,23,1.0,-2.0521343097434584e-18,-4.479934697640227e-18,1.0086973724996289,0.8332185928089038,0.5525290395827536,-1.1275748800954026e-19,0.5617211978852868,0.7977640601125147,-0.6016584750459046,0.0050041725442048,0.5404597878700523,0.3046189691217612,-0.92278640078488,0.2201562716430654,0.471737650071354,0.3916622384588531,0.912988385086817,0.1051721349400508,0.4389769311642137,0.5011859369795306,-0.3804464083100772,-0.7729963976314116,0.3868983667960517,0.7047256588993962,-0.5563341159051585,-0.4365476444174799,0.3806115072338053,0.923405152936698,0.3655962833180574,-0.1078058567319775,0.3746398062535666,0.2134325102858982,-0.7569445135500779,0.5567178754672563,0.3678445380376277,0.1517998956057859,0.7894568986056774,-0.5877465825564098,0.3305615550294231,-0.0261520529988685,0.646387511785891,0.7527670249108753,0.3263594712264057,0.3228498567921828,0.9134149922981342,-0.2380105821916031,0.3176203062802192,0.4194912736720333,0.8126511768716439,0.3979078461532205,0.3173902061408381,0.2499742667487081,0.7053464016884159,0.6546008832642032,0.2943841932832787,0.748250886826489,-0.5567336561511057,-0.3526494022388572,0.277404453898825,-0.0585838381161889,-0.8079328890117173,0.541158850981956,0.2758752035057642,0.4090542560989806,-0.3455856507386346,-0.8401764489700307,0.2673070688868774,-0.2801494950868947,-0.7381668437851465,0.5680200956101855,0.2649073576525972,0.5720092313126122,0.014342998024313,0.807347192039084,0.2455825228390726,0.1610549213949972,-0.2103442003930008,-0.9558497019164948,0.2447054727870568,0.1297437247041177,0.9822862497767936,-0.1134353887019317,0.2444949136834865,0.7201310194561809,-0.163307891461217,0.6607135460867537,0.2383324396207762,0.7005329242899393,0.015184544072059,-0.7050106655612789,0.2344164632857318,-0.0156438811277338,-0.8354744558510083,0.4728746244387174,0.2030738944921526,0.5804787633890507,0.2461341850578662,0.7655654091895513,0.1811480662157575,0,0,0,0,0,0,1,0,0,0,0,0,0,0,0,0,0,0,0,0,0,0,0,0,0,1,0,0,0,0,0,0,0,0,0,0,0,0,0,0,0,0,0,1,0,0,0,0,0,0,0,0,0,0,1,0,0,0,0,0,0,0,0,0,0,0,0,0,0,0,0,0,0,0,1,0,0,0,0,0,0,0,0,0,0,0,0,0,0,0,0,1,0,0,0,0,0,0,0,0,0,0,0,0,0,0,0,0,1,0,0,0,0,0,0,0,0,0,0,0,0,0,0,0,0,1,0,0,0,0,0,0,0,0,0,0,0,0,0,0,0,0,0,0,0,1,0,0,0,0,0,0,0,0,0,0,0,0,0,1,0,0,0,0,0,0,0,0,0,0,1,0,0,0,0,0,0,0,0,0,0,0,0,0,0,0,0,0,0,0,0,0,0,0,0,1,0,0,0,0,0,0,0,0,0,0,0,0,0,0,1,0,0,0,0,0,0,0,0,0,0,0,0,0,1,0,0,0,0,0,0,0,0,0,0,0,0,0,0,0,0,0,0,0,0,0,0,1,0,0,0,0,0,0,0,0,0,0,0,0,0,0,0,0,0,0,0,0,1,0,0,0,0,0,0,0,0,0,1,0,0,0,0,0,0,0,0,0,0,0,0,0,0,0,0,1,0,0,0,0,0,0,0,0,0,0,0,0,0,0,0,0,0,0,0,1,0,0,0,0,0,0,0,0,0,0,0,0,0,1,0,0,0,0,0,0,0,0,0,0,0,0,0,0,0,0,0,0,0,0,0,0,0,0,0,0,0,0,1,0,0,0,0,0,0,0,0,0,0,0,1,0,0,0,0,0,0,0,0,0,0,0,0,1,0,0,0,0,0,0,0,0,0,0,0,0,0,1,0,0,0,0,0,0,0,0,0,0,0,0,0,0,0,0,0,0,0,1,0,0,0,0,0,0,0,0,0,0,0,0,0,0,0,1,0,0,0,0,0,0,0,0,0,0,0,0,0,0,0,0,0,0,0,0,0,0,0,0,0,0,1,0,1,0,0,0,0,0,0,0,0,0,0,0,0,0,0,0,0,0,0,0,1,0,0,0,0,0,0,0,0,0,0,0,0,0,0,0,0,0,0,0,0,0,0,0,1,0,0,0,0,0,0,0,0,0,1,0,0,0,0,0,0,0,0,0,0,0,0,0,1,0,0,0,0,0,0,0,0,0,0,0,0,0,1,0,0,0,0,0,0,0,0,0,0,0,0,0,0,0,0,0,0,0,0,0,0,1,0,0,0,0,0,0,0,0,0,0,0,0,0,0,0,0,1,0,0,0,0,0,0,0,0,0,0,0,0,0,0,0,0,0,0,0,0,0,0,0,1,0,0,0,0,0,0,0,0,0,0,0,0,0,0,0,0,0,0,0,0,0,1,0,0,1,0,0,0,0,0,0,0,0,0,0,0,0,1,0,0,0,0,0,0,0,0,0,0,0,0,0,0,0,0,0,0,0,0,0,0,1,0,0,0,0,0,0,0,0,0,0,0,0,0,0,0,0,0,0,0,1,0,0,0,0,0,0,0,0,0,0,0,0,0,1,0,0,0,0,0,0,0,0,0,0,0,0,0,0,0,0,0,0,0,0,0,0,0,0,0,0,0,0,1,0,0,1,0,0,0,0,0,0,0,0,0,0,0,0,0,0,0,0,0,0,0,0,0,0,1,0,0,0,0,0,0,0,0,0,0,0,0,0,0,1,0,0,0,0,0,0,0,0,0,0,0,0,0,0,1,0,0,0,0,0,0,0,0,0,0,0,0,0,0,0,0,0,0,0,0,0,0,0,1,0,0,0,0,0,0,0,0,0,0,0,0,0,0,0,0,0,0,0,0,0,1,0,0,1,0,0,0,0,0,0,0,0,0,0,0,0
122.7,24,1.0,-7.338349694123664e-18,-2.113495752931461e-17,1.0088852953299985,0.7561232258459053,-0.4930924769301278,0.4105619357881022,0.5624928855511309,0.8245079352958837,0.562497825516242,-2.880666292063204e-17,0.5554619551776281,0.2576570625145922,-0.8839224823160459,0.3753221610119376,0.4851672072122412,0.1931439085371885,0.610871469751858,-0.7510785478988327,0.4482686030974532,0.4381743501101741,0.8283757173548919,-0.3322813213724673,0.442471619137363,0.0724369128843057,0.9827168252050266,-0.0410116757761225,0.3801927130826089,0.8730212025875304,0.4445615276440863,0.1632869884582844,0.3699503412120287,0.8576110108122428,-0.4548436195708923,0.1364746602421232,0.3524356156866325,0.2858953172930673,0.334711769260171,-0.8839853925862862,0.340687562493028,0.865235838572984,-0.3928347364684363,-0.2290893610905854,0.3254739923324089,0.5575910823922878,0.2400224567991349,-0.7850061968252323,0.3039668537846213,-0.0359990724720039,-0.3833936749048329,-0.9033928297987532,0.3019659310879259,0.0166524100904024,0.9592558842389084,-0.090020927398403,0.2727961470745728,0.831493797459116,-0.4165244224342546,0.2894775893447261,0.2696002392099709,0.0406630436445322,0.1863964190513073,-0.9634001416183212,0.2679199105398209,0.0750481588033028,-0.1287748787831823,-0.9695182176322356,0.2483611508857561,0.8574910504953319,-0.374218152863375,-0.2586064094700931,0.2339764487115553,0.9157773215223852,0.0450993808191923,-0.3743593293625031,0.2284663845135884,0.0952421084087719,0.2950608472507212,-0.9307735348687628,0.2075102652296531,-0.1786734078053138,0.9573982311884603,0.0277090006658186,0.202761551581976,-0.3368127297509304,0.9091427453543398,-0.0085876116369538,0.1891053686910921,0.711870885238826,-0.4986083221296114,-0.390576666769767,0.18630599404164,0.5591698287698594,-0.6872870404131016,-0.3074516816598022,0.184427556055119,0.9369980056383796,-0.154148891342154,-0.2829468160520874,0.1652796868054935,1,0,0,0,0,0,0,0,0,0,0,0,0,0,0,0,0,0,0,0,0,0,0,0,0,1,0,0,0,0,0,0,0,0,1,0,0,0,0,0,0,0,0,0,0,0,0,0,0,0,0,0,0,0,0,0,0,1,0,0,0,0,0,0,0,0,0,0,0,0,0,0,0,0,1,0,0,0,0,0,0,0,0,0,0,0,0,0,1,0,0,0,0,0,0,0,0,0,0,0,0,0,1,0,0,0,0,0,0,0,0,0,0,0,0,0,0,0,0,0,0,0,0,0,0,1,0,0,0,0,0,0,0,0,0,0,0,0,0,0,0,0,1,0,0,0,0,0,0,0,0,0,0,0,0,0,0,0,0,0,0,1,0,0,0,0,0,0,0,0,0,0,0,0,0,0,1,0,0,0,0,0,0,0,0,0,0,0,0,0,0,0,0,1,0,0,0,0,0,0,0,0,0,0,0,0,0,0,0,0,1,0,0,0,0,0,0,0,0,0,0,0,0,0,0,0,0,1,0,0,0,0,0,0,0,0,0,0,0,0,0,0,0,0,1,0,0,0,0,0,0,0,0,0,0,0,0,0,0,0,0,0,0,0,0,0,0,0,1,0,0,0,1,0,0,0,0,0,0,0,0,0,0,0,0,0,0,0,0,0,0,0,1,0,0,0,0,0,0,0,0,0,0,0,0,0,0,0,0,0,0,0,0,0,0,1,0,0,0,0,0,0,0,0,0,0,1,0,0,0,0,0,0,0,0,0,0,0,0,0,0,0,0,0,0,0,0,0,0,0,1,0,0,0,0,0,0,0,0,0,0,0,0,0,0,1,0,0,0,0,0,0,0,0,0,0,0,0,0,0,0,0,0,1,0,0,0,0,0,0,0,0,0,0,0,0,0,0,0,0,0,0,0,0,1,0,0,0,0,0,0,0,0,0,0,0,0,1,0,0,0,0,0,0,0,0,0,0,0,0,0,1,0,0,0,0,0,0,0,0,0,0,0,0,0,0,0,0,1,0,0,0,0,0,0,0,0,0,0,0,0,0,0,0,0,1,0,0,0,0,0,0,0,0,0,0,1,0,0,0,0,0,0,0,0,0,0,0,0,0,0,0,0,0,0,0,0,0,0,0,0,0,0,0,0,0,1,0,0,0,0,0,0,0,0,0,0,0,0,1,0,0,0,0,0,0,0,0,0,0,0,0,0,1,0,0,0,0,0,0,0,0,0,0,0,0,0,0,0,0,0,0,0,1,0,0,0,0,0,0,0,0,0,0,0,0,0,1,0,0,0,0,0,0,0,0,0,0,0,0,0,0,0,0,0,0,0,0,1,0,0,0,0,0,0,0,0,0,0,0,0,1,0,0,0,0,0,0,0,0,0,0,0,0,0,1,0,0,0,0,0,0,0,0,0,0,0,0,0,0,0,0,0,0,0,0,0,1,0,0,0,0,0,0,0,0,0,0,0,0,0,0,0,0,0,1,0,0,0,0,0,0,0,0,0,0,0,0,0,0,0,1,0,0,0,0,0,0,0,0,0,0,0,0,0,0,1,0,0,0,0,0,0,0,0,0,0,0,0,0,1,0,0,0,0,0,0,0,0,0,0,0,0,0,0,0,0,0,0,0,1,0,0,0,0,0,0,0,0,0,0,0,0,0,0,0,0,0,0,0,0,0,0,0,1,0,0,0,0,0,0,0,0,0,0,0,0,0,1,0,0,0,0,0,0,0,0,0,0,0,0,1,0,0,0,0,0,0,0,0,0,0,0,0,0,0,0,0,0,0,0,0,1,0,0,0,0,0,0,0,0,0,0,0,0,1,0,0,0,0,0,0,0,0,0,0,0,0,0,0,0,0,0,0,0,0,1,0,0,0,0,0,0,0,0,0,1,0,0,0,0,0,0,0,0,0,0,0,0,0
116.2,25,1.0,2.967037992146803e-18,1.3270542948656769e-17,1.0155836919032246,0.8150510877428895,0.5755822877797021,4.901631851420199e-18,0.5549626125629431,0.8281927848525157,-0.4915644025245139,0.2568162409257009,0.5268570641373851,0.026469312226123,0.7453818833396113,-0.6496911852064053,0.483050633988045,0.3594024811150573,0.8981664206200181,-0.2332662663476873,0.4584071981298338,0.3997600887058934,-0.6578652016504758,0.629188153206834,0.4483617031803582,-0.3426179479026807,-0.425912552413534,-0.8122982088441131,0.4088921535006135,0.2251577021512492,-0.2851490692119659,0.9198176617230646,0.3897110439176724,0.5679719485409022,-0.6196927542443385,-0.5239528581567513,0.3878230039209029,0.0437913001117404,0.9758429601987249,0.1401386876122919,0.3859654921486064,0.7038640434928329,-0.6836172030841844,-0.1452431021709198,0.3822913645948108,0.1705719239921401,0.4472777943951906,-0.8668225183338892,0.3727848720888214,-0.922886813644364,-0.0708010210528847,0.012429035306892,0.3683102201975675,0.8890395447823526,0.4393175946439193,0.0968070387000041,0.3647814475390148,-0.569867322551177,-0.1712475306093649,-0.7703888553650788,0.3511732730686431,0.4678257524985917,0.3291123750271568,-0.8106563049989324,0.3257079457435374,-0.4521108630919189,0.1516955984260352,-0.8514572949749702,0.3252101690500811,-0.8521089392975071,-0.356664737433996,-0.2131071369482464,0.3073839927678884,-0.1205606138362094,0.256207524482663,-0.941040995267684,0.2985039809694501,-0.0695544827469625,-0.3832920393006546,0.9066384436444276,0.2917514390674656,0.4613979225850476,-0.1157819899651768,0.8679399182810907,0.2888317911333909,0.6503999809520985,-0.7436463810549,-0.0312457996669675,0.2821367041966952,-0.7683271487148955,-0.2441759527291712,-0.5314114530013349,0.2797699446540777,0.443110968943087,-0.613457685420474,-0.6339815143649971,0.2719029117172867,0.0281449298137868,-0.8715119241134686,-0.4473775780172485,0.2619489464235067,0,0,0,0,0,0,0,0,0,0,1,0,0,0,0,0,0,0,0,0,0,0,0,0,0,1,0,0,0,0,0,0,0,0,1,0,0,0,0,0,0,0,0,0,0,0,0,0,0,0,0,0,0,0,1,0,0,0,0,0,0,0,0,0,0,0,0,0,0,0,0,0,0,0,0,0,0,0,1,0,0,0,0,0,0,0,0,0,0,0,0,1,0,0,0,0,0,0,0,0,0,0,1,0,0,0,0,0,0,0,0,0,0,0,0,0,0,0,0,0,0,0,0,0,0,0,0,1,0,0,0,0,0,0,0,0,1,0,0,0,0,0,0,0,0,0,0,0,0,0,0,0,0,0,0,0,0,0,0,1,0,0,0,0,0,0,0,0,0,0,0,0,0,0,0,0,0,0,0,0,1,0,0,0,0,0,0,0,0,0,0,0,0,1,0,0,0,0,0,0,0,0,0,0,0,0,0,0,0,0,0,0,0,1,0,0,0,0,0,0,0,0,0,0,0,0,0,0,0,0,0,0,0,0,1,0,0,0,0,0,0,0,0,0,0,0,0,0,1,0,0,0,0,0,0,0,0,0,0,0,0,1,0,0,0,0,0,0,0,0,0,0,0,0,0,1,0,0,0,0,0,0,0,0,0,0,0,0,0,0,0,0,0,0,0,0,0,1,0,0,0,0,0,0,0,0,1,0,0,0,0,0,0,0,0,0,0,0,0,0,0,0,0,0,0,0,0,0,0,1,0,0,0,0,0,0,0,0,0,0,0,0,0,0,0,0,0,0,0,0,1,0,0,0,0,0,0,0,0,0,1,0,0,0,0,0,0,0,0,0,0,0,0,0,0,0,0,0,0,0,1,0,0,0,0,0,0,0,0,0,0,0,0,0,1,0,0,0,0,0,0,0,0,0,0,0,0,0,0,0,0,0,0,0,0,0,0,1,0,0,0,0,0,0,0,0,0,0,0,0,0,1,0,0,0,0,0,0,0,0,0,0,1,0,0,0,0,0,0,0,0,0,0,0,0,0,0,0,0,0,0,0,0,0,0,0,0,0,0,0,0,0,1,0,0,0,0,0,0,0,0,0,0,0,0,1,0,0,0,0,0,0,0,0,0,0,1,0,0,0,0,0,0,0,0,0,0,0,0,0,0,0,0,0,0,0,1,0,0,0,0,0,0,0,0,0,0,0,0,0,0,0,0,0,0,0,0,0,0,0,1,0,0,0,0,0,0,0,0,0,1,0,0,0,0,0,0,0,0,0,0,0,0,0,0,0,0,0,0,1,0,0,0,0,0,0,0,0,0,0,0,0,0,0,0,0,0,1,0,0,0,0,0,0,0,0,0,0,0,0,0,1,0,0,0,0,0,0,0,0,0,0,0,0,0,0,0,0,1,0,0,0,0,0,0,0,0,0,0,0,0,0,0,0,0,1,0,0,0,0,0,0,0,0,0,0,0,0,0,0,0,0,0,0,0,0,1,0,0,0,0,0,0,0,0,0,0,0,0,1,0,0,0,0,0,0,0,0,0,0,0,0,0,0,0,0,0,0,0,0,1,0,0,0,0,0,0,0,0,0,0,0,0,1,0,0,0,0,0,0,0,0,0,0,0,0,0,0,0,0,0,0,0,0,1,0,0,0,0,0,0,0,0,0,0,0,0,0,0,0,0,0,0,0,1,0,0,0,0,0,0,0,0,0,0,0,0,1,0,0,0,0,0,0,0,0,0,0,0,0,0,1,0,0,0,0,0,0,0,0,0,0,0,0,0,1,0,0,0,0,0,0,0,0,0,0,0,0,0,0,0,0,0,0,0,1,0,0,0,0,0,0,0,0,0,0,0,0,0,0,0,0,0,0,0,0,0,1,0,0,0,0,0,0,0,0,0,0,0,0,0,1,0,0,0,0,0,0,0,0
124.0,26,1.0,-2.1414502367595018e-18,-2.0940425610128426e-18,1.0121871470169068,0.8244298572554276,0.5620094664132218,-2.581318622731749e-18,0.5811417523783587,0.734264259323185,-0.5397857450351176,-0.4043642964630929,0.5747606656250002,-0.0085330521060704,0.6920822558357859,0.6947092515004589,0.5174676441502782,-0.9398812095021116,-0.2022429892437117,0.1310814167407524,0.5155257521462374,-0.3269380116032525,-0.420628832866069,-0.8104008374713827,0.4737744093317254,0.4225452541371865,0.8225621723684187,0.3666597790692504,0.4579970335358485,0.4834910989648434,-0.2768835320307042,-0.8231668796311086,0.4287975643261291,-0.7846794630737,-0.2647431366842216,0.5116701434229738,0.4266389235272252,0.0133633716509676,-0.2189511853140588,-0.961117034104318,0.4191219845275304,-0.4106277314076746,0.7256572465987945,0.4758825253871773,0.4104034677751396,0.2028423467058924,-0.5674370361555813,0.7629432979286036,0.3984909631609883,0.8573380818280846,0.462242513650933,-0.2020829923913538,0.3818782386148902,-0.6399744676798813,0.0464984198929056,0.7180704552428919,0.3607257055208103,0.8631708857192265,-0.4605952278095556,-0.16947543514564,0.3516973309920158,-0.4086430262934093,0.8496018790060085,0.1623820491434463,0.3490771579640582,-0.5761600107621969,-0.5963629795266624,0.5167713464153822,0.3342855982067342,-0.6357286242403583,0.4129928184848344,0.5819116849245376,0.328209032465645,0.8719712890192826,-0.4284060958406961,0.2001374371903686,0.3229348757122929,-0.042239784543215,-0.013471750334546,-0.9809417602289796,0.3089327995220249,0.5425560424797713,0.6674308849899042,0.5011202569924549,0.3063243787483889,-0.0031282389304366,-0.5466300269390655,0.8009142449984715,0.3001865210606761,-0.3158438602103865,-0.5434961262691667,0.7412021316498713,0.292537651775987,0.0267596302334047,-0.8953662670788634,-0.3524355071859691,0.2841976667161201,0.8459095263572186,-0.3887530666592721,-0.3404549396041717,0.2725059813224378,0,0,0,1,0,0,0,0,0,0,0,0,0,0,0,0,0,0,0,0,0,0,0,0,0,1,0,0,0,0,0,0,0,0,0,0,0,0,0,0,0,0,0,0,1,0,0,0,0,0,0,0,0,0,1,0,0,0,0,0,0,0,0,0,0,0,0,0,0,0,0,1,0,0,0,0,0,0,0,0,0,0,0,0,0,0,0,0,0,0,0,1,0,0,0,0,0,0,0,0,0,0,0,0,0,0,0,0,0,0,0,0,1,0,0,0,0,0,0,0,0,0,0,0,0,0,0,1,0,0,0,0,0,0,0,0,0,0,0,0,0,0,1,0,0,0,0,0,0,0,0,0,0,0,0,0,0,0,0,0,0,0,0,0,0,0,1,0,0,0,0,0,0,1,0,0,0,0,0,0,0,0,0,0,0,0,0,0,0,0,0,0,0,0,0,0,0,0,0,0,1,0,0,0,0,0,0,0,0,0,0,0,0,0,1,0,0,0,0,0,0,0,0,0,0,0,0,1,0,0,0,0,0,0,0,0,0,0,0,0,0,1,0,0,0,0,0,0,0,0,0,0,0,0,0,0,0,0,0,0,0,1,0,0,0,0,0,0,0,0,0,0,0,0,0,0,0,0,1,0,0,0,0,0,0,0,0,0,0,0,0,0,1,0,0,0,0,0,0,0,0,0,0,0,0,0,0,0,0,1,0,0,0,0,0,0,0,0,0,0,0,0,0,0,0,0,1,0,0,0,0,0,0,0,0,0,0,0,0,0,1,0,0,0,0,0,0,0,0,0,0,0,0,0,0,0,0,0,0,0,1,0,0,0,0,0,0,0,0,0,0,0,0,0,0,0,0,0,0,0,0,0,0,1,0,0,0,0,0,0,0,0,0,0,0,0,0,0,0,0,0,0,0,0,1,0,0,0,0,0,0,0,0,0,0,0,0,0,1,0,0,0,0,0,0,0,0,0,0,0,0,0,0,0,0,0,0,0,1,0,0,0,1,0,0,0,0,0,0,0,0,0,0,0,0,0,0,0,0,0,0,0,0,0,0,0,0,1,0,0,0,0,0,0,0,0,0,0,0,1,0,0,0,0,0,0,0,0,0,0,0,0,0,0,0,0,1,0,0,0,0,0,0,0,0,0,0,0,0,0,1,0,0,0,0,0,0,0,0,0,0,0,0,0,0,0,0,0,0,0,0,0,0,0,0,0,0,0,0,0,1,0,0,0,0,0,0,0,0,0,1,0,0,0,0,0,0,0,0,0,0,0,0,0,0,0,0,1,0,0,0,0,0,0,0,0,0,0,1,0,0,0,0,0,0,0,0,0,0,0,0,0,0,0,0,0,0,0,0,0,0,1,0,0,0,0,0,0,0,0,0,0,0,0,0,0,0,0,0,0,0,0,0,1,0,0,0,0,0,0,0,0,0,0,0,0,0,1,0,0,0,0,0,0,0,0,0,0,0,1,0,0,0,0,0,0,0,0,0,0,0,0,0,0,0,0,0,0,0,0,0,0,0,0,0,0,1,0,0,0,0,0,0,0,0,0,0,0,0,0,1,0,0,0,0,0,0,0,0,0,0,0,0,1,0,0,0,0,0,0,0,0,0,0,0,0,0,0,0,0,0,0,0,1,0,0,0,0,0,0,0,0,0,0,1,0,0,0,0,0,0,0,0,0,0,0,0,0,0,0,0,0,0,0,1,0,0,0,0,0,0,0,0,0,0,0,0,0,0,0,0,0,0,1,0,0,0,0,0,0,0,0,0,0,0,0,0,0,0,0,0,0,0,0,0,0,0,0,0,0,1,0,0,0,0,0,0,0,0,0,0,0,0,1,0,0,0,0,0,1,0,0,0,0,0,0,0,0,0,0,0,0,0,0,0,0,0,0,0,0,0,0,0,0,0,0,1,0,0,0
118.1,27,1.0,-3.2003529667499765e-17,2.681446817849363e-17,1.0157593324883236,-0.7241469657795948,0.2141400707182469,0.0563025609349909,0.5550070784120645,0.8385544651652488,0.5382378132474854,1.0003103839917857e-17,0.5437039391385396,0.8029314277436462,-0.5255821076446803,-0.1946974250348082,0.5388593485935316,-0.0590671303330668,-0.7858331314107799,-0.5480517885384921,0.4992846400510884,0.3721540207459982,-0.7475219755459245,-0.5087182579580921,0.4541171236739812,0.4120768362309742,0.8703327198433986,0.1929218828080105,0.4538357697164536,0.1453278999365544,0.7328814718303927,0.5965954630923167,0.4534569004876226,0.674624844641792,-0.6429992769056507,0.2125770917532,0.3895304909834432,-0.8191342882368501,0.0513213263046731,-0.0740064347343663,0.3746595730855294,0.8965986953787721,0.4115620594273413,-0.0683040478246898,0.3605418627951791,0.2465791509486547,0.4925199686438554,0.78579679957295,0.3588465979472079,0.0492849761560991,0.4049323795554483,-0.7881077155794496,0.3531867014892988,0.6155152172046484,-0.5094452501285315,0.4884661015894173,0.339571251326958,-0.6368299064164804,-0.4296256200167548,-0.4554230783581525,0.3200085906363299,-0.7808061747974675,-0.3254242165484661,-0.167790365887723,0.3174096769833843,-0.1005832724004261,0.0908231835113912,-0.875733209425279,0.3155859691157673,-0.6785773423801896,-0.5456937113047051,0.0771611833803736,0.3111670566360771,0.5080254944686287,0.3839231974275479,0.7361949119756293,0.3111068631644419,-0.097175897068319,0.6292026247978686,-0.6332484656431109,0.3038847198851219,0.3900371449598903,-0.7078129218846971,-0.5317970103262166,0.3004515138067947,0.4754754618690439,0.8474696569257407,0.1917959435138576,0.2905099927173443,-0.0381586228780362,0.3289559880942644,0.8708077382090098,0.2903316689954981,-0.341750398545971,0.3806078116327458,0.7641343361503259,0.2891306957616094,-0.8180871192736194,0.2634789746464598,-0.0450866734745213,0.2852814095689865,0,0,0,0,0,0,0,0,0,0,0,1,0,0,0,0,0,0,0,0,0,0,0,0,0,1,0,0,0,0,0,0,0,0,0,0,0,0,0,0,0,0,0,1,0,0,0,0,0,0,0,0,0,0,0,0,0,0,0,0,0,0,0,0,1,0,0,0,0,0,0,1,0,0,0,0,0,0,0,0,0,0,0,0,0,0,0,0,1,0,0,0,0,0,0,0,0,0,0,0,0,0,0,0,0,0,0,0,0,0,0,0,0,1,0,0,0,0,0,0,0,0,0,0,0,1,0,0,0,0,0,0,0,0,0,0,0,0,0,0,0,0,0,0,0,0,0,1,0,0,0,0,0,0,0,0,0,0,0,0,0,0,0,0,0,0,1,0,0,0,0,0,0,0,0,0,0,0,0,0,0,1,0,0,0,0,0,0,0,0,1,0,0,0,0,0,0,0,0,0,0,0,0,0,0,0,0,1,0,0,0,0,0,0,0,0,0,0,0,0,0,0,0,0,0,0,0,1,0,0,0,0,0,0,0,0,0,0,0,0,0,1,0,0,0,0,0,0,0,0,0,0,0,0,0,0,0,0,0,0,0,0,0,1,0,0,0,0,0,0,0,0,0,0,0,0,0,0,0,0,0,0,0,1,0,0,0,0,0,0,0,0,0,0,0,1,0,0,0,0,0,0,0,0,0,0,0,0,0,0,0,0,0,0,0,1,0,0,0,0,0,0,0,0,0,0,1,0,0,0,0,0,0,0,0,0,0,0,0,0,0,0,0,1,0,0,0,0,0,0,0,0,0,0,0,0,0,0,0,0,0,0,0,0,0,0,0,0,0,0,1,0,0,0,0,0,0,0,0,0,0,0,0,0,1,0,0,0,0,0,0,0,0,0,1,0,0,0,0,0,0,0,0,0,0,0,0,0,0,0,0,0,0,0,0,0,0,0,0,0,0,0,0,0,0,0,1,0,0,1,0,0,0,0,0,0,0,0,0,0,0,0,0,0,0,0,0,0,0,0,0,0,0,1,0,0,0,0,0,0,0,0,0,0,0,1,0,0,0,0,0,0,0,0,0,0,0,0,0,0,0,0,0,0,0,1,0,0,0,0,0,0,0,0,0,0,0,0,0,0,0,1,0,0,0,0,0,0,0,0,0,0,0,0,0,0,0,0,0,1,0,0,0,0,0,0,0,0,0,0,0,0,0,1,0,0,0,0,0,0,0,0,0,0,0,0,0,0,0,0,0,0,0,0,0,0,0,0,0,0,0,0,1,0,0,1,0,0,0,0,0,0,0,0,0,0,0,0,0,0,0,0,0,0,0,0,0,1,0,0,0,0,0,0,0,0,0,0,0,0,0,1,0,0,0,0,0,0,0,0,0,0,0,0,0,0,0,0,0,0,0,0,1,0,0,0,0,0,0,0,0,0,0,0,0,0,0,0,0,0,0,0,1,0,0,0,0,0,0,0,0,0,0,0,0,0,0,0,0,0,0,0,0,0,1,0,0,1,0,0,0,0,0,0,0,0,0,0,0,0,0,0,0,0,0,0,0,0,0,0,0,0,0,0,0,0,0,0,1,0,0,0,0,0,0,1,0,0,0,0,0,0,0,0,0,0,0,1,0,0,0,0,0,0,0,0,0,0,0,0,0,0,0,0,0,0,0,1,0,0,0,0,0,0,0,0,0,0,0,0,0,0,0,0,0,0,0,0,1,0,0,0,0,0,0,0,0,0,0,0,0,1,0,0,0,0,0,0,0,0,0,0,0,0,0,0,0,0,0,0,0,0,1,0,0,0,0,0,0,0,0,0,0,0,0,0,0,1,0,0,0,0,0,0,0,0,0,0,0,0,0,0,1,0,0,0,0,0,0,0,0,0,0,0,0,0,0,0,0,0,0,1,0,0,0,0,0,0,0,0
125.2,28,1.0,1.1500370386946338e-17,1.5856449500879193e-17,1.0087970885746784,0.8413422321333917,0.5372914756598395,2.377347167265765e-18,0.5389288576873371,0.8020178397954018,-0.5778860699731779,-0.1280506950732284,0.5387716632892815,0.4000610754799901,0.9092924000630986,0.0655353884755398,0.441332936623896,0.1757680639917643,-0.5146316686120848,-0.825299359196699,0.4400094351844891,0.4530759398074007,-0.8536220844685873,0.2330838436750933,0.4355894463249849,0.532534641575702,-0.5915239942743675,-0.5933210322980877,0.4177806569625457,0.295799150513148,-0.6934345597185135,0.6050915010452897,0.3991272926394088,0.1392629135083047,0.9142172247670178,-0.3542827555056011,0.3824196948923665,-0.0420999349663925,-0.6114134876583955,0.6711145780661152,0.3624814168895843,0.925181175717387,0.3713525332386024,-0.049963058826438,0.359629285572181,0.3990510886854119,-0.4910676012552459,0.7031811112386344,0.3273297264928229,0.5957087128642388,-0.567859228955397,-0.5501910745634118,0.300499989651049,0.468396060577597,0.8640144787599642,0.1638475119483307,0.2925980397229319,0.0701494495549213,0.885106940697507,-0.3655231969417649,0.2847646176069111,-0.1105197076870861,-0.4211346985461125,0.7643726157141919,0.2790912387805447,0.2433400500135623,-0.3464948636489941,0.7986713518040001,0.2628327826007318,-0.1574328865080796,0.8066344629590312,-0.4434166007696488,0.2531279822071337,0.080173258300364,0.8688373606150724,0.4577353160760845,0.2495430357730894,0.0351507082196796,-0.3323304490381905,0.8198365042303749,0.2472330934650976,0.3062691076219265,0.8746051316934811,0.3500255604866613,0.2469818391652041,0.7585042766881677,0.1738957654588719,0.6145204390717429,0.2376688331589441,0.4524075384053787,-0.5404588029819962,-0.6909315687305477,0.2344512286167517,0.8498619880424497,-0.5001105844734453,-0.1131203629594252,0.2232919648326039,0.6138634040685822,0.4018090806745996,0.6653290725935768,0.2038114048606571,0,0,0,0,0,0,0,0,0,0,0,0,0,0,0,0,0,0,1,0,0,0,0,0,0,1,0,0,0,0,0,0,0,0,0,0,0,0,0,0,0,0,0,0,0,1,0,0,0,0,0,0,0,0,1,0,0,0,0,0,0,0,0,0,0,0,0,0,0,0,0,0,0,0,0,0,0,0,0,0,0,0,0,0,0,0,1,0,0,0,0,1,0,0,0,0,0,0,0,0,0,0,0,0,0,0,0,0,0,0,0,0,0,1,0,0,0,0,0,0,0,0,0,0,0,1,0,0,0,0,0,0,0,0,0,0,0,0,0,0,0,0,0,0,0,0,0,0,0,0,0,0,0,0,1,0,0,0,0,0,0,0,0,0,0,0,1,0,0,0,0,0,0,0,0,0,0,0,0,0,0,0,0,0,0,0,0,0,1,0,0,0,0,1,0,0,0,0,0,0,0,0,0,0,0,0,0,0,0,0,0,0,0,0,0,0,0,0,0,0,0,0,1,0,1,0,0,0,0,0,0,0,0,0,0,0,0,0,0,0,0,0,0,0,0,0,0,0,0,0,0,0,0,0,0,0,1,0,0,1,0,0,0,0,0,0,0,0,0,0,0,0,0,0,0,0,0,0,0,0,0,0,0,1,0,0,0,0,0,0,0,0,0,0,0,1,0,0,0,0,0,0,0,0,0,0,0,0,0,0,0,0,0,0,0,0,0,0,0,0,0,0,0,0,1,0,0,1,0,0,0,0,0,0,0,0,0,0,0,0,0,0,0,0,0,0,0,0,0,0,0,1,0,0,0,0,0,0,0,0,0,0,0,0,0,0,0,0,0,0,1,0,0,0,0,0,0,0,0,0,0,0,0,0,0,0,0,0,0,0,0,0,1,0,0,1,0,0,0,0,0,0,0,0,0,0,0,0,1,0,0,0,0,0,0,0,0,0,0,0,0,0,0,0,0,0,0,0,0,0,0,0,0,1,0,0,0,0,0,0,0,0,0,0,0,0,0,0,0,0,0,0,0,1,0,0,0,0,0,0,0,0,0,0,0,0,0,1,0,0,0,0,0,0,0,0,0,0,0,0,0,0,0,0,0,0,0,1,0,0,0,0,0,0,0,0,0,0,0,1,0,0,0,0,0,0,0,0,0,0,0,0,0,0,0,0,0,0,0,0,0,0,0,0,0,0,0,0,1,0,0,1,0,0,0,0,0,0,0,0,0,0,0,0,0,0,0,0,0,0,0,0,0,0,0,0,0,0,0,0,0,0,1,0,0,1,0,0,0,0,0,0,0,0,0,0,0,0,0,0,0,0,0,0,0,0,0,0,0,1,0,0,0,0,0,0,0,0,0,0,0,1,0,0,0,0,0,0,0,0,0,0,0,0,0,1,0,0,0,0,0,0,0,0,0,0,0,0,0,0,0,0,0,0,0,0,0,0,0,0,0,0,1,0,0,0,0,0,0,0,0,0,0,0,0,0,0,0,0,0,0,0,0,0,1,0,0,1,0,0,0,0,0,0,0,0,0,0,0,0,0,0,0,1,0,0,0,0,0,0,0,0,0,0,0,0,0,0,0,0,1,0,0,0,0,0,0,0,0,0,0,0,0,0,0,0,0,0,0,0,0,0,0,0,0,0,0,0,0,0,0,0,1,0,0,1,0,0,0,0,0,0,0,0,0,0,0,0,1,0,0,0,0,0,0,0,0,0,0,0,0,0,0,0,0,0,0,0,0,0,0,1,0,0,0,0,0,0,0,0,0,0,0,0,0,0,0,0,0,0,0,0,0,0,1,0,0,0,0,0,0,0,0,0,0,0,0,0,0,0,0,0,1,0,0,0,0,0,0,0,0,0,0,0,0,0,0,0,0,0,0,0,0,0,1,0,0,1,0,0,0,0,0,0,0,0,0,0,0,0
129.9,29,1.0,-1.465320592572523e-19,-5.37252471261212e-19,1.0123250224795275,0.868830153752905,0.4844184560924044,3.855315644139548e-18,0.5932552219654837,0.7032169881068129,-0.549788762730289,0.0143917486040379,0.5924227650274517,-0.2849515985524355,-0.0413433436053373,-0.1378254317578321,0.5505699518145984,-0.0203856453106151,-0.8847914055900883,-0.3752685187813887,0.4958965833128884,0.3025739780652146,-0.8491464113504117,-0.2740951554654193,0.4731110369010485,0.5100446327454972,0.7631992133199634,-0.0002142260648578,0.4560626978600042,0.4396722784836952,-0.53787116080476,0.4048977853189955,0.4463494196021246,0.8643647403464267,0.3993194237663781,0.0121615906206977,0.3937837728880115,0.3257650694176242,0.7039443608056757,-0.2488076134828876,0.3671787844232235,-0.4028621821398214,-0.1105186752014084,-0.1262214763003692,0.3591974308967463,0.5155200938945677,0.8055402943759578,0.1258962183978423,0.3095561292462719,-0.4086096300863333,-0.5270172874984521,-0.3417043678538073,0.308066492474849,0.2956799376788844,-0.7872538562669373,-0.2799437067332467,0.3062067454904627,-0.4807527073392649,-0.3846963675106559,-0.2076999636615659,0.2903061728483451,0.239131215683726,0.7107811776437364,0.3290972288021824,0.2821229793790631,-0.3696232801408931,0.0902652102063087,-0.0476972669254655,0.2761476520535907,-0.4356924101370819,-0.6905962328445483,-0.0575268508553904,0.2727287169598046,0.4000325116405641,0.7867775870001222,0.2704701719171982,0.2670274575427107,0.2589327372310867,0.7018473171359338,-0.1709550205751422,0.2641888794310555,-0.2419473348716672,0.3504087714732511,0.0544635435810621,0.2635024111360382,-0.5224783616694361,-0.5303107679222195,-0.0985507547809696,0.2573375698453647,0.0734099031351886,-0.8243335505303325,-0.3954789172677452,0.2206535957167935,-0.4132159718872844,0.0404461305012799,-0.354271106735355,0.2026000049780391,-0.4953691982455838,-0.4763080442457836,-0.3040081608166683,0.1955658687529234,1,0,0,0,0,0,0,0,0,0,0,0,0,0,0,0,0,0,0,0,0,0,0,0,0,1,0,0,0,0,0,0,0,0,0,0,0,0,0,0,0,0,0,0,0,0,0,0,0,0,0,0,1,0,1,0,0,0,0,0,0,0,0,0,0,0,0,0,1,0,0,0,0,0,0,0,0,0,0,0,0,0,0,0,0,0,0,0,0,0,0,1,0,0,0,0,0,0,0,0,0,0,0,0,0,0,0,0,0,0,0,0,0,0,1,0,0,0,0,0,0,0,0,0,0,0,0,0,0,0,0,0,1,0,0,0,1,0,0,0,0,0,0,0,0,0,0,0,0,0,0,0,0,0,0,0,0,0,0,0,0,0,0,0,0,0,1,0,0,0,1,0,0,0,0,0,0,0,0,0,0,0,0,0,0,0,0,0,0,0,1,0,0,0,0,0,0,0,0,0,0,0,0,0,0,0,0,0,0,0,0,0,0,0,0,0,0,0,0,0,0,0,1,0,0,0,0,1,0,0,0,0,0,0,0,0,0,0,1,0,0,0,0,0,0,0,0,0,0,0,0,0,0,0,0,0,0,0,0,0,0,1,0,0,0,0,0,0,0,0,0,0,0,0,0,0,0,0,0,0,0,0,0,0,0,0,0,0,0,0,1,0,0,0,0,0,0,0,0,0,0,0,1,0,0,0,0,0,0,0,0,0,0,0,0,0,0,0,0,0,0,0,0,0,1,0,0,0,0,1,0,0,0,0,0,0,0,0,0,0,0,0,0,0,0,0,0,0,0,0,0,0,1,0,0,0,0,0,0,0,1,0,0,0,0,0,0,0,0,0,0,0,0,0,0,0,0,0,0,0,0,0,0,0,0,0,0,0,0,0,0,0,1,0,0,0,0,0,0,1,0,0,0,0,0,0,0,0,0,0,0,0,0,0,0,0,0,0,0,0,1,0,0,0,0,0,0,0,0,0,0,0,0,1,0,0,0,0,0,0,0,0,0,0,0,0,1,0,0,0,0,0,0,0,0,0,0,0,0,0,0,0,0,0,0,0,0,1,0,0,0,0,0,0,0,0,0,0,0,0,0,0,0,0,0,0,0,0,1,0,0,0,0,0,0,0,0,0,0,1,0,0,0,0,0,0,0,0,0,0,0,0,0,0,0,0,0,0,0,0,0,1,0,0,0,0,0,0,0,0,0,0,0,0,0,0,0,0,0,0,1,0,0,0,0,0,0,0,0,0,0,0,0,0,0,0,0,0,0,0,0,0,1,0,0,0,0,0,0,1,0,0,0,0,0,0,0,0,0,0,0,0,0,0,0,0,0,0,0,0,1,0,0,0,0,0,0,0,0,0,0,1,0,0,0,0,0,0,0,0,0,0,0,0,0,0,0,0,0,0,0,0,0,1,0,0,0,0,0,0,0,0,1,0,0,0,0,0,0,0,0,0,0,0,0,0,0,0,0,0,0,0,0,0,0,0,0,0,0,0,0,0,0,0,1,0,0,1,0,0,0,0,0,0,0,0,0,0,0,0,0,0,0,0,0,0,0,0,0,0,0,0,0,0,0,0,0,0,1,0,0,0,0,1,0,0,0,0,0,0,0,0,0,0,0,0,0,0,0,0,0,0,0,0,0,0,1,0,0,0,0,0,0,0,0,0,0,1,0,0,0,0,0,0,0,0,0,0,0,0,0,0,1,0,0,0,0,0,0,0,0,0,0,0,0,0,0,0,0,0,0,1,0,0,0,0,0,0,0,0,0,0,0,0,0,0,1,0,0,0,0,0,0,0,0,0,0,0,0,0,0,0,0,0,0,0,0,0,0,0,0,0,0,0,0,1,0,0,0,0,1,0,0,0,0,0,0,0,0,0,0,0,0,0,0,0,1,0,0,0,0,0,0,0,0,0,0,0,0,0
119.3,30,1.0,3.318603749013763e-18,3.47041421453596e-18,1.01005227690543,0.8249867777350701,-0.5564171996162814,-0.0910423683040704,0.5274901108498783,0.8290064178051397,0.5581600949683232,-3.524069979262554e-18,0.5263011354215205,0.3907153074555902,0.9135447500084276,0.0965150348765813,0.4330898594991099,0.188642234725699,-0.6244946978465983,-0.7498343764648158,0.4275875908012752,0.4997482636069434,-0.8146715145428598,0.2825789471561452,0.425214199834369,0.5638221244256988,-0.6111491869927879,-0.5496281166081911,0.4106162002991683,0.1357841448899729,0.9372965850769872,-0.3119927579044117,0.3715775543202921,-0.576974358315559,-0.5898964207635512,0.5096033125812306,0.3602725768150219,0.9183678469394898,0.3920309957123834,-0.026776157599856,0.3540395879514378,0.4969004896148014,-0.5200078972896245,0.6849571834628332,0.3308249091454421,0.64885141962955,-0.5351814432845605,-0.5344506060004711,0.2941535634304764,0.4604119101221532,0.8612389372856292,0.2055308860112738,0.2894722514272734,-0.6284447682069748,-0.5775459473002068,0.4730673381169302,0.2656915584541931,0.7377364263952662,-0.4564889728279418,0.4821267452640222,0.2614644717725266,0.1014807366928904,0.8670242320293171,0.4750943830116066,0.2520639548925695,0.3263056203026823,0.8702863930956314,0.3586090408679802,0.2479693854375276,0.4951541292114386,-0.5737594415633366,-0.6446498993498813,0.2295397148367541,-0.8058364348932884,-0.4536667903005378,0.3104771235026414,0.2288278226858285,-0.4698499464123037,-0.6587787954171583,0.5519840499252967,0.2194980650099671,0.9143503795079686,-0.3516404187949119,-0.1839371335897343,0.2154375577544111,0.2128190107693167,0.1395390922642972,0.9332987950187016,0.2012934994590073,-0.2353759072234053,-0.7132550074019401,0.6318088983000143,0.1976554511117879,-0.857891182573106,-0.2716515853948671,0.3817182587272888,0.1670136049631765,0.6043503690551656,-0.6384824669005261,0.4637819454514398,0.1615264787564872,0,0,0,0,1,0,0,0,0,0,0,0,0,0,0,0,0,0,0,0,0,0,0,0,0,1,0,0,0,0,0,0,0,0,0,0,0,0,1,0,0,0,0,0,0,0,0,0,0,0,0,0,0,0,0,0,0,1,0,0,0,0,0,0,0,0,0,0,1,0,0,0,0,0,0,0,0,0,0,0,0,0,0,0,0,0,0,0,1,0,0,0,0,0,0,0,0,0,0,0,0,0,1,0,0,0,0,0,0,0,0,0,0,0,0,0,0,0,0,0,0,0,0,0,0,1,0,0,0,0,0,0,0,0,0,0,0,0,0,0,1,0,0,0,0,0,0,0,0,0,0,0,0,0,0,0,0,0,0,0,0,0,0,0,0,0,1,0,0,0,0,0,0,0,1,0,0,0,0,0,0,0,0,0,0,0,0,0,0,0,0,0,0,1,0,0,0,0,0,0,0,0,0,0,0,0,0,0,1,0,0,0,0,0,0,0,0,0,0,0,0,0,0,0,1,0,0,0,0,0,0,0,0,0,0,0,0,0,1,0,0,0,0,0,0,0,0,0,0,0,0,0,0,0,0,0,0,0,0,0,0,1,0,0,0,0,0,0,0,0,0,0,0,0,0,0,0,0,1,0,0,0,0,0,0,0,0,0,0,0,0,0,0,0,0,0,0,0,0,0,0,0,1,0,0,0,1,0,0,0,0,0,0,0,0,0,0,0,0,0,0,0,0,0,0,0,0,0,0,0,0,0,0,0,0,0,1,0,0,0,0,0,0,0,1,0,0,0,0,0,0,0,0,0,0,0,0,0,0,0,0,0,0,0,0,0,0,0,0,0,0,0,0,1,0,0,1,0,0,0,0,0,0,0,0,0,0,0,0,0,0,0,0,0,0,0,0,0,0,1,0,0,0,0,0,0,0,0,1,0,0,0,0,0,0,0,0,0,0,0,0,0,0,0,0,0,0,0,0,0,0,0,0,1,0,0,0,0,0,0,0,0,0,0,0,0,0,0,1,0,0,0,0,0,0,0,0,0,0,0,0,0,1,0,0,0,0,0,0,0,0,0,0,0,0,0,0,0,0,0,1,0,0,0,0,0,0,0,0,0,0,0,0,0,0,0,0,0,0,0,0,0,0,0,0,0,0,0,0,1,0,0,0,0,0,0,0,0,0,0,0,0,0,0,0,0,0,0,1,0,0,0,0,0,0,0,0,0,0,0,1,0,0,0,0,0,0,0,0,0,0,0,0,0,0,0,0,0,0,0,0,0,1,0,1,0,0,0,0,0,0,0,0,0,0,0,0,0,0,0,1,0,0,0,0,0,0,0,0,0,0,0,0,0,0,0,0,0,0,0,0,1,0,0,0,0,0,0,0,0,0,0,0,0,0,0,0,0,1,0,0,0,0,0,0,0,0,0,0,0,0,0,0,0,0,1,0,0,0,0,0,0,0,0,0,0,0,1,0,0,0,0,0,0,0,0,0,0,0,0,0,0,0,0,0,0,0,0,0,0,0,1,0,0,0,0,0,0,0,0,0,0,0,0,0,0,0,0,0,0,0,0,0,0,0,0,0,0,0,1,0,0,0,0,0,0,0,0,0,0,1,0,0,0,0,0,0,0,0,0,0,0,0,0,0,0,0,0,0,0,0,0,1,0,0,1,0,0,0,0,0,0,0,0,0,0,0,0,0,1,0,0,0,0,0,0,0,0,0,0,0,0,0,0,0,0,0,0,0,0,0,1,0,0,0,0,0,0,0,0,0,0,0,0,0,0,0,0,1,0,0,0,0,0,0,0,0,0,0,0,0,0,0,0,0,1,0,0,0,0,0,0,0,0,0,0,0,0,0,0,1,0,0,0,0,0,0,0,0,0,0,0,0,0,0,0,0,0,0,1,0,0,0,0,0,0,0,0,0,0
128.4,31,1.0,1.7804627913274068e-17,9.207561692058293e-18,1.010567399814743,0.8076382664606114,0.5869891697626685,-1.0610472249232485e-17,0.6108008467887427,0.7595671259594771,-0.4585332696530116,0.2517891122691867,0.5611774510344782,-0.1603690421710571,-0.3893568046068455,-0.5442554317131314,0.5259192506847914,0.2835602787150912,-0.7891070001712283,0.4306500405542263,0.4783337062027174,0.4681600886024024,0.7528917467701387,-0.3075291421182064,0.4557486414751458,0.7549358852543538,0.5656430049538654,0.2287325017505471,0.4109104965622659,0.7016759847209566,-0.4967429061052417,-0.0878096513521871,0.3855812710224483,0.5000288539793619,-0.6367651100247548,-0.2845345673099905,0.358549050787155,-0.2354024546301285,-0.3943193975871178,-0.5630433623632234,0.3478696495849639,0.2625294983173653,0.8923943501322666,-0.1354729750599089,0.339155443803589,0.1872000232456995,-0.6990534912750604,0.4907794969474027,0.3369148938009609,-0.2759712953063172,0.6899624549792895,-0.1981301546724568,0.3333016676490481,0.5353080944960502,0.6377096533682283,-0.4094103890538415,0.3231141214500063,-0.0579692174613189,0.8481895396603762,-0.1056913562401557,0.3072309974502704,0.3289123328929364,-0.4970101922695023,0.5116971819359839,0.3010909650074262,0.0726370465381222,-0.5559659144376692,-0.5470373388449359,0.2852720666956686,0.7659993845455111,-0.3284195295463008,0.0125693600387838,0.2815466745718694,-0.6459062956902939,0.0711211643706856,0.1881125391311003,0.279452982113219,-0.1546459489749084,-0.5895457624704026,-0.5226998119923251,0.2789379019295931,-0.3195568899241707,-0.2090262595270252,-0.5886535278512325,0.2719961685003662,-0.0284428079944136,-0.7781507113624047,0.4462907212813222,0.2698136134562519,-0.3754525092993815,0.0541697036053672,-0.554230594460883,0.2675920943257115,0.1457893152232453,0.4254012042384287,-0.635542592802762,0.266748695655199,-0.6060545484828754,0.1618844213090944,-0.2586958398510984,0.2621221178173339,0,0,1,0,0,0,0,0,0,0,0,0,0,0,0,0,0,0,0,0,0,0,0,0,0,1,0,0,0,0,0,0,0,0,0,0,0,0,1,0,0,0,0,0,0,0,0,0,0,0,0,0,0,0,1,0,0,0,0,0,0,0,0,0,0,0,0,0,0,0,1,0,0,0,0,0,0,0,0,0,0,0,0,0,0,0,0,0,0,0,0,1,0,0,0,0,0,0,0,0,0,0,0,0,0,0,0,0,0,0,0,0,0,0,0,0,0,0,0,0,0,1,0,0,0,0,0,0,0,0,0,0,1,0,0,0,0,0,1,0,0,0,0,0,0,0,0,0,0,0,0,0,0,0,0,0,0,0,0,1,0,0,0,0,0,0,0,0,0,0,0,0,0,0,1,0,0,0,0,0,0,0,0,0,0,0,0,0,0,0,0,0,0,1,0,0,0,0,0,0,0,0,0,0,0,0,0,0,1,0,0,0,0,0,0,0,0,0,0,0,0,0,0,0,0,0,0,0,0,0,0,0,0,0,1,0,0,0,0,0,1,0,0,0,0,0,0,0,0,0,0,0,0,0,0,0,0,0,1,0,0,0,0,0,0,0,0,0,0,0,0,0,0,0,1,0,0,0,0,0,0,0,0,0,0,0,0,0,0,0,0,0,0,0,0,0,0,0,0,0,0,0,1,0,0,0,0,0,0,0,0,0,0,0,0,0,0,0,0,0,0,0,0,0,0,1,1,0,0,0,0,0,0,0,0,0,0,0,0,0,0,0,0,0,1,0,0,0,0,0,0,0,0,0,0,0,0,0,0,0,0,0,0,0,0,1,0,0,0,0,0,0,0,0,0,0,1,0,0,0,0,0,0,0,0,0,0,0,0,0,0,0,0,0,1,0,0,0,0,0,0,0,0,0,0,0,0,0,1,0,0,0,0,0,0,0,0,0,0,0,0,0,0,0,0,0,0,0,0,0,0,0,0,0,0,0,0,0,1,0,0,0,0,0,0,0,1,0,0,0,0,0,0,0,0,0,0,0,0,0,0,0,0,0,0,1,0,0,0,0,0,0,0,0,0,0,1,0,0,0,0,0,0,0,0,0,0,0,0,0,0,0,0,0,0,0,1,0,0,0,0,0,0,0,0,0,0,0,0,0,0,0,1,0,0,0,0,0,0,0,0,0,0,0,0,0,0,0,0,0,0,0,0,0,0,0,0,0,0,0,1,0,0,0,0,0,0,0,0,0,0,0,0,0,0,0,0,0,0,0,0,0,0,1,0,0,0,0,0,1,0,0,0,0,0,0,0,0,0,0,0,0,1,0,0,0,0,0,0,0,0,0,0,0,0,0,0,0,0,0,0,0,0,1,0,0,0,0,0,0,0,0,0,0,0,0,0,0,0,0,0,0,0,0,1,0,0,0,0,0,0,0,0,0,0,1,0,0,0,0,0,0,0,0,0,0,0,0,0,0,0,0,0,0,0,0,0,0,0,0,0,0,0,0,0,1,0,0,0,1,0,0,0,0,0,0,0,0,0,0,0,0,0,0,1,0,0,0,0,0,0,0,0,0,0,0,0,0,0,0,0,0,0,0,0,1,0,0,0,0,0,0,0,0,0,0,1,0,0,0,0,0,0,0,0,0,0,0,0,0,0,0,0,0,0,0,0,0,0,1,0,0,0,0,0,0,0,0,0,0,0,0,1,0,0,0,0,0,0,0,0,0,0,0,0,0,0,0,0,0,0,1,0,0,0,0,0,0,0,0,0,0,0,0,0,0,1,0,0,0,0,0,0,0,0,0,0,0,0,0,0,0,0,0,0,0,0,0,0,0,0,0,0,0,0,1,0,0,0,0,0,0,0,0,0,0,0,0,1,0,0,0,0,0,0,0,0,0,0,0,0,1,0,0,0,0,0,0,0,0
128.6,32,1.0,3.6168971127073e-18,-1.56434235520904e-17,1.0086645174690885,0.8068377458821697,-0.5727660704071281,-0.110865314739461,0.5362443781390378,0.8680033902497121,0.4954684117145841,-2.0148330233099002e-17,0.5251524293916897,0.4031388506117364,-0.8851077547879612,0.1918004294996362,0.4478262091628409,0.4624975372506762,0.8628998405292763,0.1802844117950948,0.4386348379316102,0.3043553902134402,-0.4239176583477461,-0.8408864371593632,0.414726900055162,-0.1095685384873627,0.7569948378099263,-0.4694652963625307,0.4127986235332053,0.6035842050352616,-0.5366887304374414,-0.5756279366662573,0.4020730556309039,0.3215151050120639,-0.6375732765591262,0.6843227496046231,0.3603335480006572,0.9217861792235018,0.3618226702858421,-0.1252977589319894,0.3541834025482372,0.3247347171258193,0.924483253310988,-0.162513587752612,0.3265415563715677,0.1090864090362407,0.8542620904788274,-0.4064588050714425,0.3261095310601959,0.1102436750890081,0.5724656971978265,0.7876802831247586,0.314817684714935,0.4902721935384909,0.7511414395753986,0.4293087065182132,0.309767924679601,0.3642548386075396,0.6369367702209578,0.6615440114231964,0.2879438362421235,0.6604149515654474,-0.5307656537879449,-0.5151140501216955,0.2820867871231473,0.6901782635774735,-0.3641583404474148,0.5991360646421142,0.2699329056891617,0.10612569442576,0.7972956032268891,-0.5061764180611655,0.2443482460619898,0.5345440588061519,-0.5289658218571189,-0.6435173063673643,0.221235865863398,0.4484285156088409,0.5420731668996351,0.6929488974158319,0.2162985691411935,0.2890136758406676,-0.8272937856941391,-0.455741328252823,0.2140999433788596,-0.0430201368688817,-0.980809203706512,0.0843155544037162,0.2140568047876803,0.5488676188769619,0.3088953860685466,0.7588754820949448,0.2092898565285425,0.3382631018468806,-0.6974498102992085,-0.6120126787085496,0.2064011062355072,0.6369041706137899,-0.5385290371456716,0.521468070680726,0.2026474744022514,0,0,0,0,1,0,0,0,0,0,0,0,0,0,0,0,0,0,0,0,0,0,0,0,0,1,0,0,0,0,0,0,0,0,0,0,0,0,1,0,0,0,0,0,0,0,0,0,0,0,0,0,0,0,0,0,0,1,0,0,0,0,0,0,0,0,0,0,0,0,1,0,0,0,0,0,0,0,0,0,0,0,0,0,0,0,0,0,1,0,0,0,0,0,0,0,0,0,0,0,0,0,0,0,0,0,1,0,0,0,0,0,0,0,0,0,0,0,0,0,0,0,0,0,0,1,0,0,0,0,0,0,0,0,0,0,0,0,1,0,0,0,0,0,0,0,0,0,0,0,0,0,0,0,0,0,0,0,0,1,0,0,0,0,0,0,0,0,0,0,0,0,0,0,1,0,0,0,0,0,0,0,0,0,0,0,0,0,0,0,0,0,0,0,0,0,0,0,0,0,1,0,0,0,0,0,1,0,0,0,0,0,0,0,0,0,0,0,0,0,0,0,0,0,0,0,0,0,0,0,0,0,0,0,1,0,0,0,0,0,0,0,1,0,0,0,0,0,0,0,0,0,0,0,0,0,0,0,1,0,0,0,0,0,0,0,0,0,0,0,0,0,0,0,0,0,1,0,0,0,0,0,0,0,0,0,0,0,0,0,0,0,0,0,0,0,0,0,0,0,0,0,0,0,0,1,0,0,1,0,0,0,0,0,0,0,0,0,0,0,0,0,0,0,0,0,0,0,0,0,0,0,0,0,0,0,1,0,0,0,0,0,1,0,0,0,0,0,0,0,0,0,0,0,0,0,0,0,0,0,0,0,0,1,0,0,0,0,0,0,0,0,0,0,0,0,1,0,0,0,0,0,0,0,0,0,0,0,0,0,0,0,0,0,1,0,0,0,0,0,0,0,0,0,0,0,0,0,0,0,0,0,1,0,0,0,0,0,0,0,0,0,0,0,0,0,0,0,0,0,0,0,0,0,0,0,0,0,1,0,0,0,0,0,1,0,0,0,0,0,0,0,0,0,0,0,0,0,0,0,0,0,0,0,0,0,0,1,0,0,0,0,0,0,0,0,0,0,0,0,1,0,0,0,0,0,0,0,0,0,0,0,0,0,0,0,1,0,0,0,0,0,0,0,0,0,0,0,0,0,0,0,0,0,0,0,0,0,0,0,0,0,0,0,0,0,0,0,0,1,0,0,0,0,0,1,0,0,0,0,0,0,0,0,0,0,0,0,1,0,0,0,0,0,0,0,0,0,0,0,0,0,0,0,0,0,0,0,0,0,0,0,0,0,0,0,0,1,0,0,1,0,0,0,0,0,0,0,0,0,0,0,0,0,0,0,0,0,0,0,0,0,0,1,0,0,0,0,0,0,0,0,0,0,0,0,0,0,0,0,0,0,0,0,0,0,0,0,0,0,0,1,0,0,0,1,0,0,0,0,0,0,0,0,0,0,0,0,0,0,1,0,0,0,0,0,0,0,0,0,0,0,0,0,0,0,0,0,0,1,0,0,0,0,0,0,0,0,0,0,0,0,0,0,0,0,0,0,0,0,0,0,0,0,0,0,0,0,0,1,0,0,0,0,0,0,0,0,0,0,1,0,0,0,0,0,0,0,0,0,0,0,0,0,0,0,0,0,0,0,0,0,1,0,0,0,0,0,0,0,0,0,0,0,1,0,0,0,0,0,0,0,1,0,0,0,0,0,0,0,0,0,0,0,0,0,0,0,0,0,0,1,0,0,0,0,0,0,0,0,0,0,0,0,0,0,0,0,0,0,0,0,0,0,0,0,0,0,0,0,0,1,1,0,0,0,0,0,0,0,0,0,0,0,0,0,0,0,0,0,1,0,0,0,0,0,0,0,0,0,0,0,0,0,0,0,0,0,0,1,0,0,0,0,0,0,0,0,0,0
126.3,33,1.0,1.0510765748388214e-17,5.349944826479586e-18,1.012250881491995,0.8235326058430772,0.5644903595066647,1.8197288417220106e-17,0.5729886102805277,0.8120087884406872,-0.5606558872951684,0.0573321231214047,0.5340445523743479,0.3588667940121174,0.908556209865918,-0.1551986696666927,0.4641874639205626,0.3271736395010699,-0.9293488109338932,0.1439203822479831,0.4606396979046422,0.1584611146878785,-0.8537769826762176,0.3432359163953847,0.3955178494818269,0.8864905387941253,0.4290454168726368,0.1102638900177843,0.3758562643644216,0.7944494881607114,-0.4598391587168035,-0.3333170315351919,0.3667081236562811,0.6793115218505481,-0.2871879583556881,-0.6271130286759989,0.3559475023779319,0.316002724692238,0.7685838879922445,-0.5301941738357059,0.3509928494161198,0.2047246149068491,-0.9129681299891396,0.0795366463234766,0.3501647252065686,-0.013551098025007,0.7855284140381459,0.5249283226733329,0.3208960815867404,-0.7324875321651398,0.2879984287676807,0.4243603555682277,0.3188602347866593,0.3344919159193608,0.9295894693419604,0.0830031806484079,0.3158488823811256,-0.8451931825986344,-0.0283329562147607,0.3121142729963566,0.2950573821338619,0.151307327670517,0.8998108672373901,0.337806913797872,0.2880459503655971,-0.3954662398154288,0.7968288402438255,-0.3589820357551838,0.2760090764275024,-0.5928956181494702,-0.3452452909501061,0.6191381796341647,0.271788485468185,0.7958800835986766,-0.5143330696365813,-0.2225161413047608,0.2699051725608895,-0.6980549650806982,-0.6060271933510273,-0.1778446270930029,0.2645850828092999,-0.7530949110980277,-0.2980021747819633,0.4347523732337522,0.2645281646136176,0.0249309765558879,0.8361049760410438,-0.5050945987942044,0.2534738174988495,-0.0680216254340235,-0.1071558659214259,-0.9334446005106816,0.2492978965270926,-0.6360673137906002,0.3300659204618156,0.5671330972579935,0.2400655826236898,-0.5829679611146439,0.5414411666007339,-0.5449511029029961,0.2316079205972766,0,0,0,0,0,0,0,0,0,0,0,0,0,0,0,0,0,0,0,1,0,0,0,0,0,1,0,0,0,0,0,0,0,0,0,0,0,0,1,0,0,0,0,0,0,0,0,0,0,0,0,0,0,0,1,0,0,0,0,0,0,0,0,0,0,0,0,0,0,0,0,0,0,0,0,0,0,0,0,0,0,0,0,0,0,0,0,1,0,0,0,1,0,0,0,0,0,0,0,0,0,0,0,0,0,0,1,0,0,0,0,0,0,0,0,0,0,0,0,0,0,0,0,0,0,1,0,0,0,0,0,0,0,0,0,0,0,0,0,0,0,0,0,0,0,0,0,0,0,0,0,0,0,0,0,1,0,0,0,1,0,0,0,0,0,0,0,0,0,0,0,0,0,0,0,0,0,0,0,0,0,0,0,0,0,0,0,0,0,1,0,0,0,1,0,0,0,0,0,0,0,0,0,0,0,0,0,0,1,0,0,0,0,0,0,0,0,0,0,0,0,0,0,0,0,0,0,0,0,0,0,0,0,0,1,0,0,0,0,0,0,0,0,0,0,0,0,0,0,0,0,0,0,0,0,0,0,1,1,0,0,0,0,0,0,0,0,0,0,0,0,0,0,0,0,0,0,0,0,0,0,0,0,0,0,0,0,0,0,0,0,1,0,0,0,0,0,0,0,0,0,0,1,0,0,0,0,0,0,0,1,0,0,0,0,0,0,0,0,0,0,0,0,0,0,0,0,0,0,1,0,0,0,0,0,0,0,0,0,0,0,0,0,0,0,0,0,0,0,0,0,0,0,0,0,0,0,0,0,1,0,0,0,1,0,0,0,0,0,0,0,0,0,0,0,0,1,0,0,0,0,0,0,0,0,0,0,0,0,0,0,0,0,0,0,0,0,0,0,0,0,0,0,0,1,0,0,0,0,0,0,0,0,0,0,1,0,0,0,0,0,0,0,0,0,0,0,0,0,0,0,1,0,0,0,0,0,0,0,0,0,0,0,0,0,0,1,0,0,0,0,0,0,0,0,0,0,0,0,0,0,0,0,0,0,0,0,1,0,0,0,0,0,0,0,0,0,0,0,0,0,0,0,1,0,0,0,0,0,0,0,0,0,0,0,0,0,0,0,0,0,1,0,0,0,0,0,0,0,0,0,0,1,0,0,0,0,0,0,0,0,0,0,0,0,0,0,0,0,0,1,0,0,0,0,0,0,0,0,0,0,0,0,0,0,0,0,0,1,0,0,0,0,0,0,0,0,0,0,0,0,0,0,0,0,0,0,0,0,0,0,0,0,0,0,0,0,1,0,0,0,1,0,0,0,0,0,0,0,0,0,0,0,0,0,0,0,0,0,0,0,0,0,0,0,0,0,0,1,0,0,0,0,0,0,0,0,0,0,0,0,0,0,0,0,0,0,0,0,0,0,1,0,0,0,0,0,1,0,0,0,0,0,0,0,0,0,0,0,0,0,0,0,0,1,0,0,0,0,0,0,0,0,0,0,0,0,0,0,0,0,0,0,0,0,0,1,0,0,0,0,0,0,1,0,0,0,0,0,0,0,0,0,0,0,0,0,0,0,0,1,0,0,0,0,0,0,0,0,0,0,0,0,0,0,0,0,0,1,0,0,0,0,0,0,0,0,0,0,0,0,0,0,0,0,0,0,0,0,0,0,0,0,0,0,0,0,1,0,0,0,0,0,0,0,0,0,0,0,0,0,0,0,0,0,0,1,0,0,0,0,1,0,0,0,0,0,0,0,0,0,0,0,0,0,0,0,0,0,1,0,0,0,0,0,0,0,0,0,0,0,0,1,0,0,0,0,0,0,0,0,0,0,0,0,0,0,0,0,0,1,0,0,0,0,0,0,0,0,0,0,0,0,0,0,0,0,0,0,1,0,0,0,0,0,0,0,0,0,0
125.6,34,1.0,-3.1694348474148946e-18,-1.5343573337228168e-17,1.0101158155476182,0.8440642795153093,0.5350742348179752,-6.672641389397873e-18,0.5698809514318739,0.8009590924020188,-0.5606183757137984,0.170910489283542,0.5393298462830052,0.3030929362322018,-0.9387362308456244,0.1309738407029635,0.466753022902698,0.3748978744532927,0.9130493182609738,-0.1074526089809944,0.4661592385608041,-0.1272492620409059,-0.8455323080112909,0.5080207799657002,0.4619233029186504,0.2264040049704947,0.7918121887567701,-0.5421294985693969,0.3790120189296831,0.9178207156562328,0.3826045900315326,0.0608128022842131,0.3714438323399673,0.1418119850776535,0.5728024766353857,-0.6945040029092627,0.3708971568332245,0.8658548132362286,-0.4486576964663018,-0.1538043710395512,0.3532010111019498,0.7655052696765674,-0.4036590109150024,-0.4698900780736957,0.3271969110288956,0.0620737444676098,0.7401153171152082,-0.6004633792945372,0.312903863472636,0.4094607071434781,0.904600413866176,0.0646564239347176,0.3081071878571262,0.3562150270352272,-0.9134880066661542,0.1479168772104076,0.2940664587828787,0.257679111164199,0.766747582139169,0.5497214807121246,0.2879253797381083,0.3821201610761108,0.8509143201862124,0.325737424963943,0.2684997431793889,0.8968460384376062,-0.4059147382713702,0.0240685366609415,0.2613196778262724,0.9052230483367916,-0.3720009151624517,-0.090349295907625,0.2034358211782498,0.4430024702513545,0.8298784603074509,0.3050488139338673,0.2018530064222429,0.9852264123547908,0.0326796655176951,-0.0538706522510753,0.1989361803605582,0.8021180539961881,0.2756642398333728,-0.5077236523343376,0.1975637506383474,0.6241252607469681,0.6913334297427908,0.3274566366947545,0.1885484315365179,0.9659527049123908,-0.1593748818262058,-0.1060244946532445,0.1846294154376339,0.6834671366858652,0.2039541622213845,-0.6870597116277469,0.1641872669846635,0.9032013949531762,0.2663855591633925,0.2992498858868589,0.1619037622665707,0,0,0,0,0,0,0,0,0,0,0,0,0,0,0,0,0,0,0,1,0,0,0,0,0,1,0,0,0,0,0,0,0,0,0,0,0,0,0,0,0,0,0,0,0,0,0,0,0,0,0,0,0,1,1,0,0,0,0,0,0,0,0,0,0,0,0,0,0,0,0,0,0,0,0,0,0,0,0,0,0,0,0,0,0,0,0,1,0,0,0,1,0,0,0,0,0,0,0,0,0,0,0,0,0,0,0,0,0,0,0,0,0,0,0,0,0,0,0,0,0,1,0,0,0,1,0,0,0,0,0,0,0,0,0,0,0,0,0,0,0,0,0,0,0,0,0,0,0,0,0,0,0,0,0,1,0,0,0,1,0,0,0,0,0,0,0,0,0,0,0,0,0,0,0,0,0,0,0,0,0,0,0,0,0,0,0,0,0,1,0,0,0,1,0,0,0,0,0,0,0,0,0,0,0,0,0,0,0,0,0,0,0,0,0,0,0,0,0,0,0,0,0,1,0,0,0,1,0,0,0,0,0,0,0,0,0,0,0,0,0,0,0,0,0,0,0,0,0,0,0,0,0,0,0,0,0,1,0,0,0,0,0,0,0,0,0,0,1,0,0,0,0,0,0,0,0,0,0,0,0,0,0,0,0,0,0,0,0,0,0,1,0,0,0,1,0,0,0,0,0,0,0,0,0,0,0,0,0,0,0,0,0,0,0,0,0,0,0,0,0,0,0,0,0,1,1,0,0,0,0,0,0,0,0,0,0,0,0,0,0,0,0,0,0,0,0,0,0,0,0,0,0,0,0,0,0,0,0,1,0,0,0,0,0,0,0,0,0,0,1,0,0,0,0,0,0,0,0,0,0,0,0,0,0,0,0,0,0,0,0,0,0,1,0,0,0,1,0,0,0,0,0,0,0,0,0,0,0,0,0,0,0,0,0,0,0,0,0,0,0,0,0,0,0,0,0,1,0,0,0,0,0,1,0,0,0,0,0,0,0,0,0,0,0,0,0,0,0,0,0,0,0,0,0,0,0,0,0,0,0,1,0,0,0,1,0,0,0,0,0,0,0,0,0,0,0,0,0,0,1,0,0,0,0,0,0,0,0,0,0,0,0,0,0,0,0,0,0,0,0,0,0,0,0,0,1,0,0,0,0,0,0,0,1,0,0,0,0,0,0,0,0,0,0,0,0,0,0,0,1,0,0,0,0,0,0,0,0,0,0,0,0,0,0,0,0,0,0,0,0,1,0,0,0,0,0,0,0,0,0,0,0,0,0,0,0,0,0,1,0,0,0,0,0,0,0,0,0,0,0,0,0,0,0,1,0,0,0,0,0,0,0,0,0,0,0,0,0,0,0,1,0,0,0,0,0,0,0,0,0,0,0,0,0,0,1,0,0,0,0,0,0,0,0,0,0,0,0,0,0,0,0,0,0,1,0,0,0,0,0,0,0,0,0,0,0,0,0,0,0,0,0,0,0,0,0,0,0,0,0,0,0,0,1,0,0,0,0,0,0,1,0,0,0,0,0,0,0,0,0,0,0,0,0,0,0,0,0,0,0,0,0,0,0,0,0,0,1,0,0,1,0,0,0,0,0,0,0,0,0,0,0,0,0,0,0,0,1,0,0,0,0,0,0,0,0,0,0,0,0,0,0,0,0,0,0,1,0,0,0,0,0,0,0,0,0,0,0,0,0,0,0,0,0,1,0,0,0,0,0,0,0,0,0,0,0,0,1,0,0,0,0,0,0,0,0,0,0,0,0,0,0,0,0,0,0,0,0,0,0,0,0,0,0,0,0,0,0,0,1,0,0,1,0,0,0,0,0,0,0,0,0,0,0,0,0,0,0,0,0,0,0,0,0,0,0,0,0,0,0,0,0,0,1,0,0,0,0,0,0,0,0,0,0,0,1,0,0,0
115.5,35,1.0,-8.451200130270515e-18,1.1190504482987724e-17,1.0082146805330705,0.7877897550426647,-0.6114920471068981,-0.0433928039486345,0.5470944536193763,0.8505719737534022,0.5247483268614287,7.462221317909326e-18,0.5268153580318828,0.4152381382496767,0.9072260743793285,0.0286316628067704,0.4382746848878289,0.6345024122400248,-0.6517228480513853,0.4064946298692907,0.3924519491619772,0.5276699788391805,-0.4094540449102601,0.7369287725456068,0.3691364189379689,0.2004043080555027,0.6679275795306796,-0.7089518004691862,0.3599002794121401,0.9304186117081804,0.3623630453297352,-0.029548760917918,0.3532957459261204,0.3094024104319451,0.8797219545717038,-0.3537979556971563,0.3311477842716491,0.4073159700419843,0.519622246968676,0.7464158754028014,0.3277349240709399,0.4298294868322879,0.8548290768506999,0.2834060632920488,0.3067917044124821,0.5887143311565284,-0.7380972305523641,0.3147350310265132,0.2864719150857905,0.4158505306577068,0.7182003999617503,0.5522754696538165,0.28434288973237,-0.0803766734476531,-0.2185226755999062,0.9637307955491476,0.2778192836464292,-0.422949528586559,-0.7650533093873124,-0.294552498081927,0.2695815364059335,-0.1156339760448311,-0.9562983474371402,0.0509645590141393,0.2628320248278172,0.3897129374736622,-0.4106998505872264,0.8164266180426033,0.2624487877653578,0.0483622879003363,0.9578131800665736,-0.2698624864959413,0.2606193378365032,0.0904765694841325,-0.3802609121913304,0.912210974311728,0.248535312043494,-0.3477800007513628,-0.8664271236817243,-0.12442359200576,0.2210597938283355,0.507097679122942,-0.2042507334774425,0.8305572745301696,0.2178280184800095,0.3847212400081345,0.7160531081822967,0.5747808194491169,0.2094061679443011,0.5252202623619293,-0.2463799617500137,-0.7320892545881962,0.1811614944923404,0.535220323596381,-0.4595313231747217,-0.6497907445761729,0.1753437276527095,0.8156225937434862,-0.0163290647400198,0.5674052279821927,0.165299390994787,0,0,0,0,0,0,0,1,0,0,0,0,0,0,0,0,0,0,0,0,0,0,0,0,0,1,0,0,0,0,0,0,0,0,0,0,0,0,0,0,0,1,0,0,0,0,0,0,0,0,0,0,0,0,0,0,0,1,0,0,0,0,0,0,0,0,0,0,0,0,0,0,0,0,0,0,0,0,0,0,0,0,0,0,0,0,0,1,1,0,0,0,0,0,0,0,0,0,0,0,0,0,0,0,0,0,0,0,0,0,0,0,0,0,0,0,0,0,0,0,0,1,0,0,0,1,0,0,0,0,0,0,0,0,0,0,0,0,0,0,0,0,0,1,0,0,0,0,0,0,0,0,0,0,0,0,1,0,0,0,0,0,0,0,0,0,0,0,0,0,0,0,0,0,0,0,0,0,0,0,0,0,0,0,0,0,0,0,1,0,0,0,0,0,0,1,0,0,0,0,0,0,0,0,0,0,0,0,0,0,0,0,0,0,0,0,0,0,0,0,0,0,0,1,0,0,0,1,0,0,0,0,0,0,0,0,0,0,0,0,0,0,0,0,0,0,0,0,0,0,0,0,0,0,0,0,0,1,0,0,0,0,0,0,0,0,0,0,1,0,0,0,0,0,0,0,0,0,0,0,0,0,0,0,0,0,0,0,0,0,0,1,0,0,0,1,0,0,0,0,0,0,0,0,0,0,0,0,0,0,0,0,0,0,0,0,0,0,0,0,0,0,0,0,0,1,0,0,0,0,0,0,0,0,0,0,1,0,0,0,0,0,0,0,0,0,0,0,0,0,0,0,0,0,0,0,0,0,0,1,0,0,0,0,0,1,0,0,0,0,0,0,0,0,0,0,0,0,0,0,0,1,0,0,0,0,0,0,0,0,0,0,0,0,0,0,0,0,0,0,0,0,0,0,1,0,0,0,0,0,0,0,0,0,0,0,0,0,0,0,0,0,0,0,0,0,0,1,1,0,0,0,0,0,0,0,0,0,0,0,0,0,0,0,0,0,0,0,0,0,0,0,0,0,0,0,0,0,0,0,1,0,0,0,0,0,0,0,0,0,0,0,1,0,0,0,0,0,0,1,0,0,0,0,0,0,0,0,0,0,0,0,0,0,0,0,0,0,0,0,0,0,0,0,0,0,1,0,0,0,0,0,0,1,0,0,0,0,0,0,0,0,0,0,0,0,0,0,0,0,0,0,0,1,0,0,0,0,0,0,0,0,0,0,0,0,0,0,0,0,0,0,0,0,0,0,0,0,0,0,0,0,1,0,0,0,0,1,0,0,0,0,0,0,0,0,0,0,0,0,0,0,0,0,0,0,0,0,0,0,0,0,0,0,0,0,0,1,0,0,0,1,0,0,0,0,0,0,0,0,0,0,0,0,0,0,0,0,0,0,0,0,0,0,0,0,0,0,0,0,1,0,1,0,0,0,0,0,0,0,0,0,0,0,0,0,0,0,0,1,0,0,0,0,0,0,0,0,0,0,0,0,0,0,0,0,1,0,0,0,0,0,0,0,0,0,0,0,0,0,0,0,0,0,0,0,0,0,0,0,0,0,0,0,0,0,0,0,1,0,0,0,0,1,0,0,0,0,0,0,0,0,0,0,0,0,0,0,0,0,0,0,0,0,0,0,0,0,0,0,0,0,0,1,0,0,0,1,0,0,0,0,0,0,0,0,0,0,0,0,0,0,0,0,0,0,0,0,0,0,0,0,0,0,0,1,0,0,0,0,0,0,1,0,0,0,0,0,0,0,0,0,0,0,0,0,0,0,0,0,0,0,0,0,0,0,0,0,0,1,0,0,1,0,0,0,0,0,0,0,0,0,0,0,0,0,0,0,0,0,0,0,0,0,0,0,0,0,0,0,0,0,0,0,1,0,0,1,0,0,0,0,0,0,0,0,0,0,0,0
125.7,36,1.0,4.0252812154587415e-18,-1.2840142594672613e-17,1.0124536316801276,0.8297968416332215,0.5558704850302072,-1.820383263500616e-17,0.5529838108345719,0.7872752978615607,-0.5763997345406822,-0.1345870580865429,0.546602147396899,-0.683256390155335,-0.2882296029874165,0.4944163419614449,0.51110822414738,-0.0996892288573163,0.9164088633330568,0.1450078465336793,0.4927287899503569,-0.0328507369704347,-0.6817761596262271,-0.6972342720163468,0.4881548491885907,0.4029164683447643,-0.6979599581017512,-0.5543664362268879,0.4482578727987397,0.4026811025428743,0.8976395911525415,0.0791587195588366,0.4373373892476591,0.5396706109737537,-0.7649152762444572,0.2937515901288378,0.4163753526426056,-0.3054215379452162,0.7017013964887824,0.4848710942901316,0.4064982041210251,0.9149579413531116,0.3815763944427812,-0.0147381943816434,0.3699433279351136,-0.7099227426550856,-0.1191753396526217,0.5479675523767122,0.3472517421976587,-0.1160612212738219,0.6038247399399204,0.6852321514157353,0.3385082740553549,0.6155691603554102,-0.4783493128405112,0.5690424048250728,0.3361542367636292,-0.6319340853598355,0.5085994037313836,0.364809058225587,0.3268764193862364,0.4074682346256135,-0.3007116281191875,0.8063007309203511,0.325685731028644,0.4418342209133309,-0.6442439998803764,-0.5797880581457251,0.3056421160080286,-0.7031053232278294,0.1902180541098506,0.5195752897510777,0.3034322171722009,-0.4555051057666491,-0.8615875361784522,-0.1054893079414077,0.2567899343097166,-0.6685747809357704,-0.3154525346937008,0.5713239366733058,0.2557316772388213,0.7462373266662019,-0.3911739826982866,0.4637202005300586,0.2547934506157737,-0.6283235524344185,-0.5723494973408036,0.4327740574212316,0.2494358315130361,0.4340786574648138,-0.1360692607790456,0.8313478115988729,0.2459601263563534,0.2541249565437196,-0.6189324446556892,-0.696999957114087,0.2416835904607316,-0.7061041663947523,-0.6168202648864473,0.212773563347461,0.2364314317054571,0,0,0,0,0,0,0,0,0,0,0,0,0,0,0,0,0,0,1,0,0,0,0,0,0,1,0,0,0,0,0,0,0,0,0,0,0,0,0,0,0,1,0,0,0,0,0,0,0,0,0,0,0,0,1,0,0,0,0,0,0,0,0,0,0,0,0,0,0,0,0,0,0,0,0,0,0,0,0,0,0,0,0,0,0,0,1,0,0,0,0,1,0,0,0,0,0,0,0,0,0,0,0,0,0,0,0,0,0,0,0,0,0,0,0,0,0,0,0,0,0,1,0,0,0,0,0,0,0,0,0,0,1,0,0,0,0,0,0,0,0,0,0,1,0,0,0,0,0,0,0,0,0,0,0,0,0,0,0,0,0,1,0,0,0,0,0,0,0,0,0,0,0,0,0,0,0,0,0,0,0,0,0,0,0,0,0,0,1,0,0,0,0,0,0,0,0,0,0,0,1,0,0,0,0,0,0,0,0,0,0,0,0,0,0,0,0,0,0,0,0,0,1,0,1,0,0,0,0,0,0,0,0,0,0,0,0,0,0,0,0,0,0,0,0,1,0,0,0,0,0,0,0,0,0,0,0,0,0,0,0,1,0,0,0,0,0,0,0,0,0,0,0,0,0,0,0,0,0,0,0,0,0,0,0,0,0,0,0,0,1,0,0,0,0,1,0,0,0,0,0,0,0,0,0,0,0,0,0,0,0,0,0,0,0,0,0,0,0,0,0,0,0,0,0,1,1,0,0,0,0,0,0,0,0,0,0,0,0,0,0,0,0,0,0,0,0,1,0,0,0,0,0,0,0,0,0,0,0,0,0,0,0,0,0,0,0,0,0,0,1,0,0,0,0,0,0,0,0,0,0,0,0,0,0,0,0,0,0,0,0,0,0,1,1,0,0,0,0,0,0,0,0,0,0,0,0,0,0,0,0,0,0,0,0,0,0,0,0,0,0,0,0,0,0,0,0,1,0,0,0,0,0,0,0,0,0,0,1,0,0,0,0,0,0,0,0,0,0,0,0,0,0,0,0,0,0,0,0,0,1,0,0,1,0,0,0,0,0,0,0,0,0,0,0,0,0,0,0,0,0,0,0,0,0,0,0,0,0,0,0,0,0,0,0,1,0,0,0,1,0,0,0,0,0,0,0,0,0,0,0,0,0,0,0,0,0,0,0,0,0,0,0,0,0,0,0,0,1,0,0,1,0,0,0,0,0,0,0,0,0,0,0,0,0,0,0,0,0,0,0,0,0,1,0,0,0,0,0,0,0,0,0,0,0,0,0,0,0,1,0,0,0,0,0,0,0,0,0,0,0,0,0,0,0,0,0,0,0,0,0,0,0,0,0,0,0,1,0,0,0,0,0,1,0,0,0,0,0,0,0,0,0,0,0,0,1,0,0,0,0,0,0,0,0,0,0,0,0,0,0,0,0,0,0,1,0,0,0,0,0,0,0,0,0,0,0,0,0,0,0,0,0,0,0,0,0,0,0,0,0,0,0,0,0,1,0,0,0,1,0,0,0,0,0,0,0,0,0,0,0,0,0,0,0,0,0,0,0,0,0,0,0,0,0,0,0,0,1,0,0,1,0,0,0,0,0,0,0,0,0,0,0,0,0,0,0,0,0,0,0,0,0,0,0,0,0,0,0,0,0,0,0,1,0,0,0,0,0,1,0,0,0,0,0,0,0,0,0,0,0,0,0,0,0,0,0,0,0,0,0,0,0,0,0,0,1,0,0,1,0,0,0,0,0,0,0,0,0,0,0,0,0,0,0,0,0,0,0,0,0,1,0,0,0,0,0,0,0,0,0,0,0,0,0,1,0,0,0,0,0,0,0,0,0,0,0,0,0,0,1,0,0,0,0,0,0,0,0,0,0,0,0,0,0,0,1,0,0,0,0,0,0,0,0,0,0,0,0,0
120.0,37,1.0,1.930210842147913e-17,1.3845596448170109e-17,1.0134996770362916,0.7666731033261401,0.6414234908087437,1.4534161217145233e-17,0.6216375102179329,-0.234174733712338,-0.8779284878856719,-0.4049899075865211,0.5629108326400655,0.7890319837210178,-0.4660471659601497,-0.3952251642383589,0.5458533777863719,-0.1156740931900297,-0.2382275295680619,0.9529337846172694,0.5355140492982081,0.2597507021959641,-0.8061598282169692,-0.5240496936227971,0.4867606882638181,0.3477445321699341,0.8460650417897634,0.3985836690937943,0.464814363728052,-0.1234049584608933,0.9712335378895772,0.1660651924938388,0.4129332580688474,0.7815878334368295,0.5563354694626521,-0.2755182142956245,0.4071910190769512,-0.2279670310066749,-0.3714114207113627,0.8862074785581087,0.3577104111723415,-0.9131643977729668,-0.0284512197892285,-0.3572252033218264,0.3532815357884385,0.8449214367310904,-0.5263300814985172,-0.054399083335547,0.3528551787654996,-0.6829630587190101,-0.5961370975895695,0.3948408666459532,0.3410315708208639,-0.6791597365382953,0.0206414350515882,-0.7075136152045696,0.3373367030881009,-0.9370223749891702,0.242683933066828,-0.1456862924025982,0.3339125092039659,0.2533566901077276,-0.78555401767491,-0.5485061085824225,0.3164639780557844,0.7306922299354127,-0.5682743465846383,0.1643804690195194,0.3149800219160347,-0.4181217566966362,-0.6127795398848862,0.6524838268661891,0.3052703906960327,0.4692295197282277,0.8052433066252129,0.3578600784691774,0.3023735065413528,-0.9050200667320072,-0.3272250054238081,-0.2101999526390179,0.297978257960996,0.8772423168385186,-0.3706622889259315,0.0233955278547801,0.2892993650811422,-0.2555381124102128,0.8892368824783488,0.3554535296470423,0.2892183412332002,-0.5946820701844525,0.3528139808258511,-0.6922696242286077,0.2813865770748174,-0.1124071722380004,-0.2630536489362906,0.9452235617198734,0.2767603791179047,-0.4214150912897089,0.7080262527374963,0.5493093977963258,0.2698419507883581,0,0,0,0,0,0,0,0,0,1,0,0,0,0,0,0,0,0,0,0,0,0,0,0,0,1,0,0,0,0,0,0,0,0,0,0,0,0,0,0,0,0,0,0,0,0,0,0,0,0,0,0,1,0,1,0,0,0,0,0,0,0,0,0,0,0,0,0,0,0,0,0,0,0,0,0,0,1,0,0,0,0,0,0,0,0,0,0,0,0,0,0,0,0,0,0,0,0,1,0,0,0,0,0,0,0,0,0,0,0,0,1,0,0,0,0,0,0,0,0,0,0,0,0,0,1,0,0,0,0,0,0,0,0,0,0,0,0,0,0,0,0,0,0,0,0,0,0,0,0,0,0,0,0,1,0,0,0,0,0,0,0,0,0,0,0,1,0,0,0,0,0,0,0,0,0,0,0,0,1,0,0,0,0,0,0,0,0,0,0,1,0,0,0,0,0,0,0,0,0,0,0,0,0,0,0,0,0,0,0,0,0,0,0,0,0,0,0,0,0,0,0,1,0,0,0,0,1,0,0,0,0,0,0,0,0,0,0,0,0,0,0,0,0,0,0,0,0,0,0,0,0,0,0,0,0,1,0,0,0,0,1,0,0,0,0,0,0,0,0,0,0,0,0,0,0,0,0,0,0,0,0,0,0,0,0,0,0,0,0,1,0,0,0,0,0,0,0,0,0,0,0,1,0,0,0,0,0,0,0,0,0,0,0,0,0,0,0,0,0,0,0,0,0,1,0,1,0,0,0,0,0,0,0,0,0,0,0,0,0,0,0,0,0,1,0,0,0,0,0,0,0,0,0,0,0,0,0,0,0,1,0,0,0,0,0,0,0,0,0,0,0,0,0,0,0,0,0,0,0,0,0,0,1,0,0,0,0,0,0,0,0,0,0,0,0,0,1,0,0,0,0,0,0,0,0,0,0,0,0,0,0,0,0,0,0,0,0,0,0,0,0,0,0,0,0,1,0,0,0,0,0,0,1,0,0,0,0,0,0,0,0,0,0,0,0,1,0,0,0,0,0,0,0,0,0,0,0,0,0,0,0,0,0,0,1,0,0,0,0,0,0,0,0,0,0,0,0,0,0,1,0,0,0,0,0,0,0,0,0,0,0,0,0,0,0,0,0,0,0,0,0,0,0,0,0,1,0,0,0,0,0,0,0,0,0,0,1,0,0,0,0,0,0,0,0,0,0,0,0,0,0,0,0,0,1,0,0,0,0,0,0,0,0,0,0,0,0,0,0,0,0,0,1,0,0,0,0,0,0,0,0,0,0,0,0,0,1,0,0,0,0,0,0,0,0,0,0,0,0,0,0,0,0,0,0,0,0,0,0,0,0,0,0,0,0,1,0,0,0,0,1,0,0,0,0,0,0,0,0,0,0,0,0,0,0,0,0,0,0,0,0,0,0,0,0,0,0,0,0,1,0,0,0,0,0,0,1,0,0,0,0,0,0,0,0,0,0,0,0,0,1,0,0,0,0,0,0,0,0,0,0,0,0,0,0,0,0,0,0,0,1,0,0,0,0,0,0,0,0,0,0,0,0,0,0,0,0,0,1,0,0,0,0,0,0,0,0,0,0,0,0,0,1,0,0,0,0,0,0,0,0,0,0,0,0,0,0,0,0,0,0,0,0,0,0,0,0,0,0,0,0,1,0,0,1,0,0,0,0,0,0,0,0,0,0,0,0,0,0,0,0,1,0,0,0,0,0,0,0,0,0,0,0,0,0,0,0,0,0,0,1,0,0,0,0,0,0,0,0,0,0,0,1,0,0,0,0,0,0,0,0,0,0,0,0,0,0,0,0,0,0,0,0,0,0,0,1,0,0,0,0,0,0,0,0,0,0,0,0,0,0,0,0,0,0,0,0,0,0,0,0,0,0,1,0,0,1,0,0,0,0,0,0,0,0,0,0,0,0
110.7,38,1.0,-8.685755730188607e-18,-9.601177398524694e-18,1.006642400816934,0.7309379400683589,-0.6041003005825581,0.2819096113455398,0.5784126082961853,0.8596917131872616,0.5093018756910425,-1.3235004102314129e-17,0.5398822725412123,0.3992908571532025,-0.5091948556319511,0.7336293318566175,0.4455917375747444,0.2105144193205355,-0.1617656840944112,0.9292682066665204,0.4424614799065579,0.4790210846520557,0.8442782756633218,-0.21402925901525,0.4281598176170644,0.3030374986241097,0.6818749039922697,-0.6411304012550382,0.3844726820442373,0.9201998270940008,0.3528036795073118,0.1333758198992834,0.3651723869097332,0.3271938656728753,0.509340526584641,-0.7601227669446993,0.326911170516202,0.1468964592474104,0.6200545895708804,-0.6388301891576205,0.3168972045263694,0.3242624760860969,-0.6317087149876037,0.6674080050326355,0.3146624372443024,0.5412233356308709,0.8271238999121786,-0.1177540584458327,0.2869317952233801,0.1463500710092467,0.3656569509130382,-0.8842821482726432,0.2622297717837817,0.0357992804611857,0.6391568484243059,0.7118294353008884,0.2545301722507532,0.1289228575400876,-0.5770191128148152,0.7673562188806385,0.2464702309995511,0.1706877505679575,0.9663481005138784,-0.0073441780068676,0.2378364668664495,0.3909872240459504,0.9089083603769254,-0.0465653567311253,0.2356740352344656,0.6143922021941086,0.3916001511843961,0.648978561017033,0.2270838997675259,0.5702723022393013,0.1544682153807952,0.7694479599276915,0.2237878573884925,0.8706454138064178,-0.3299820545818622,-0.2512931136189887,0.2150763271883606,0.2041532205186039,-0.3630069855814571,0.8696191405100576,0.2150332981987713,0.408489207728356,-0.2753832937673263,0.8324914286740975,0.203423922720715,0.1353169411945539,-0.7024596965415314,0.6593198721155173,0.1979193558770468,0.7880832166048191,0.5591796628104404,-0.2226575969532964,0.1814895390871182,0.7554458823654641,0.3749637597358435,0.502516754434224,0.18145808816133,0,0,0,0,0,0,0,1,0,0,0,0,0,0,0,0,0,0,0,0,0,0,0,0,0,1,0,0,0,0,0,0,0,0,0,0,0,0,0,0,0,1,0,0,0,0,0,0,0,0,0,0,0,0,0,0,0,1,0,0,0,0,0,0,0,0,0,0,0,0,0,0,0,0,0,0,0,1,0,0,0,0,0,0,0,0,0,0,1,0,0,0,0,0,0,0,0,0,0,0,0,0,0,0,0,0,0,0,0,1,0,0,0,0,0,0,0,0,0,0,0,0,1,0,0,0,0,0,0,0,0,0,0,0,0,0,0,0,0,0,0,0,0,1,0,0,0,0,0,0,0,0,0,0,0,0,0,0,0,0,0,0,0,0,0,0,1,0,0,0,0,0,0,0,0,0,0,0,0,1,0,0,0,0,0,0,0,0,0,0,0,0,0,1,0,0,0,0,0,0,0,0,0,0,0,0,0,0,0,0,0,0,0,1,0,0,0,0,0,0,0,0,0,0,0,0,0,1,0,0,0,0,0,0,0,0,0,0,0,0,0,0,0,0,0,0,0,1,0,0,0,0,0,0,0,0,0,0,0,0,0,0,0,0,0,0,0,0,1,0,0,0,0,0,0,0,0,0,0,0,0,1,0,0,0,0,0,0,0,0,0,0,0,0,0,1,0,0,0,0,0,0,0,0,0,0,0,0,0,0,0,0,0,0,0,1,0,0,0,0,0,0,0,0,0,0,0,0,0,1,0,0,0,0,0,0,0,0,0,0,0,0,0,0,0,0,1,0,0,0,0,0,0,0,0,0,0,0,0,0,0,0,0,0,0,1,0,0,0,0,0,0,0,0,0,0,0,0,0,0,0,0,0,1,0,0,0,0,0,0,0,0,0,0,0,0,0,0,0,1,0,0,0,0,0,0,0,0,0,0,0,0,0,0,0,0,0,1,0,0,0,0,0,0,0,0,0,0,0,0,0,1,0,0,0,0,0,0,0,0,0,0,0,0,0,0,1,0,0,0,0,0,0,0,0,0,0,0,0,0,0,0,0,0,0,0,0,0,0,0,0,0,0,0,0,1,0,0,0,0,0,0,1,0,0,0,0,0,0,0,0,0,0,0,0,0,0,0,0,1,0,0,0,0,0,0,0,0,0,0,0,0,0,0,0,0,0,0,0,0,0,0,0,0,0,0,0,0,1,0,0,0,0,0,0,0,0,0,0,0,1,0,0,0,0,0,0,0,0,0,0,0,0,0,0,0,0,0,0,0,0,0,1,0,1,0,0,0,0,0,0,0,0,0,0,0,0,0,0,0,0,0,1,0,0,0,0,0,0,0,0,0,0,0,0,0,0,0,0,0,0,1,0,0,0,0,0,0,0,0,0,0,0,0,0,0,1,0,0,0,0,0,0,0,0,0,0,0,0,0,0,0,0,0,0,0,0,1,0,0,0,0,0,0,0,0,0,0,0,0,0,0,0,0,0,0,0,0,0,0,0,0,0,0,1,0,0,1,0,0,0,0,0,0,0,0,0,0,0,0,0,0,0,0,0,0,1,0,0,0,0,0,0,0,0,0,0,0,0,0,1,0,0,0,0,0,0,0,0,0,0,0,0,0,0,1,0,0,0,0,0,0,0,0,0,0,0,0,0,0,0,0,0,0,0,0,0,0,0,1,0,0,0,0,0,0,0,0,0,0,0,0,0,0,1,0,0,0,0,0,0,0,0,0,0,0,0,0,0,0,0,1,0,0,0,0,0,0,0,0,0,0,0,0,0,0,0,0,0,0,0,0,0,0,0,0,0,0,0,0,1,0,0,0,0,0,0,0,0,0,0,0,1,0,0,0,0,0,0,0,1,0,0,0,0,0,0,0,0,0,0,0,0,0,0,0,1,0,0,0,0,0,0,0,0,0,0,0,0,0
127.6,39,1.0,1.473975379921597e-17,6.53063959954764e-18,1.0085848749310689,0.8468060749363742,0.5312561013650724,7.855466032857966e-18,0.5800657572405583,0.8069533708648782,-0.5779648949901426,0.1029261750451196,0.5358180996514018,0.2967473216173575,-0.9326555406000174,0.1849266398408838,0.4737268979011381,0.3684381466965943,0.925339325789251,0.0410408563385307,0.4707811040860269,0.0259363911441938,-0.7767569840114622,0.6190240197922218,0.4107840875462348,0.9299931973428788,0.3631738460493581,-0.0283757698007046,0.3755196162995208,0.8091471255158071,-0.508407850869536,-0.2792499782517514,0.3609639042535398,0.6677612973666835,-0.3833643193866481,-0.6277296659194166,0.3407505065997596,-0.392310403699435,-0.0302197292476561,-0.8879549675001359,0.3026787523868756,0.4368968911643557,0.8954504295247206,0.0464767834297466,0.3021549324261748,0.0769180578159754,0.1362972506037535,-0.9331173243373008,0.2945427289918206,-0.2178418536317651,-0.8271250856358332,0.5049213419288294,0.2923969434988409,-0.4802449906699687,-0.7822408430246546,0.3759113433101779,0.2838825717156789,-0.1756233715815866,0.1411534340712017,-0.9495525602124256,0.2823657432138631,0.8427235740605458,-0.501410524081477,-0.1621893458909826,0.2690382176126831,0.3840320297419858,0.8225226387276624,-0.4012643348662336,0.2459908902526822,0.7048790542413566,0.1705677731599442,-0.6805800372449629,0.2459162720904173,0.449443422750278,0.8706291542437276,-0.1653681449034261,0.2454441841549566,0.636361660892032,-0.3302954343048759,-0.6867968137262033,0.2430738187861885,-0.4502605362623407,0.7817687588308894,-0.3877508654663432,0.2428886717114539,-0.1009496044398043,-0.8358028959067807,0.5282468112203931,0.2298086210153257,-0.681428263783741,0.5979528431586356,-0.3741343283177797,0.2285951801636758,-0.2070014048507982,0.2934857417171092,-0.9239556741918348,0.2280205796018874,0.659541954398793,-0.0651825553975028,-0.7407413605949954,0.2191335444300608,0,0,0,0,0,0,1,0,0,0,0,0,0,0,0,0,0,0,0,0,0,0,0,0,0,1,0,0,0,0,0,0,0,0,0,0,0,0,0,0,0,1,0,0,0,0,0,0,0,0,0,0,0,0,1,0,0,0,0,0,0,0,0,0,0,0,0,0,0,0,0,0,0,0,1,0,0,0,0,0,0,0,0,0,0,0,0,0,0,0,0,1,0,0,0,0,0,0,0,0,0,0,0,0,0,0,0,0,1,0,0,0,0,0,0,0,0,0,0,0,0,0,0,0,0,1,0,0,0,0,0,0,0,0,0,0,0,0,0,0,0,0,0,1,0,0,0,0,0,0,0,0,0,0,0,0,0,0,0,1,0,0,0,0,0,0,0,0,0,0,0,0,0,0,0,0,1,0,0,0,0,0,0,0,0,0,0,0,0,0,0,0,0,1,0,0,0,0,0,0,0,0,0,0,0,0,0,0,0,0,0,1,0,0,0,0,0,0,0,0,0,0,0,0,0,0,0,0,0,0,0,0,0,0,1,0,0,0,0,0,0,0,0,0,1,0,0,0,0,0,0,0,0,0,0,0,0,0,1,0,0,0,0,0,0,0,0,0,0,0,0,0,0,1,0,0,0,0,0,0,0,0,0,0,0,0,0,0,0,0,0,0,0,0,0,0,0,1,0,0,0,0,0,0,0,0,0,0,0,0,0,1,0,0,0,0,0,0,0,0,0,0,0,0,0,0,0,0,0,0,0,1,0,0,0,0,0,0,0,0,0,0,0,0,0,0,0,1,0,0,0,0,0,0,0,0,0,0,0,0,0,0,0,0,0,1,0,0,0,0,0,0,0,0,0,0,0,0,0,1,0,0,0,0,0,0,0,0,0,0,0,0,0,0,0,0,0,0,0,0,0,0,0,0,1,0,0,0,0,0,0,0,0,0,1,0,0,0,0,0,0,0,0,0,0,0,0,0,1,0,0,0,0,0,0,0,0,0,0,0,0,0,0,0,0,0,0,0,1,0,0,0,0,0,0,0,0,0,0,0,0,0,0,0,0,0,0,0,0,0,0,0,1,0,0,0,0,0,0,0,0,1,0,0,0,0,0,0,0,0,0,0,0,0,0,0,1,0,0,0,0,0,0,0,0,0,0,0,0,0,0,0,0,0,0,0,1,0,0,0,0,0,0,0,0,0,0,0,0,0,0,0,0,0,0,0,0,0,0,0,1,0,0,0,0,0,0,0,0,0,0,0,0,1,0,0,0,0,0,0,0,0,0,0,0,0,0,0,0,0,0,0,0,0,1,0,0,0,0,0,0,0,1,0,0,0,0,0,0,0,0,0,0,0,0,0,0,0,0,0,0,0,0,1,0,0,0,0,0,0,0,0,0,0,0,0,0,0,0,0,0,1,0,0,0,0,0,0,0,0,0,0,1,0,0,0,0,0,0,0,0,0,0,0,0,0,0,1,0,0,0,0,0,0,0,0,0,0,0,0,0,0,0,0,0,0,0,0,0,1,0,0,0,0,0,0,0,0,0,0,0,0,0,0,0,0,0,0,0,0,0,0,0,0,0,0,0,0,1,0,0,1,0,0,0,0,0,0,0,0,0,0,0,0,0,0,0,0,0,0,1,0,0,0,0,0,0,0,0,0,0,0,0,0,0,0,0,0,0,0,0,0,0,0,1,0,0,0,0,0,0,0,0,0,0,0,0,0,0,0,0,0,0,0,0,0,1,0,0,1,0,0,0,0,0,0,0,0,0,0,0,0,0,0,0,0,0,1,0,0,0,0,0,0,0,0,0,0,0,0,0,0,0,0,0,1,0,0,0,0,0,0,0,0,0,0,0,1,0,0,0,0,0,0,0,0,0,0,0,0,0,0,0,0,0,0,1,0,0,0,0,0,0,0,0,0,0,0,0,0
118.7,40,1.0,-1.3238619106817409e-17,-2.832432161365879e-17,1.012496025855867,0.7987330480069736,0.6002975515920916,-4.4409063912235444e-18,0.5633859772386355,0.82240148181036,-0.5273574290695269,0.1971650004386169,0.528886135592853,0.0379078362696176,0.7696695035554344,-0.6260726791061406,0.4517587302912017,0.3405254698137001,0.9144086890074308,-0.2038528769371204,0.4489873672255638,0.4087537326540003,-0.6997919871145621,0.5797408046149234,0.4459233605282774,-0.4166370070640328,-0.5902457008263837,-0.4176254835572619,0.4178085670582993,0.6674823139694226,-0.6986673395729447,-0.223071829627184,0.3889822622792532,0.0115265682070558,0.9758454964269352,0.1729832957819441,0.3866995280580411,0.3055423679745738,-0.334489540852083,0.8820780479985675,0.3783504951714226,0.5656621333636658,-0.5190742742863286,-0.6225133318439736,0.3771475030346432,0.8841514841312937,0.4470501156245619,0.1136811479268701,0.3719654825062358,-0.8757481188068388,-0.3138206568232025,-0.1473781702626756,0.3604118863504626,0.1488323919633778,0.5239847280685143,-0.829206344019917,0.3592624999718189,-0.6779958466305047,-0.5310013186119791,-0.3379040265096927,0.3570943853249735,0.4488592526748173,0.3995354644187615,-0.7928396286698658,0.322919408304629,0.5768501309114644,-0.7969840723253928,-0.1113978013985705,0.2894225153395076,-0.1067755230259403,0.3930674237197872,-0.8986087388547626,0.2763171599091716,0.2284074542066997,-0.3518754462140583,0.8567091308981292,0.2748851520541369,-0.6401150262391497,-0.599451065991466,-0.4078138576726799,0.2680788335157024,-0.1076988539602944,0.9838161732315792,0.0489448653483752,0.2679183486148324,-0.0686573277035746,-0.7040927123271812,-0.6792924564418203,0.267265507154425,0.4504809638956065,-0.5048319206077807,-0.717724536540037,0.2654077088661807,0.195903714021756,-0.6587613386861157,-0.7050160002398755,0.2392959593168955,-0.4388521824026787,-0.7895774650214187,-0.3736481185728851,0.2369974323610523,0,1,0,0,0,0,0,0,0,0,0,0,0,0,0,0,0,0,0,0,0,0,0,0,0,1,0,0,0,0,0,0,0,0,0,0,0,0,0,0,1,0,0,0,0,0,0,0,0,0,0,0,0,0,1,0,0,0,0,0,0,0,0,0,0,0,0,0,0,1,0,0,0,0,0,0,0,0,0,0,0,0,0,0,0,0,0,0,0,0,0,1,0,0,0,0,0,0,0,0,0,0,0,0,0,0,0,0,1,0,0,0,0,0,0,0,0,0,0,0,0,0,0,0,0,0,0,1,0,0,0,0,0,0,0,0,0,0,0,0,0,0,1,0,0,0,0,0,0,0,0,0,0,0,0,0,0,0,0,1,0,0,0,0,0,0,0,0,0,0,0,1,0,0,0,0,0,0,0,0,0,0,0,0,0,0,0,0,0,0,0,0,0,1,0,0,0,0,0,0,0,0,0,0,0,0,0,0,0,1,0,0,0,0,0,0,0,0,0,0,0,0,0,0,0,0,0,0,0,0,0,0,0,0,1,0,0,0,0,1,0,0,0,0,0,0,0,0,0,0,0,0,0,0,0,0,0,0,1,0,0,0,0,0,0,0,0,0,0,0,0,0,0,0,0,0,0,0,1,0,0,0,0,0,0,0,0,0,0,0,0,0,0,0,0,1,0,0,0,0,0,0,0,0,0,0,0,1,0,0,0,0,0,0,0,0,0,0,0,0,0,0,0,0,0,0,0,0,0,1,0,0,0,0,0,0,0,0,0,0,0,0,0,0,1,0,0,0,0,0,0,0,0,0,0,0,0,0,0,0,0,0,0,0,0,1,0,0,0,0,0,0,0,0,0,0,0,0,0,0,1,0,0,0,0,0,0,0,0,0,0,0,0,0,0,0,0,0,0,0,0,0,0,0,1,0,0,0,0,0,0,0,0,1,0,0,0,0,0,0,0,0,0,0,0,0,0,0,0,0,0,0,0,1,0,0,0,0,0,0,0,0,0,0,0,0,0,0,0,1,0,0,0,0,0,0,0,0,0,0,0,0,1,0,0,0,0,0,0,0,0,0,0,0,0,0,0,0,0,0,0,1,0,0,0,0,0,0,0,0,0,0,0,0,0,0,1,0,0,0,0,0,0,0,0,0,0,0,0,0,0,0,0,0,0,0,0,1,0,0,0,0,0,0,0,0,0,0,0,0,0,0,0,0,0,0,0,0,0,0,1,0,0,0,0,1,0,0,0,0,0,0,0,0,0,0,0,0,0,0,0,0,0,0,0,0,0,0,0,0,0,0,0,0,1,0,0,0,0,0,0,0,0,0,0,1,0,0,0,0,0,0,0,0,0,0,0,0,0,0,0,1,0,0,0,0,0,0,0,0,0,0,0,1,0,0,0,0,0,0,0,0,0,0,0,0,0,0,0,0,0,0,0,0,0,1,0,0,0,0,0,0,0,0,0,0,0,0,0,0,0,1,0,0,0,0,0,0,0,0,0,0,0,0,0,0,0,0,0,1,0,0,0,0,0,0,0,0,0,0,0,0,0,0,0,0,1,0,0,0,0,0,0,0,0,0,0,0,0,0,0,0,0,1,0,0,0,0,0,0,0,0,0,0,0,0,0,0,0,1,0,0,0,0,0,0,0,0,0,0,0,0,0,0,0,0,0,0,0,1,0,0,0,0,0,0,0,0,0,0,0,0,1,0,0,0,0,0,0,0,0,0,0,0,0,0,0,0,0,0,0,1,0,0,0,0,0,0,0,0,0,0,0,0,0,0,1,0,0,0,0,0,0,0,0,0,0,0,0,0,0,0,1,0,0,0,0,0,0,0,0,0,0,0,0,0,0,0,0,0,0,1,0,0,0,0,0,0,0,0,0,0,0,0,0,0,0,0,0,1,0,0,0,0,0,0,0,0,0,0
116.1,41,1.0,-1.6938467884246797e-17,1.3104309526256082e-17,1.0110138657469123,0.7397817539249075,-0.5140077584480274,-0.4304771994495507,0.5719466045862748,0.7714709665397259,0.6356184422605635,2.0459131983879915e-18,0.5660796042038518,-0.6962945419694959,-0.4939796802428408,0.4920394849736915,0.5058255801944066,0.0508637796355445,0.6285064361577962,0.7708200297015384,0.4831462721027393,0.3557833303342816,0.8594115644616233,0.3631504141071063,0.4497330971305865,0.5397944178966483,-0.2067281847427751,-0.8116399587920325,0.4164007096829902,-0.0018633952841564,0.0391113690515516,-0.9902317654456274,0.4157014373362986,-0.4267023697902213,0.5651472598786176,0.6964078851376281,0.4134821107040379,-0.4482248837121124,-0.4585784955375415,0.7539446862610459,0.3886140239440542,0.8023818330498542,0.5506851711434664,-0.2242730540641214,0.3776892098270762,-0.4316849602662076,-0.4387736868483721,-0.7767525298190174,0.3734407253613984,-0.5654831773625423,0.7218736423216705,0.3805940306887373,0.3678656880726593,0.8563200710137828,-0.484533959818147,-0.1620430052702937,0.3533175897874115,-0.3946596198612135,-0.1477416301100198,0.8986976410251237,0.3415477523844342,-0.5347596450582037,0.2095212701090748,0.8093102700530308,0.3221257935551299,0.8779676765308808,-0.4244985964515519,0.1993854987381421,0.3114198383118872,0.2250989447110511,-0.9413360094244052,0.2208774732793779,0.3058621688989507,0.4854598451947628,0.768148615682795,0.4146200600376439,0.2932597186207921,-0.2530223344890274,-0.6843629638603117,0.6686932992992947,0.2923690833926659,-0.0607454063218769,-0.9722391700261952,0.1874727152255333,0.2839485570251254,-0.2698258104289269,-0.8708754450438159,0.387736993827367,0.2771072997332885,-0.3903905573408682,0.7743695362116332,-0.4683867285628584,0.2708945139175789,0.8334586325719071,-0.4410656677293138,-0.3226869621373416,0.270360779728871,0.6242227084271949,-0.1927668818944307,0.740757828761505,0.2660038968791496,0,0,0,0,1,0,0,0,0,0,0,0,0,0,0,0,0,0,0,0,0,0,0,0,0,1,0,0,0,0,0,0,0,0,0,0,0,0,1,0,0,0,0,0,0,0,0,0,0,0,0,0,0,0,0,0,0,1,0,0,0,0,0,0,0,0,0,0,0,1,0,0,0,0,0,0,0,0,0,0,0,0,0,0,0,0,0,0,1,0,0,0,0,0,0,0,0,0,0,0,0,0,0,0,0,0,0,0,0,1,0,0,0,0,0,0,0,0,0,0,0,0,0,0,0,0,0,0,0,0,0,0,1,0,0,0,0,1,0,0,0,0,0,0,0,0,0,0,0,0,0,0,0,0,0,0,0,0,0,0,0,1,0,0,0,0,0,0,0,0,0,1,0,0,0,0,0,0,0,0,0,0,0,0,0,0,0,0,0,0,0,0,0,1,0,0,0,0,0,0,0,0,0,0,0,0,0,0,1,0,0,0,0,0,0,0,0,0,0,0,0,0,0,0,0,0,0,1,0,0,0,0,0,0,0,0,0,0,0,0,0,0,1,0,0,0,0,0,0,0,0,0,0,0,0,0,0,0,0,0,0,0,0,0,0,0,0,0,0,0,0,1,0,0,0,0,0,0,1,0,0,0,0,0,0,0,0,0,0,0,0,0,1,0,0,0,0,0,0,0,0,0,0,0,0,0,0,0,0,0,0,0,0,1,0,0,0,0,0,0,0,0,0,0,0,0,1,0,0,0,0,0,0,0,0,0,0,0,0,0,0,1,0,0,0,0,0,0,0,0,0,0,0,0,0,0,0,0,0,0,0,0,0,0,0,0,0,0,0,0,1,0,0,0,0,0,0,0,1,0,0,0,0,0,0,0,0,0,0,0,0,0,0,0,0,0,0,0,0,0,0,0,0,0,0,0,0,1,0,0,0,0,0,0,1,0,0,0,0,0,0,0,0,0,0,0,0,0,0,0,0,0,0,0,0,0,0,0,1,0,0,0,0,0,0,0,1,0,0,0,0,0,0,0,0,0,0,0,0,0,0,0,1,0,0,0,0,0,0,0,0,0,0,0,0,0,0,0,0,0,0,0,1,0,0,0,0,0,0,0,0,0,0,0,0,0,0,0,0,0,0,1,0,0,0,0,0,0,0,0,0,0,0,0,0,0,1,0,0,0,0,0,0,0,0,0,0,0,0,0,0,0,0,1,0,0,0,0,0,0,0,0,0,0,0,0,0,0,0,1,0,0,0,0,0,0,0,0,0,0,0,0,0,0,0,0,0,0,0,1,0,0,0,0,0,0,0,0,0,0,0,0,0,0,0,0,0,1,0,0,0,0,0,0,0,0,0,0,0,0,0,0,0,0,0,0,0,0,1,0,0,0,0,1,0,0,0,0,0,0,0,0,0,0,0,0,0,0,0,0,0,0,0,0,0,1,0,0,0,0,0,0,0,0,0,0,0,0,0,0,0,0,0,1,0,0,0,0,0,0,0,0,0,0,0,0,0,0,0,1,0,0,0,0,0,0,0,0,0,0,0,0,0,0,0,0,0,0,0,1,0,0,0,0,0,0,0,0,0,0,1,0,0,0,0,0,0,0,0,0,0,0,0,0,0,0,0,0,0,0,0,1,0,0,0,0,0,0,0,0,0,0,0,0,0,0,0,0,0,1,0,0,0,0,0,0,0,0,0,0,0,0,1,0,0,0,0,0,0,0,0,0,0,0,0,0,0,0,0,0,0,1,0,0,0,0,0,0,0,0,0,0,0,0,0,0,1,0,0,0,0,0,0,0,0,0,0,0,0,0,0,0,0,0,0,0,0,0,0,0,0,0,1,0,0,0,0,0,0,0,0,1,0,0,0,0,0,0,0,0,0,0,0,0,0,0,0,0,0,0,0,0,0,0,0,0,1,0,0,0
121.0,42,1.0,-2.5661844027933417e-17,-1.4450762613666245e-18,1.0151994074391957,0.7174518658688955,0.6919946888154311,1.2258872382947325e-17,0.602361106353831,0.7601534424498168,-0.4695626180568518,0.2245057834711233,0.5638193934106729,-0.018205564346243,-0.5954613795994541,-0.054240835534372,0.5040304012895266,-0.0456724226931456,0.6921309797699589,-0.0892159271360346,0.4704979041294361,0.3596467891387325,-0.8493166895636026,0.2983987578692534,0.4602560438494235,0.3090785678628799,0.8762783878101137,-0.1220495534820848,0.4497236819295593,0.1427669910240732,-0.9730608729638192,0.0229057628978839,0.413921345707709,0.7091373720410356,0.6100319915163571,0.1410901807670723,0.4101892440031808,-0.0604438393857169,-0.8535386763673307,-0.0462616895709684,0.4031057969837411,-0.2407635699891771,0.5250565736711674,0.1175104358820887,0.3917342413948507,0.7206427586450909,-0.4397240960744016,-0.0913052447904337,0.3797568973068602,0.2534803825698249,0.3332731544654403,-0.5870783403975164,0.371240684609246,0.6324294503782409,-0.2693860381883866,-0.4001648574639334,0.3692202525761789,-0.1725459120378507,0.5453089214964918,0.297494974610772,0.3559799930769486,0.2564203114359578,0.9252760055915876,0.0189740516280712,0.3074056787761955,-0.4168690697372871,0.2789910460412917,0.0888539667301024,0.2990602361842099,-0.4486534967171585,0.1619811633781217,-0.068330627602643,0.2954131653248379,-0.2038780932353361,-0.8298170209842294,-0.1069652133728296,0.2893698076020413,0.6744784152632555,-0.4665933479109541,0.0112359275908267,0.2803543108400809,-0.3377771581295767,0.2181233234097295,-0.3846151380775375,0.2414961759451689,-0.6671605675397201,0.0385644874798368,0.0507437024471314,0.2280997390558027,-0.3207227766730795,0.4773733938608072,-0.2762505414347959,0.2117685375575818,-0.1049961771311289,0.4452887240317454,-0.5833189471384543,0.2071930718390671,0.3987063392458246,-0.2517252341130941,-0.6023929165116452,0.1885452420395655,0,0,0,0,0,1,0,0,0,0,0,0,0,0,0,0,0,0,0,0,0,0,0,0,0,1,0,0,0,0,0,0,0,0,0,0,0,0,1,0,0,0,0,0,0,0,0,0,0,0,0,0,0,0,1,0,0,0,0,0,0,0,0,0,0,0,0,0,0,0,0,0,0,1,0,0,0,0,0,0,0,0,0,0,0,0,0,0,0,0,0,1,0,0,0,0,0,0,0,0,0,0,0,0,0,0,0,1,0,0,0,0,0,0,0,0,0,0,0,0,0,0,0,0,0,0,0,0,0,0,0,0,1,0,0,0,0,0,0,0,1,0,0,0,0,0,0,0,0,0,0,0,0,0,0,0,0,0,0,0,0,1,0,0,0,0,0,0,0,0,0,0,0,0,0,1,0,0,0,0,0,0,0,0,0,0,0,0,0,0,0,0,0,1,0,0,0,0,0,0,0,0,0,0,0,0,0,0,1,0,0,0,0,0,0,0,0,0,0,0,0,0,0,0,0,0,0,1,0,0,0,0,0,0,0,0,0,0,0,0,0,0,0,1,0,0,0,0,0,0,0,0,0,0,0,0,0,0,0,0,0,1,0,0,0,0,0,0,0,0,0,0,0,0,0,0,1,0,0,0,0,0,0,0,0,0,0,0,0,0,0,0,0,0,0,0,0,0,0,0,0,0,1,0,0,0,0,0,0,0,0,1,0,0,0,0,0,0,0,0,0,0,0,0,0,0,1,0,0,0,0,0,0,0,0,0,0,0,0,0,0,1,0,0,0,0,0,0,0,0,0,0,0,0,0,0,0,0,0,0,1,0,0,0,0,0,0,0,0,0,0,0,0,0,0,0,0,0,0,1,0,0,0,0,0,0,0,0,0,0,0,0,0,0,1,0,0,0,0,0,0,0,0,0,0,0,0,0,0,0,0,0,0,0,0,0,0,1,0,0,0,0,0,0,0,0,0,0,0,0,0,0,0,0,0,0,0,0,1,0,0,0,0,0,0,0,0,0,0,0,0,0,0,0,0,0,0,0,0,0,1,0,0,0,0,0,0,1,0,0,0,0,0,0,0,0,0,1,0,0,0,0,0,0,0,0,0,0,0,0,0,0,0,0,0,0,0,0,0,0,0,0,0,0,0,0,1,0,0,0,0,0,0,0,1,0,0,0,0,0,0,0,0,0,0,0,0,0,0,0,0,0,0,1,0,0,0,0,0,0,0,0,0,0,0,1,0,0,0,0,0,0,0,0,0,0,0,0,0,0,0,0,0,0,0,0,0,1,0,0,0,0,0,0,0,0,0,0,0,1,0,0,0,0,0,0,0,0,0,0,0,0,0,0,0,0,0,0,0,0,0,0,0,1,0,0,0,0,0,0,0,0,0,0,0,0,0,1,0,0,0,0,0,0,0,0,0,0,0,0,0,0,0,0,0,0,0,1,0,0,0,0,0,0,0,0,0,0,0,0,0,1,0,0,0,0,0,0,0,0,0,0,0,0,0,0,0,0,0,0,0,0,0,0,0,0,1,0,0,0,0,0,0,0,0,0,0,1,0,0,0,0,0,0,0,0,0,0,0,0,1,0,0,0,0,0,0,0,0,0,0,0,0,0,0,1,0,0,0,0,0,0,0,0,0,0,0,0,0,0,0,0,0,0,0,0,0,1,0,0,0,0,0,0,0,0,0,0,0,0,0,0,0,0,0,1,0,0,0,0,0,0,0,0,0,0,0,0,0,0,0,0,0,0,0,0,0,0,1,0,0,0,0,0,0,0,0,0,0,0,0,1,0,0,0,0,0,0,0,0,0,0,1,0,0,0,0,0,0,0,0,0,0,0,0,0,0,0,0,0,0,0,0,0,0,0,0,0,0,0,0,0,0,0,1,0,0,0,0,1,0,0,0,0,0,0,0,0,0,0
125.6,43,1.0,9.125112368788629e-18,1.1560038138105277e-18,1.0187490221276918,-0.6823888396033773,-0.3469228380115735,0.1358602272409843,0.5782245874371215,0.7957907909281905,-0.5335020177711305,-0.1399380392189833,0.5437404993028343,0.8343635233916741,0.543307191346603,2.2088731665130402e-17,0.5308271374519515,-0.0285880841008908,0.8734283764868842,0.1677213971451947,0.4946638237558599,0.0921133305521403,-0.6030705647814608,-0.7253871423851824,0.4587843963646406,0.4710285561137847,-0.607030206293768,-0.5660593950881351,0.4333182746215449,-0.3402260424840677,0.7687728559222691,-0.1623196487793692,0.4258766318793861,0.4418382243810062,0.8594182545059926,0.1191151092563633,0.425390565728147,0.5158957640722337,-0.7774516405139685,0.2296923552316282,0.4229168965569408,-0.6923890446396689,-0.4907274989802634,0.1017036190319289,0.3749664955399725,-0.189305471678789,0.7518324967081069,-0.4336427536933323,0.3653209300261646,0.8877650305534791,0.4044454339530284,-0.1090456071306532,0.3625803990473886,0.5335248397653599,-0.5226066679730362,0.5563072719594979,0.3506095799305763,-0.5709967074042639,-0.5069588669296741,-0.4727859123773685,0.3314374592017885,-0.6158567755543125,0.5571911680445564,-0.0730892215248154,0.3219342968863234,0.2715552087580688,-0.4521916172933832,0.7433436916109365,0.3181234112187069,0.3698647051788607,0.563373818641492,0.6618857470941562,0.3120952944525333,0.4464529723912315,0.7750020444759645,0.3853240617690367,0.3085036648202119,0.5020389760829873,-0.5789724713908545,-0.5378741805929769,0.3066345739910062,-0.6625225154117588,-0.5813811147940172,-0.1807670697454121,0.2995415141953182,-0.6577990328097644,-0.4628190063572718,0.3142208455693759,0.2915426739703762,0.6951879287691295,-0.3384441946771589,0.500645197689092,0.2774412394909219,-0.5785558794144545,-0.2932469650240001,0.5414632167556082,0.2744796835686287,-0.5758312566021365,0.5872783779489618,0.1855461418646086,0.2718973808656504,0,0,0,0,0,0,0,0,0,0,0,0,0,0,0,0,0,0,1,0,0,0,0,0,0,1,0,0,0,0,0,0,0,0,0,0,0,0,0,0,0,0,0,1,0,0,0,0,0,0,0,0,0,0,0,0,0,0,0,0,0,0,0,0,1,0,0,0,0,0,0,0,0,0,0,0,0,0,0,0,0,0,0,0,0,0,1,0,0,0,0,1,0,0,0,0,0,0,0,0,0,0,0,0,0,0,0,1,0,0,0,0,0,0,0,0,0,0,0,0,0,0,1,0,0,0,0,0,0,0,0,0,0,0,0,0,0,0,0,0,0,1,0,0,0,0,0,0,0,0,0,0,0,0,0,0,0,0,0,0,0,1,0,0,0,0,0,0,0,0,0,0,0,0,0,0,0,0,0,0,0,0,0,0,0,0,0,0,1,0,0,0,0,0,0,0,0,0,0,0,1,0,0,0,0,0,0,0,0,0,0,0,0,0,0,0,0,0,0,0,0,0,1,0,1,0,0,0,0,0,0,0,0,0,0,0,0,0,0,0,0,0,1,0,0,0,0,0,0,0,0,0,0,0,0,0,0,0,1,0,0,0,0,0,0,0,0,0,0,0,0,0,0,0,0,0,0,1,0,0,0,0,0,0,0,0,0,0,0,0,0,0,0,0,0,1,0,0,0,0,0,0,0,0,0,0,0,0,0,0,0,0,0,0,0,0,0,0,0,0,0,0,0,0,1,0,0,0,0,1,0,0,0,0,0,0,0,0,0,0,0,0,0,0,0,0,0,0,0,1,0,0,0,0,0,0,0,0,0,0,1,0,0,0,0,0,0,0,0,0,0,0,0,0,0,0,0,0,1,0,0,0,0,0,0,0,0,0,0,0,0,0,0,0,0,0,0,0,0,0,0,0,0,0,1,0,0,0,0,0,0,0,0,1,0,0,0,0,0,0,0,0,0,0,0,0,0,0,0,0,0,0,0,0,0,0,0,0,1,0,0,0,0,0,0,0,0,0,0,0,0,0,0,0,0,0,0,0,0,0,1,0,0,1,0,0,0,0,0,0,0,0,0,0,0,0,0,0,0,0,0,0,0,0,0,1,0,0,0,0,0,0,0,0,0,0,0,0,0,0,0,1,0,0,0,0,0,0,0,0,0,0,0,0,1,0,0,0,0,0,0,0,0,0,0,0,0,0,0,0,0,0,0,1,0,0,0,0,0,0,0,0,0,0,0,0,0,0,0,0,0,0,0,0,0,0,0,0,0,0,0,0,1,0,0,1,0,0,0,0,0,0,0,0,0,0,0,0,0,0,0,0,0,1,0,0,0,0,0,0,0,0,0,0,0,0,0,0,0,0,0,1,0,0,0,0,0,0,0,0,0,0,0,0,0,0,0,1,0,0,0,0,0,0,0,0,0,0,0,0,0,0,0,0,0,1,0,0,0,0,0,0,0,0,0,0,0,1,0,0,0,0,0,0,0,0,0,0,0,0,0,0,0,0,0,0,0,0,0,0,0,1,0,0,0,0,0,0,0,0,0,0,0,0,0,0,0,0,0,1,0,0,0,0,0,0,0,0,0,0,0,0,0,1,0,0,0,0,0,0,0,0,0,0,0,0,0,0,0,0,0,1,0,0,0,0,0,0,0,0,0,0,0,0,0,0,0,0,0,1,0,0,0,0,0,0,0,0,0,0,0,0,0,0,0,0,0,0,0,0,0,0,0,0,0,0,1,0,0,1,0,0,0,0,0,0,0,0,0,0,0,0,0,0,0,0,0,0,0,1,0,0,0,0,0,0,0,0,0,0,0,0,0,0,0,1,0,0,0,0,0,0,0,0,0,0,0,0,0,0,1,0,0,0,0,0,0,0,0,0,0,0,0,0,0,0,0,0,0,0,0,1,0,0,0,0,0,0,0,0
125.0,44,1.0,6.54771751250054e-18,7.872894647009223e-18,1.007183501262083,0.8800818189562261,0.4733637585433372,1.1041776941548853e-17,0.5761977323163383,0.7860616722780225,-0.6081991909286057,-0.0480111763223688,0.5464858402809577,0.4371980007530707,0.887920419640641,0.023893307653872,0.4666940819887254,0.3815720901244442,-0.8720009597237942,0.279595125458279,0.4529414920471664,0.2455128580870359,-0.5515045830511336,-0.7445950785493196,0.4231748541106821,0.5671235131118497,-0.6211941933620937,-0.5016892201921732,0.4107370824064708,0.2230187945664071,0.8677133844894798,-0.40145578157007,0.38305260584969,0.943892440117744,0.3089180237957781,-0.0582887228497172,0.3758547538231919,0.2896085495399977,-0.6965201890207176,0.6047365840223442,0.3712894804003611,0.4900855912323348,0.8482848473842883,0.1658287354587849,0.3071110111304359,0.6394569903734448,-0.5882855706814334,-0.4441687249803736,0.3009023521987269,0.1770539440145789,0.7450549641193722,0.5797242713601051,0.2817230841020647,-0.0161129242875236,0.9281455014118636,-0.3014753622801988,0.2815242262210847,0.05853456437182,-0.7378399633739751,0.6352937005394861,0.2741130102863045,-0.2714212059402971,0.9024669807690308,-0.1509498734520383,0.2709839238890252,0.3520685660284144,0.8180736586141556,0.4082724344733918,0.2626441016808179,0.5179115894761069,-0.5643236536586513,-0.5864349772086406,0.2339284756754519,0.8472227205836014,-0.4810131661886277,-0.0010554350796785,0.213236821575496,0.0290000419076752,-0.55794985183463,0.7882867635906567,0.2054017830811302,0.0383399228677667,0.9340911979497292,-0.3253069915779634,0.1961352723954401,0.9095263233512902,0.277058495345221,-0.2727403222539801,0.1909973270510944,-0.3465612388160562,0.9079106540965608,-0.0610957854666098,0.1875640374413399,0.6989967191212441,0.6858466718616683,-0.1871034657545309,0.1854620625935233,0.9827896907399404,-0.0382683930835025,-0.0175981579791021,0.1822021318739927,0,1,0,0,0,0,0,0,0,0,0,0,0,0,0,0,0,0,0,0,0,0,0,0,0,1,0,0,0,0,0,0,0,0,0,0,0,0,0,0,0,0,0,0,0,0,0,0,0,0,0,0,1,0,1,0,0,0,0,0,0,0,0,0,0,0,0,0,0,1,0,0,0,0,0,0,0,0,0,0,0,0,0,0,0,0,0,0,0,0,0,1,0,0,0,0,0,0,0,0,0,0,0,0,0,0,0,0,0,0,0,0,0,0,0,0,0,0,0,0,1,0,0,0,0,1,0,0,0,0,0,0,0,0,0,0,0,1,0,0,0,0,0,0,0,0,0,0,0,0,0,0,0,0,0,0,0,0,0,1,0,0,0,0,0,0,0,0,0,0,0,1,0,0,0,0,0,0,0,0,0,0,0,0,0,0,0,0,0,0,0,0,0,0,0,0,0,0,0,0,1,0,0,0,0,1,0,0,0,0,0,0,0,0,0,0,0,0,0,0,0,0,0,0,1,0,0,0,0,0,0,0,0,0,0,0,0,0,0,0,0,0,0,0,0,0,0,0,0,0,0,0,0,0,0,0,1,0,0,0,0,1,0,0,0,0,0,0,0,0,0,0,0,0,0,0,0,0,0,0,0,0,0,0,0,0,0,0,0,0,1,0,0,0,0,0,0,0,0,0,0,0,1,0,0,0,0,1,0,0,0,0,0,0,0,0,0,0,0,0,0,0,0,0,0,0,0,0,0,1,0,0,0,0,0,0,0,0,0,0,0,0,0,0,0,0,0,0,0,0,0,0,0,0,0,0,0,0,1,0,0,0,0,0,0,1,0,0,0,0,0,0,0,0,0,0,0,1,0,0,0,0,0,0,0,0,0,0,0,0,0,0,0,0,0,0,0,0,0,1,0,0,0,0,0,0,0,0,0,0,0,0,0,1,0,0,0,0,0,0,0,0,0,0,0,0,0,0,0,0,0,0,0,0,0,0,0,0,1,0,0,0,0,0,0,0,0,0,0,0,0,0,0,0,0,0,0,0,0,0,1,0,0,1,0,0,0,0,0,0,0,0,0,0,0,0,0,1,0,0,0,0,0,0,0,0,0,0,0,0,0,0,0,0,0,0,0,0,0,1,0,0,0,0,0,0,0,0,0,0,0,0,0,0,0,0,0,0,0,0,0,0,0,0,0,0,0,0,1,0,0,1,0,0,0,0,0,0,0,0,0,0,0,0,0,0,0,0,0,1,0,0,0,0,0,0,0,0,0,0,0,0,0,0,1,0,0,0,0,0,0,0,0,0,0,0,0,0,0,0,0,1,0,0,0,0,0,0,0,0,0,0,0,0,0,0,0,0,0,0,0,1,0,0,0,0,0,0,0,0,0,0,0,0,0,0,0,0,0,1,0,0,0,0,0,0,0,0,0,0,0,0,0,0,0,0,0,0,0,0,0,0,1,0,0,0,0,1,0,0,0,0,0,0,0,0,0,0,0,0,0,0,0,0,0,0,0,0,0,0,0,0,0,0,1,0,0,0,0,0,0,0,0,0,0,0,0,0,0,0,0,0,0,0,0,0,0,0,1,0,0,1,0,0,0,0,0,0,0,0,0,0,0,0,0,0,0,0,0,0,0,0,0,1,0,0,0,0,0,0,0,0,0,0,0,0,0,0,0,1,0,0,0,0,0,0,0,0,0,0,0,0,0,0,0,0,0,0,0,0,0,0,0,0,0,0,1,0,0,1,0,0,0,0,0,0,0,0,0,0,0,0,0,0,0,0,0,0,0,0,0,1,0,0,0,0,0,0,0,0,0,0,0,0,0,0,0,0,0,0,0,0,1,0,0,0,0,0,0,0,0,0,0,0,0,0,0,0,0,0,0,0,0,0,1,0,0,0,0,1,0,0,0,0,0,0,0,0,0,0
126.5,45,1.0,-1.351860233967457e-17,4.988623019009061e-18,1.0122209669934388,0.8782478856439127,0.4684823042879252,8.789158914118047e-18,0.593008098265753,0.7438229769933444,-0.5520877454121674,-0.1955496071621638,0.5697267902741303,-0.5816189319135874,-0.0964188103137606,0.3796405789347233,0.5620840988808611,0.2833422581680588,-0.9217796331769488,0.0006502211382283,0.4779436125062739,0.4854539555908146,0.8017093083110478,0.1687616073113124,0.4698645498493201,0.5494520363137572,-0.397511543639504,-0.6062854620928778,0.4155620098773739,-0.5912429457855305,-0.3413656081776331,0.4441351272126395,0.4016645390630796,0.3020524029066226,-0.3401379312521148,-0.721824077707846,0.3928798997990558,0.9004673618612807,0.3608406107714043,-0.0936317689807903,0.3862632287911459,0.2430990540199796,0.8668277015363067,-0.1381415399527789,0.3744209091357362,0.2269883046684357,-0.9000825403966223,-0.1157479122462022,0.3190053146435751,-0.4521884788623357,-0.2170755023867773,0.6202430675040118,0.3170897318470004,0.530473848416995,0.758740351485302,0.2885793240558751,0.3133563828197369,-0.6581382080768141,-0.5582539762932881,0.2357925782374887,0.3111567941013155,0.5502903062244726,-0.3106991714411177,-0.6195755968185832,0.3050749439465152,-0.2347460599748378,0.0398209343828274,0.7264910376864441,0.3024248150601596,0.3513146292345749,0.5134367927566947,0.6135658706507223,0.3000896927160062,0.011799626222891,0.8931114884973124,-0.1240156660954665,0.2981678737219578,0.367753816952343,-0.7622646186761698,-0.2206721751796379,0.291933759267608,0.4718348147873996,0.661183071372368,0.4597997959866409,0.2761643499344041,-0.0310351211572278,-0.083013009206624,0.7768020114457761,0.261203841376158,0.0398398340968685,-0.9487000053560656,-0.0734266321542077,0.2587576843431293,0.1244474890800385,0.0506428440726328,0.7361142275539655,0.2046753107459641,0.5341627283997414,-0.0359311975987522,0.6129733452467245,0.1989447210286093,0,0,0,1,0,0,0,0,0,0,0,0,0,0,0,0,0,0,0,0,0,0,0,0,0,1,0,0,0,0,0,0,0,0,0,1,0,0,0,0,0,0,0,0,0,0,0,0,0,0,0,0,0,0,1,0,0,0,0,0,0,0,0,0,0,0,0,0,0,0,0,1,0,0,0,0,0,0,0,0,0,0,0,0,0,0,0,0,0,0,0,1,0,0,0,0,0,0,0,0,0,0,0,0,0,0,0,0,0,1,0,0,0,0,0,0,0,0,0,0,0,0,0,0,0,0,0,0,0,0,0,0,1,0,0,0,0,0,0,1,0,0,0,0,0,0,0,0,0,0,0,0,0,0,0,0,0,0,0,1,0,0,0,0,0,0,0,0,0,0,0,1,0,0,0,0,0,0,0,0,0,0,0,0,0,0,0,0,0,0,0,0,0,1,0,0,0,0,0,0,0,0,0,0,0,0,0,1,0,0,0,0,0,0,0,0,0,0,0,0,0,0,0,0,1,0,0,0,0,0,0,0,0,0,0,0,0,0,0,0,0,0,0,0,0,1,0,0,0,0,0,0,0,0,0,0,0,0,1,0,0,0,0,0,0,0,0,0,0,0,0,0,0,0,0,1,0,0,0,0,0,0,0,0,0,0,0,0,0,0,0,0,0,0,0,0,0,0,0,0,0,0,1,0,0,0,0,1,0,0,0,0,0,0,0,0,0,0,0,0,0,0,0,0,0,0,0,0,0,0,0,0,0,0,0,0,1,0,0,0,0,1,0,0,0,0,0,0,0,0,0,0,0,0,0,0,0,0,0,0,0,0,0,1,0,0,0,0,0,0,0,0,0,0,0,0,0,1,0,0,0,0,0,0,0,0,0,0,0,0,0,0,0,0,1,0,0,0,0,0,0,0,0,0,0,0,0,0,0,0,0,0,0,0,0,0,0,0,0,0,0,0,0,0,0,0,1,0,0,0,0,0,0,1,0,0,0,0,0,0,0,0,0,1,0,0,0,0,0,0,0,0,0,0,0,0,0,0,0,0,0,0,0,0,0,0,0,1,0,0,0,0,0,0,0,0,0,0,0,0,0,0,0,1,0,0,0,0,0,0,0,0,0,0,0,0,0,0,0,1,0,0,0,0,0,0,0,0,0,0,0,0,0,0,0,0,0,0,0,0,1,0,0,0,0,0,0,0,0,0,0,0,0,0,0,1,0,0,0,0,0,0,0,0,0,0,0,0,0,0,0,0,0,0,0,0,0,0,0,0,0,0,1,0,0,0,0,1,0,0,0,0,0,0,0,0,0,0,0,0,0,0,0,0,0,0,0,0,0,0,0,0,0,0,0,0,1,0,0,0,0,0,0,0,0,0,0,0,1,0,0,0,0,1,0,0,0,0,0,0,0,0,0,0,0,0,0,0,0,0,0,0,0,0,0,1,0,0,0,0,0,0,0,0,0,0,0,0,0,1,0,0,0,0,0,0,0,0,0,0,0,0,0,0,0,0,0,0,0,0,0,0,0,0,0,0,1,0,0,0,0,0,0,0,0,0,0,0,0,0,0,0,0,0,0,0,0,0,1,0,1,0,0,0,0,0,0,0,0,0,0,0,0,0,0,0,0,0,0,0,0,0,0,0,0,0,0,0,0,0,0,0,1,0,1,0,0,0,0,0,0,0,0,0,0,0,0,0,0,0,0,1,0,0,0,0,0,0,0,0,0,0,0,0,0,0,0,0,0,0,0,0,0,0,0,0,0,0,1,0,0,0,0,0,0,0,0,0,0,0,0,1,0,0,0,0,0,0,0,0,0,0,0,0,0,0,0,1,0,0,0,0,0,0,0,0,0,0,0,0,0,0,0,0,0,1,0,0,0,0,0,0,0,0,0,0,0,0,0,1,0,0,0,0,0,0,0,0,0,0
130.0,46,1.0,-6.775641781480889e-18,-4.780260445332512e-18,1.00901246432647,0.8311545514523063,0.5550054584513984,-7.053277349269158e-18,0.5552259730169589,0.7966974397961101,-0.5817976750221072,0.0965342618113135,0.5415787879786703,0.3077636248700613,-0.915704749612552,0.2474808308201626,0.4713192926284445,0.0563789852324152,0.4883848450981838,-0.5984018679998162,0.4532803093496335,0.3884823018781761,0.91482500493006,-0.0479034555564907,0.4382788631600493,0.0918491575924551,-0.734008921296955,0.6572611630740843,0.3950749957491953,0.7483099941644445,-0.5419945138051109,-0.3081495487627258,0.3736874803627116,0.9249057946368068,0.3684002822946074,0.0019717475997094,0.3702066643456599,0.209452305725784,0.6450004795863388,-0.4752225783347169,0.3440371317974363,0.6601438156708183,-0.4155840197905833,-0.5832660300464001,0.3437637477738896,0.1511572773475892,0.6796121605813605,0.380427269726649,0.3404350983521403,0.304294364960797,0.8993025825897301,0.1017204999053627,0.336320281093206,0.3119808059026575,0.8542304428830713,-0.2569303554478838,0.3330998888823086,0.2384851674742139,0.8021099621261604,0.2396943248125192,0.3125065191565084,-0.2110843266653136,-0.7706085077091362,0.5787610055652838,0.3008246234372124,0.7055448595147947,-0.5241435625290045,-0.2632062116636149,0.2994881553364085,0.3088829027716522,-0.6068734745379041,0.6956502940756769,0.2898444898277003,0.199977926536344,0.5467105400890938,-0.4958670507139336,0.2613343764912654,0.6052033253215918,-0.3728164961208833,-0.6613170385341803,0.2466161260759599,0.2004660013982762,0.755034177211545,0.2590298909251334,0.2322039379080975,0.750526887424282,-0.0019704294242103,-0.5675282849199366,0.2041187175149897,0.7225977816232112,-0.1947614129799431,-0.5872276149186778,0.1938230696599191,0.41984166806932,-0.2416404223016138,-0.8378665929121935,0.1821022317663001,0.2364876192164217,0.5546113756482094,0.2436084377540903,0.1814283041372137,0,0,0,0,0,0,0,0,0,0,1,0,0,0,0,0,0,0,0,0,0,0,0,0,0,1,0,0,0,0,0,0,0,0,0,0,0,1,0,0,0,0,0,0,0,0,0,0,0,0,0,0,0,0,1,0,0,0,0,0,0,0,0,0,0,0,0,0,0,0,0,0,0,0,0,0,0,0,1,0,0,0,0,0,0,0,0,0,0,0,0,1,0,0,0,0,0,0,0,0,0,0,0,0,0,0,0,0,0,0,0,0,1,0,0,0,0,0,0,0,0,0,0,0,0,1,0,0,0,0,0,0,0,0,0,0,0,0,0,1,0,0,0,0,0,0,0,0,0,0,0,0,0,0,0,0,0,0,0,0,0,0,0,0,0,0,1,0,0,0,0,0,0,1,0,0,0,0,0,0,0,0,0,0,0,0,0,0,0,0,0,0,0,1,0,0,0,0,0,0,0,0,0,0,0,0,0,0,0,0,0,0,0,0,1,0,0,0,0,0,0,0,0,0,0,0,0,1,0,0,0,0,0,0,0,0,0,0,0,0,0,0,0,0,0,0,0,0,1,0,0,0,0,0,0,0,0,0,1,0,0,0,0,0,0,0,0,0,0,0,0,0,0,0,0,1,0,0,0,0,0,0,0,0,0,0,0,0,0,0,0,0,0,0,0,0,0,0,0,0,0,0,1,0,0,0,0,0,0,1,0,0,0,0,0,0,0,0,0,0,0,0,0,0,0,0,1,0,0,0,0,0,0,0,0,0,0,0,0,0,0,0,0,0,0,0,0,0,0,0,0,1,0,0,0,0,0,0,0,0,0,0,0,0,0,1,0,0,0,0,0,0,0,0,0,1,0,0,0,0,0,0,0,0,0,0,0,0,0,0,0,0,0,0,0,0,0,0,0,0,0,0,0,0,1,0,0,0,0,0,0,1,0,0,0,0,0,0,0,0,0,0,0,0,0,0,0,0,0,0,0,0,0,1,0,0,0,0,0,0,0,0,0,0,0,1,0,0,0,0,0,0,0,0,0,0,0,0,0,0,0,0,0,0,0,1,0,0,0,0,0,0,0,0,0,0,0,1,0,0,0,0,0,0,0,0,0,0,0,0,0,0,0,0,0,0,1,0,0,0,0,0,0,0,0,0,0,0,0,0,0,0,0,0,0,0,0,0,0,0,1,0,0,0,0,0,0,0,0,0,0,0,0,1,0,0,0,0,0,0,0,0,0,0,0,0,0,0,0,0,0,0,0,0,1,0,0,0,0,0,0,0,0,0,0,0,0,0,0,0,0,0,0,0,1,0,0,0,0,0,0,0,0,0,0,0,0,0,1,0,0,0,0,0,0,0,0,0,0,0,0,1,0,0,0,0,0,0,0,0,0,0,0,0,0,1,0,0,0,0,0,0,0,0,0,0,0,0,0,0,0,0,0,0,0,0,0,0,0,0,0,0,1,0,0,0,0,0,0,0,0,0,0,0,0,0,0,1,0,0,0,0,0,0,0,0,0,0,0,1,0,0,0,0,0,0,0,0,0,0,0,1,0,0,0,0,0,0,0,0,0,0,0,0,0,0,0,0,0,0,0,0,0,1,0,0,0,0,0,0,0,0,0,0,0,0,0,0,0,0,0,0,0,0,0,0,0,0,0,0,0,1,0,0,0,0,0,0,0,1,0,0,0,0,0,0,0,0,0,0,0,0,0,0,0,0,0,0,0,1,0,0,0,0,0,0,0,0,1,0,0,0,0,0,0,0,0,0,0,0,0,0,0,0,0,0,0,0,0,0,0,0,0,1,0,0,0,0,0,0,0,0,0,0,0,1,0,0,0,0,0,0,0,0,0,0,0,1,0,0,0,0,0,0,0,0,0,0,0,0,0,0,0,0,0,0,0,0,0,1,0,0,0,0,0,0,0,0,0,0
121.9,47,1.0,-4.1304000842929954e-19,1.2249353732998705e-17,1.011456784894268,0.8145789104658044,0.57872446083249,-4.069871745770625e-18,0.5594245200811837,0.8190633898991251,-0.4940171411290207,0.2221357292295899,0.5301395191268908,0.3514456654728705,-0.8661719303424696,0.3089688279725442,0.459973654431508,0.3728332472406549,0.8848072590868062,-0.2090435865192462,0.4553524157940514,0.1515116552513193,0.7116788681266308,-0.517073934054037,0.4393156552245426,-0.0109933737943497,-0.7126601229433567,0.669827142517454,0.4283911305917149,0.054827393314177,0.976622832800019,-0.0098298835803987,0.3813391739033899,-0.3165475313425758,-0.0620161591587989,-0.6728627473772516,0.3729481395356648,0.8860025526817548,0.4421151148379525,0.0736634391133789,0.3682414937292789,0.8441539469574725,-0.4563666206998794,-0.1296377905122135,0.3554542051666402,0.2334973781825338,0.4513380104266849,-0.6160709758957268,0.3401739697007627,0.7849565403869616,-0.4173613786063946,-0.4195166784696539,0.3377856788559234,0.4399869485556246,0.3660326502644707,-0.5189007372234278,0.3108621849380285,0.0781771803911717,-0.5691851518710725,0.7320574495569605,0.308071167097481,0.8250453703900821,-0.4152581171721289,-0.03856379363639,0.2783102359615036,-0.0813274504400732,0.9674548382770214,-0.0817223374265739,0.2703346942219238,-0.2379212203347221,-0.2681401592111626,-0.8485083681929201,0.2688919638175061,0.0416088897258156,0.2949102312926332,-0.6698399796941714,0.2659988850972865,-0.1661281925782209,-0.4553601915237836,0.7674877269215787,0.2550318490271644,0.7520683965496321,-0.3679568516246207,-0.5017574661128584,0.2433096955781087,-0.2236765312725295,0.9312275631445436,0.0025116632197857,0.2258534161974874,0.5973760717971798,-0.3374532897771276,-0.6820264834115749,0.2215527571045537,-0.1917092025582431,-0.6186037914975168,-0.6983535156377193,0.2127959222863229,-4.897369206946037e-05,0.938328561778558,-0.0524038942805984,0.2104698296977335,0,0,0,0,0,0,0,0,0,0,0,1,0,0,0,0,0,0,0,0,0,0,0,0,0,1,0,0,0,0,0,0,0,0,0,0,0,0,0,0,0,0,0,0,1,0,0,0,0,0,0,0,0,0,1,0,0,0,0,0,0,0,0,0,0,0,0,0,0,0,0,0,0,0,0,0,0,0,0,1,0,0,0,0,0,0,0,0,0,0,0,1,0,0,0,0,0,0,0,0,0,0,0,0,0,0,0,0,0,0,0,0,0,1,0,0,0,0,0,0,0,0,0,0,0,1,0,0,0,0,0,0,0,0,0,0,0,0,0,0,0,0,0,0,0,0,1,0,0,0,0,0,0,0,0,0,0,0,0,1,0,0,0,0,0,0,0,0,0,0,0,0,0,0,0,0,0,0,0,0,1,0,0,0,0,0,0,0,0,0,0,0,0,0,0,1,0,0,0,0,0,0,0,0,0,0,0,0,0,0,0,0,0,0,0,1,0,0,0,0,0,0,0,0,0,0,0,1,0,0,0,0,0,0,0,0,0,0,0,0,0,0,0,0,0,0,0,0,1,0,0,0,0,0,0,0,0,0,0,0,0,1,0,0,0,0,0,0,0,0,0,0,0,0,0,1,0,0,0,0,0,0,0,0,0,0,0,0,0,0,0,0,0,0,0,0,0,0,0,0,0,0,1,0,0,0,0,0,0,0,0,0,0,0,0,0,1,0,0,0,0,0,0,0,0,0,0,0,0,0,0,0,0,0,0,0,1,0,0,0,0,0,0,0,0,0,0,0,0,0,0,1,0,0,0,0,0,0,0,0,1,0,0,0,0,0,0,0,0,0,0,0,0,0,0,0,0,1,0,0,0,0,0,0,0,0,0,0,0,0,0,0,0,0,1,0,0,0,0,0,0,0,0,0,0,0,0,0,0,0,0,0,0,0,0,0,0,0,0,0,0,0,0,0,0,1,0,0,0,0,0,0,0,1,0,0,0,0,0,0,0,0,0,0,0,1,0,0,0,0,0,0,0,0,0,0,0,0,0,0,0,0,0,0,0,0,0,0,0,0,0,0,1,0,0,0,0,0,0,0,0,0,0,0,0,0,0,1,0,0,0,0,0,0,0,0,0,0,0,1,0,0,0,0,0,0,0,0,0,0,0,0,0,0,0,0,0,0,0,0,0,1,0,0,0,0,0,0,0,0,0,0,0,0,0,0,0,0,0,0,1,0,0,0,0,0,0,0,0,0,0,0,0,0,1,0,0,0,0,0,0,0,0,0,0,0,0,1,0,0,0,0,0,0,0,0,0,0,0,0,0,1,0,0,0,0,0,0,0,0,0,0,0,0,0,0,0,0,1,0,0,0,0,0,0,0,0,0,0,0,0,0,0,0,0,1,0,0,0,0,0,0,0,0,0,0,0,0,0,0,0,0,0,0,0,1,0,0,0,0,0,0,0,0,0,0,0,0,0,0,0,0,0,0,0,0,0,1,0,0,0,0,0,0,0,0,0,0,0,1,0,0,0,0,0,0,0,0,0,0,0,0,0,0,0,0,0,0,0,0,0,0,0,0,0,0,0,1,0,0,0,0,0,1,0,0,0,0,0,0,0,0,0,0,0,0,0,0,0,0,0,0,0,0,1,0,0,0,0,0,0,0,0,0,0,0,0,1,0,0,0,0,0,0,0,0,0,0,0,0,0,0,0,0,0,0,0,0,0,0,0,0,0,0,0,1,0,0,0,0,0,1,0,0,0,0,0,0,0,0,0,0,0,0,0,1,0,0,0,0,0,0,0,0,0,0,0,0,0,0,0,0,0,0,0,0,0,0,0,0,0,0,1,0,0,0,0,0,0,0,0,0,0,0,0,0,1,0,0,0,0,0,0,0,0,0,0,0,0,1,0,0,0,0,0,0,0,0,0,0
123.5,48,1.0,-1.0896497491829476e-17,-1.911912483872073e-17,1.0120579164683268,0.8676789411861343,0.4926185495102005,-1.8098468133407848e-17,0.574136784694639,0.780632334600015,-0.5494442076234004,0.1521996904917015,0.5499810997464112,0.3198579754214787,-0.8827907499274092,0.2735339340787784,0.4683018277800008,0.4478410943784564,0.8467757389901746,-0.146874742943294,0.4655089059943854,0.1658878868960102,0.7096803748559866,-0.4086635330922513,0.4569434050211856,0.1608158528560138,0.9089525626505818,0.1015461500296001,0.3909140381192976,0.7289792596085816,-0.5237540169854861,-0.2056621141745648,0.3797218380169554,0.9122641607526604,0.3669675580198056,0.073564246125281,0.3752108255195714,0.2064548545109024,0.5096858390704113,-0.5470949244401762,0.358620362840071,0.6452732129676997,-0.4241096972609508,-0.4848966095648268,0.3458965774816555,0.237116619204719,-0.8608480173155589,0.288177952371767,0.3294573914711039,-0.1142095918638178,-0.437211339973638,-0.6848224973640822,0.326529863402997,0.4109550211464484,0.4285183983083027,-0.5154033567315415,0.3211664391764101,0.6785010208471679,-0.5255709393939005,-0.1159976592858265,0.2986960059910734,0.0453618460466834,-0.7737505503621493,0.3776962954318731,0.2880173290027911,-0.3430832643204523,-0.2523339549440963,-0.6452745945583329,0.2839737902662724,-0.2962020363020979,0.1443241605373806,-0.6963157145219481,0.2773798937100645,-0.0003128036154324,0.933144881404414,0.0125169488810869,0.2747213929769523,-0.7445154891145134,-0.1084424645152628,0.0952903217176849,0.270692965612845,-0.7062289782334338,-0.143069262943235,-0.2190420945829827,0.2666407511245044,-0.088956178837722,0.2949103411555762,-0.7429963205702536,0.2647671571679435,-0.6476756054098348,-0.4535902584356529,-0.2782524452849459,0.2529203614976989,0.3366175447193635,-0.8367376916751823,0.1782028272258925,0.2511825363607888,0.5753547738402915,-0.386942093806041,-0.5511032394392419,0.2490524720831008,0,0,0,0,0,0,0,0,0,0,0,0,0,0,0,0,0,1,0,0,0,0,0,0,0,1,0,0,0,0,0,0,0,0,0,0,0,0,0,0,0,0,0,0,0,1,0,0,0,0,0,0,0,0,1,0,0,0,0,0,0,0,0,0,0,0,0,0,0,0,0,0,0,0,0,0,0,0,0,0,0,0,0,0,0,1,0,0,0,0,0,1,0,0,0,0,0,0,0,0,0,0,0,0,0,0,0,0,0,0,0,0,0,0,0,0,0,0,0,1,0,0,0,0,0,1,0,0,0,0,0,0,0,0,0,0,0,0,0,0,0,0,0,0,0,0,0,1,0,0,0,0,0,0,0,0,0,0,0,1,0,0,0,0,0,0,0,0,0,0,0,0,0,0,0,0,0,0,0,0,0,1,0,0,0,0,0,0,0,0,0,0,0,0,0,1,0,0,0,0,0,0,0,0,0,0,0,0,0,0,0,0,0,0,0,1,0,0,0,0,0,0,0,0,0,0,0,1,0,0,0,0,0,0,0,0,0,0,0,0,0,0,0,0,0,0,0,0,0,0,0,0,0,0,0,1,0,0,1,0,0,0,0,0,0,0,0,0,0,0,0,0,0,0,0,0,0,0,0,0,0,0,0,1,0,0,0,0,0,0,0,0,0,0,0,0,0,0,0,0,0,0,1,0,0,0,0,0,0,0,0,0,0,0,0,0,1,0,0,0,0,0,0,0,0,0,1,0,0,0,0,0,0,0,0,0,0,0,0,0,0,0,0,0,0,0,0,0,0,0,0,0,0,0,0,0,0,1,0,0,0,0,0,0,0,1,0,0,0,0,0,0,0,0,0,0,0,0,0,0,0,0,0,0,0,0,0,0,0,0,0,1,0,0,1,0,0,0,0,0,0,0,0,0,0,0,0,0,0,0,0,1,0,0,0,0,0,0,0,0,0,0,0,0,0,0,0,0,0,0,0,0,0,0,0,0,0,0,1,0,0,0,0,0,0,0,0,0,0,0,0,0,1,0,0,0,0,0,0,0,0,0,0,0,0,0,0,0,0,0,0,0,1,0,0,0,0,0,0,0,0,0,0,0,0,0,0,0,0,0,0,0,0,1,0,0,0,0,0,0,0,0,0,0,0,0,1,0,0,0,0,0,0,0,0,0,0,0,0,0,0,0,0,0,0,0,0,1,0,0,0,0,0,0,1,0,0,0,0,0,0,0,0,0,0,0,0,1,0,0,0,0,0,0,0,0,0,0,0,0,0,0,0,0,1,0,0,0,0,0,0,0,0,0,0,0,0,0,0,0,0,0,0,0,0,0,0,0,1,0,0,0,0,0,0,0,0,0,0,0,0,0,0,1,0,0,0,0,0,0,0,0,0,0,0,0,0,0,0,0,0,0,0,1,0,0,0,0,0,0,0,0,0,0,0,1,0,0,0,0,0,0,0,0,0,0,0,0,0,1,0,0,0,0,0,0,0,0,0,0,0,0,0,0,0,0,0,0,0,0,0,0,0,0,0,0,1,0,0,0,0,0,0,1,0,0,0,0,0,0,0,0,0,0,0,0,0,0,0,0,1,0,0,0,0,0,0,0,0,0,0,0,0,0,0,0,0,0,0,0,0,0,0,0,1,0,0,0,0,0,0,0,0,0,0,0,0,1,0,0,0,0,0,0,0,0,0,0,0,0,0,1,0,0,0,0,0,0,0,0,0,0,0,0,0,0,0,0,0,0,0,1,0,0,0,0,0,0,0,0,0,0,0,0,0,0,0,0,0,0,0,0,0,0,0,0,0,0,0,1,0,0,1,0,0,0,0,0,0,0,0,0,0,0,0,0,0,0,0,0,0,0,0,0,0,0,0,0,0,0,0,0,0,1,0,0,0,0,0,1,0,0,0,0,0,0,0,0,0,0
121.4,49,1.0,1.1282403110438073e-17,-2.271222762327991e-17,1.0133226736455598,0.8364989772026563,0.5457638764696572,2.62813255913622e-18,0.5701936525629575,0.7526023184837685,-0.5609746571810617,0.1892692646314855,0.5649651315746189,0.2438705987768656,-0.9358937597078582,0.1856260299897558,0.4875726863114177,0.4413629399386135,0.8406616272555155,-0.1368703195938407,0.4425860815590995,0.1708064603672332,0.7169360111048244,-0.3116054645324235,0.4318556142412887,-0.496986484747262,-0.102858853478535,-0.0027073149706614,0.4129933401467534,0.8757137370661632,0.4218128879071567,0.0814567196626547,0.3821015543746585,0.7761806745952239,-0.4735502341343776,-0.1339350234719173,0.3691588992710276,0.2197657471307332,0.8717491857352024,0.042034515871607,0.3680363272052878,0.1408209599075531,0.5620898926301771,-0.4525921315832928,0.3664100254542201,-0.1383345683986586,-0.3710233670538098,-0.4897798406709233,0.3529724321328567,0.693898132254987,-0.3582378970074577,-0.4321348351204731,0.3456124122635677,0.1888467316872472,-0.8871526387037374,0.1838738398118622,0.3308825261694857,0.281102397035791,0.5164214424811913,-0.4739059064018261,0.3265209584763602,-0.3151941467043427,-0.2071718689915056,-0.4525452700351669,0.3188177575940876,0.2298878226537683,0.8264033530804908,0.1849803905760595,0.3022418103962784,-0.0781626287852233,0.3666539832059807,-0.4883114517404401,0.2908469292005883,-0.3010738416367461,0.1329402551874457,-0.4858479831467435,0.2881571791486351,0.7775559605874417,-0.4551523000062253,-0.0042694913521899,0.2758795433572708,-0.5509263463561467,-0.0827966611683463,-0.0611300974138629,0.2730023698365045,0.0273982216888035,-0.870393268922971,0.0840120749516279,0.2729718164508449,-0.4545751789151647,-0.3563556061678119,-0.285278397419044,0.2708728091720535,0.2919047402434206,-0.7821978379469143,0.2647192079871224,0.2607679447669822,0.1124108774350539,0.7211483294842991,0.3247848348489537,0.2449204078422063,0,0,0,0,0,0,0,0,0,0,0,0,0,0,0,0,0,1,0,0,0,0,0,0,0,1,0,0,0,0,0,0,0,0,0,0,0,0,0,0,0,0,0,0,0,0,0,0,0,0,0,1,0,0,1,0,0,0,0,0,0,0,0,0,0,0,0,0,0,0,0,0,0,0,0,0,0,0,0,0,0,0,0,0,0,1,0,0,0,0,0,1,0,0,0,0,0,0,0,0,0,0,0,0,0,0,0,0,0,0,0,0,0,0,0,0,0,0,0,1,0,0,0,0,0,1,0,0,0,0,0,0,0,0,0,0,0,0,0,0,0,0,0,0,0,0,0,0,0,0,0,0,0,1,0,0,0,0,0,1,0,0,0,0,0,0,0,0,0,0,0,0,0,0,0,0,0,0,0,0,0,0,0,0,0,0,0,1,0,0,0,0,0,0,0,1,0,0,0,0,0,0,0,0,0,0,0,1,0,0,0,0,0,0,0,0,0,0,0,0,0,0,0,0,0,0,0,0,0,0,0,0,0,0,1,0,0,0,0,0,0,0,0,0,0,0,0,0,0,0,0,0,0,0,0,1,0,0,0,0,0,0,0,0,0,0,0,0,1,0,0,0,0,0,0,0,0,0,0,0,0,0,0,0,0,0,0,0,0,1,0,0,1,0,0,0,0,0,0,0,0,0,0,0,0,0,0,0,0,0,0,0,0,0,0,0,0,0,0,0,0,0,0,1,0,0,0,0,0,1,0,0,0,0,0,0,0,0,0,0,0,0,0,0,0,0,0,0,0,0,0,1,0,0,0,0,0,0,0,0,1,0,0,0,0,0,0,0,0,0,0,0,0,0,0,0,0,0,0,0,0,0,0,0,1,0,0,0,0,0,0,0,0,0,0,0,0,0,0,0,0,0,0,0,1,0,0,0,0,0,0,0,0,0,1,0,0,0,0,0,0,0,0,0,0,0,0,0,0,0,0,0,0,1,0,0,0,0,0,0,0,0,0,0,0,0,0,0,0,0,0,0,0,0,0,0,0,0,0,1,0,0,1,0,0,0,0,0,0,0,0,0,0,0,0,0,0,0,0,0,0,0,0,0,0,0,0,1,0,0,0,0,0,0,0,0,0,0,0,0,0,0,0,0,0,0,1,0,0,0,0,0,0,0,0,0,0,0,0,0,1,0,0,0,0,0,0,0,0,0,1,0,0,0,0,0,0,0,0,0,0,0,0,0,0,0,0,0,0,0,0,0,0,0,0,0,0,0,0,0,0,1,0,0,1,0,0,0,0,0,0,0,0,0,0,0,0,0,0,0,0,0,0,0,0,0,0,0,0,1,0,0,0,0,0,0,0,0,0,0,0,1,0,0,0,0,0,0,0,0,0,0,0,0,0,0,0,0,0,0,0,0,0,1,0,0,0,0,0,0,0,0,0,0,0,0,0,1,0,0,0,0,0,0,0,0,0,0,0,0,0,0,0,0,0,0,0,0,0,0,0,0,0,1,0,0,0,0,0,0,0,0,0,0,0,0,1,0,0,0,0,0,0,1,0,0,0,0,0,0,0,0,0,0,0,0,0,0,0,0,1,0,0,0,0,0,0,0,0,0,0,0,0,0,0,0,0,0,0,0,0,0,0,0,0,0,0,0,0,0,0,1,0,0,0,0,0,0,1,0,0,0,0,0,0,0,0,0,0,0,0,0,0,0,0,0,0,0,1,0,0,0,0,0,0,0,0,0,0,0,0,1,0,0,0,0,0,0,0,0,0,0,0,0,0,0,0,0,0,0,0,0,0,0,0,0,0,0,0,1,0,0,1,0,0,0,0,0,0,0,0,0,0,0,0,0,0,0,0,0,0,0,0,0,0,0,0,0,0,0,0,0,0,1,0,0,1,0,0,0,0,0,0,0,0,0,0,0,0,0
123.2,50,1.0,9.278360930874458e-18,8.819247236615479e-18,1.014361024670767,0.8651574821529533,0.4981258839005865,-1.5662020638992058e-17,0.5532107515093208,0.7769355540178065,-0.6101241305287398,0.0606968940101569,0.5520441187965753,0.2498699330528865,-0.9237974970544016,0.2401705224031269,0.4858485908586751,0.0366156269901908,0.8917464369900184,-0.3722594408152455,0.463621946591138,0.4557870860348738,0.8756317658242534,-0.0573323893038022,0.4360678213410507,-0.7454611208306386,0.3694638131063988,0.3850711046851833,0.4299768605679232,0.1000499620724867,-0.7226947085404869,0.6179485456805275,0.391928400969446,0.0135470250100103,0.659263331177356,-0.7007836899509841,0.3912190012199287,-0.5975249916264731,-0.1026011628388821,-0.7191475084315047,0.380714333299769,0.7140565417169394,-0.5681867722349426,-0.3614255964064478,0.3797423708951836,0.9458673159953952,0.3071098837471542,-0.0038290249331014,0.3694625632904345,0.6093260880651524,-0.3596932011597744,-0.6743749282679732,0.3579697997314216,0.2659941049148103,0.8802576605406174,0.3446971669479281,0.3561526248263748,0.295120877387251,0.4954300404300988,-0.7838866369473967,0.3446202176298602,-0.7410046032830299,0.1772581306221045,-0.5725358881086445,0.3338060574966595,-0.5940788775396699,0.4641093547133215,-0.5931957615941733,0.3167031121729334,-0.3183493639175375,0.5193741163953765,-0.7268661165396552,0.3072004430232354,-0.7928515214700556,0.4253647590659706,0.2233734913605964,0.2957252949262691,0.4071866342911137,0.7111246479391751,0.4898643157166534,0.2897793216773941,-0.12814419117682,-0.778211833102664,0.5615942122079606,0.280120912686117,0.7062376606202678,-0.6166702915823414,-0.2606916100064208,0.2789964982065028,-0.9076799581240704,0.0982912794149719,-0.2525181805015072,0.2760112623842835,0.5394960881758093,-0.3353741763112801,-0.7388766118396106,0.252351396285122,-0.3949528617567364,-0.727276478389111,0.5265975735762223,0.244187043777441,0,0,0,0,0,0,1,0,0,0,0,0,0,0,0,0,0,0,0,0,0,0,0,0,0,1,0,0,0,0,0,0,0,0,0,0,0,0,0,0,0,0,0,0,0,0,0,0,0,0,0,1,0,0,1,0,0,0,0,0,0,0,0,0,0,0,0,0,0,0,0,0,0,0,1,0,0,0,0,0,0,0,0,0,0,0,0,0,0,0,0,1,0,0,0,0,0,0,0,0,0,0,0,0,0,0,0,0,1,0,0,0,0,0,0,0,0,0,0,0,0,0,0,0,0,1,0,0,0,0,0,0,0,0,0,0,0,0,0,0,0,0,0,0,0,0,0,0,0,0,0,0,0,1,0,0,0,0,0,0,0,1,0,0,0,0,0,0,0,0,0,0,0,0,0,0,0,0,0,0,0,0,0,0,0,0,0,1,0,0,0,0,0,1,0,0,0,0,0,0,0,0,0,0,0,0,0,0,0,0,0,0,0,0,1,0,0,0,0,0,0,0,0,0,0,0,0,0,0,0,0,0,0,0,1,0,0,0,0,0,0,0,0,0,1,0,0,0,0,0,0,0,0,0,0,0,0,0,0,0,0,1,0,0,0,0,0,0,0,0,0,0,0,0,0,0,0,0,0,0,0,0,0,0,0,0,0,0,0,1,0,0,1,0,0,0,0,0,0,0,0,0,0,0,0,0,0,0,0,0,0,0,0,0,0,0,0,1,0,0,0,0,0,0,0,0,0,0,0,0,0,0,0,0,0,0,1,0,0,0,0,0,0,0,0,0,1,0,0,0,0,0,0,0,0,0,0,0,0,0,1,0,0,0,0,0,0,0,0,0,0,0,0,0,0,0,0,0,0,0,0,0,0,0,0,0,0,0,0,0,0,1,0,0,0,0,0,0,0,0,0,0,0,0,1,0,0,0,0,0,0,0,0,0,0,0,0,0,1,0,0,0,0,0,0,0,0,0,0,0,0,0,0,1,0,0,0,0,0,0,0,0,0,0,0,0,0,0,0,0,0,0,0,0,0,0,0,0,0,1,0,0,0,0,0,1,0,0,0,0,0,0,0,0,0,0,0,0,0,0,0,0,0,0,0,0,0,0,0,0,0,0,0,1,0,0,0,0,0,0,0,0,0,0,0,0,1,0,0,0,0,0,0,0,0,0,0,0,0,0,0,1,0,0,0,0,0,0,0,0,1,0,0,0,0,0,0,0,0,0,0,0,0,0,0,0,0,0,0,0,0,0,0,0,0,0,0,0,0,0,0,1,0,0,0,0,0,0,0,1,0,0,0,0,0,0,0,0,0,0,0,0,0,0,0,0,0,0,0,0,0,0,0,0,0,1,0,0,0,0,0,1,0,0,0,0,0,0,0,0,0,0,0,0,0,0,0,0,0,0,0,0,1,0,0,0,0,0,0,0,0,0,1,0,0,0,0,0,0,0,0,0,0,0,0,0,0,0,0,0,0,0,0,0,0,0,0,0,0,0,0,0,0,1,0,0,1,0,0,0,0,0,0,0,0,0,0,0,0,0,0,0,0,0,0,0,1,0,0,0,0,0,0,0,0,0,0,0,0,0,1,0,0,0,0,0,0,0,0,0,0,0,0,0,0,0,0,0,0,0,1,0,0,0,0,0,0,0,0,0,0,0,0,0,0,0,0,0,0,0,0,0,0,0,1,0,0,0,0,0,0,0,0,0,0,0,0,0,0,1,0,0,0,0,0,0,0,0,0,0,0,1,0,0,0,0,0,0,0,0,0,0,0,0,0,0,0,0,0,0,0,0,1,0,0,0,0,0,0,0,0,0,0,0,0,1,0,0,0,0,0,0,0,0,0,0,0,0,0,0,0,0,1,0,0,0,0,0,0,0,0,0,0,0,0,0,0,0,0,0,0,0,0,0,0,0,1,0,0,0
124.2,51,1.0,4.316824991901637e-18,-2.2538714205292642e-18,1.0147229376609714,0.8344388713391314,0.5479845446693752,-5.813325998594961e-18,0.5645763107964004,0.7867876446190093,-0.570998713507126,0.1714989466062576,0.5471416292497715,-0.5601333270322237,-0.3318769715112871,-0.5779475341935442,0.4887345798830907,0.2803119314754673,-0.8557911032824274,0.4034893740022746,0.4781872379475931,0.0065486404824296,0.8353454303222769,-0.4139063690889373,0.4709108216040406,0.4113898891124198,0.887288859961834,-0.1546935412967086,0.4388814974965659,0.0353748878202686,-0.5817291681876153,0.7784451327916048,0.4177715398412713,-0.7311867293969078,-0.0510302462710608,-0.4435444315652731,0.3971898096172815,-0.0370984684713484,0.5989673587623955,-0.7006354673455065,0.3951595483715019,0.7199074023142503,-0.6072390034222901,-0.2476611065552097,0.3794606012737327,0.9189001331242476,0.3685149850188812,0.0754284889267097,0.3748239881899761,0.6944704034343822,-0.4328698143679376,-0.5474392246043023,0.3598321974706541,-0.7398544713442404,0.2494107895773543,0.357153067987338,0.353599980768598,0.235882998082808,0.4701804842812822,-0.7793680444715715,0.3484852435291993,0.2242791442232079,0.9335143722302276,0.1864293994354253,0.343882158389361,-0.6190038734505506,0.2681150079431056,-0.5279409355849328,0.3373006341998613,-0.3472678796534383,0.400374869626157,-0.707616766070043,0.3131565347038211,-0.8510798109644595,-0.1606982480272696,-0.1504625856321598,0.3129052906379294,0.2778267653808423,-0.4026314129200664,0.830183944562721,0.3055452820536083,-0.2559693824678885,-0.6512475543988308,0.6781408303432916,0.3053126362638027,0.6385943680044055,-0.6621007319538956,-0.1779277989483855,0.292325931295136,-0.8666251827062272,0.0504105464268558,-0.0241124031465496,0.2733404891355769,-0.8065066752839924,0.2406860113230194,0.1946761006450529,0.2664690656766455,0.6151345990278352,-0.4246370477672686,-0.6319560201674175,0.2548221963694302,0,0,0,0,0,0,0,0,0,0,1,0,0,0,0,0,0,0,0,0,0,0,0,0,0,1,0,0,0,0,0,0,0,0,0,0,0,0,0,0,1,0,0,0,0,0,0,0,0,0,0,0,0,0,1,0,0,0,0,0,0,0,0,0,0,0,0,0,0,0,0,0,0,0,0,0,0,0,1,0,0,0,0,0,0,0,0,0,0,0,0,1,0,0,0,0,0,0,0,0,0,0,0,0,0,0,0,0,0,0,0,0,0,0,0,0,0,0,0,1,0,0,0,0,0,0,0,0,0,0,0,0,1,0,0,0,0,0,0,0,0,0,0,0,0,0,1,0,0,0,0,0,0,0,0,0,0,0,0,1,0,0,0,0,0,0,0,0,0,0,0,0,0,0,0,0,1,0,0,0,0,0,0,0,0,0,0,0,0,0,0,0,0,0,0,1,0,0,0,0,0,0,0,0,0,0,0,0,0,0,1,0,0,0,0,0,0,0,0,0,0,0,0,0,0,0,0,1,0,0,0,0,0,0,0,0,0,0,0,0,0,0,0,0,0,0,0,0,1,0,0,0,0,0,0,0,0,0,0,0,0,1,0,0,0,0,0,0,0,0,0,0,0,0,0,0,0,0,0,0,0,0,0,0,0,0,0,0,0,1,0,0,1,0,0,0,0,0,0,0,0,0,0,0,0,0,0,0,0,0,0,0,0,0,0,0,0,0,0,0,0,0,0,1,0,0,1,0,0,0,0,0,0,0,0,0,0,0,0,0,0,0,0,0,0,0,0,0,0,0,1,0,0,0,0,0,0,0,0,0,1,0,0,0,0,0,0,0,0,0,0,0,0,0,0,0,0,0,0,0,1,0,0,0,0,0,0,0,0,0,0,0,0,0,0,0,0,0,0,0,0,0,0,0,1,0,0,0,0,1,0,0,0,0,0,0,0,0,0,0,0,0,0,0,0,0,0,0,0,0,0,0,0,1,0,0,0,0,0,0,0,0,0,0,0,0,0,0,0,0,0,0,0,1,0,0,0,0,0,0,0,0,0,0,0,0,0,0,0,0,0,0,1,0,0,0,0,0,0,0,0,0,0,0,0,0,0,0,0,0,0,0,0,1,0,0,0,0,0,0,0,0,0,0,0,0,1,0,0,0,0,0,0,0,0,0,1,0,0,0,0,0,0,0,0,0,0,0,0,0,0,0,0,1,0,0,0,0,0,0,0,0,0,0,0,0,0,0,0,0,0,0,0,0,0,0,0,0,0,0,0,1,0,0,0,0,0,0,0,1,0,0,0,0,0,0,0,0,0,0,0,0,0,0,0,0,0,0,0,0,0,0,0,0,0,1,0,0,0,0,0,1,0,0,0,0,0,0,0,0,0,0,0,0,0,0,0,0,0,0,0,0,0,0,0,0,0,0,0,1,0,0,0,0,0,1,0,0,0,0,0,0,0,0,0,0,0,0,0,0,0,0,0,0,0,0,1,0,0,0,0,0,0,0,0,0,0,0,0,1,0,0,0,0,0,0,0,0,0,0,0,0,0,0,0,0,0,0,0,0,1,0,0,0,0,0,0,0,0,0,0,0,0,1,0,0,0,0,0,0,0,0,0,0,0,0,0,0,0,0,0,0,0,0,1,0,0,0,0,0,0,0,0,0,0,0,0,0,0,0,0,0,0,0,1,0,0,0,0,0,0,0,0,0,0,0,0,0,0,0,0,0,0,0,0,1,0,0,0,0,0,0,0,1,0,0,0,0,0,0,0,0,0,0,0,0,0,0,0,0,0,0,0,1,0,0,0,0,0,0,0,0,1,0,0,0,0,0,0,0,0,0,0,0,0,0,0,1,0,0,0,0,0,0,0,0,0,0,0,0,0,0,0,0,0,0,0,0,0,1,0,0,0,0,0,0,0,0,0,0
130.0,52,1.0,3.654433104565993e-18,2.3494594288059648e-17,1.0123935680713996,0.7421416249676521,-0.5612349979229025,-0.3142798785506122,0.5708392878915005,0.8792926852395798,0.4657816201505207,1.2384736638364377e-17,0.542765766782532,0.1435101594642298,0.7817548303892573,0.4902111542964168,0.4796638993464145,-0.4986568015859506,-0.2556550480683874,0.4014500984961124,0.4592769511842654,0.3917189236003964,-0.8912245275304651,0.0185393361810408,0.450680407599157,0.3926308843671502,-0.4545317032391954,-0.7631310431978495,0.4503790833764407,-0.241774954618853,0.7625998576097701,0.3216948280291427,0.4366152097620039,0.515077366983834,0.8049554454865426,0.2492492128679673,0.4365675454620447,0.1242054667509898,-0.3430746447416687,-0.875701875431583,0.424396751463811,-0.2452099184004984,0.7997844297146942,0.0061000946789048,0.4082520516050438,0.9072776033063736,0.3473060938321782,-0.1832999753221545,0.3678354431210058,0.2955098665759706,-0.403705834664971,-0.7748772920721041,0.3649206611680945,-0.4226645664019124,-0.0430877723845894,0.6096036981852837,0.3559183026484048,0.4674853313394746,-0.7354870339775046,0.4135542089525481,0.3538931678915998,-0.4834969071818077,0.5039480329678496,0.4114267535266507,0.3337627562453572,-0.4293842998054475,0.2834448372562904,0.6139123026291208,0.3246588059280267,0.2388590276158608,0.0714596326928691,0.7962389658430827,0.3128105228039993,0.551796780261024,0.6958131924738732,0.3578241748421198,0.3064859591718197,0.6893840536169354,-0.598658651377885,0.3130352272017481,0.2709600555592908,-0.3707578607582701,-0.2908747133242871,0.7665172097207475,0.2554044837925776,0.074397768680551,0.0889652097472097,0.8129777711651333,0.2485500054985669,-0.4525861045161192,0.5999058988502632,0.4172751252645175,0.2397408819792265,0.3492227585547022,0.786431637129723,0.4138644027358593,0.2389648201080618,-0.1261591597756149,-0.0069488034745052,0.7878275503595418,0.2381013073978949,0,1,0,0,0,0,0,0,0,0,0,0,0,0,0,0,0,0,0,0,0,0,0,0,0,1,0,0,0,0,0,0,0,0,0,1,0,0,0,0,0,0,0,0,0,0,0,0,0,0,0,0,0,0,0,0,0,1,0,0,0,0,0,0,0,0,0,0,0,0,0,0,0,0,0,0,0,0,1,0,0,0,0,0,0,0,0,0,1,0,0,0,0,0,0,0,0,0,0,0,0,0,0,0,0,0,0,0,0,0,0,0,1,0,0,0,0,0,0,0,0,0,0,0,0,0,0,1,0,0,0,0,0,0,0,0,0,0,0,0,0,0,0,0,0,0,0,0,0,0,0,0,0,1,0,0,0,0,0,0,0,0,0,0,0,0,1,0,0,0,0,1,0,0,0,0,0,0,0,0,0,0,0,0,0,0,0,0,0,0,0,0,0,1,0,0,0,0,0,0,0,0,0,0,0,1,0,0,0,0,0,0,0,0,0,0,0,0,0,0,0,0,0,0,1,0,0,0,0,0,0,0,0,0,0,0,0,0,0,0,0,0,0,0,1,0,0,0,0,0,0,0,0,0,0,0,0,0,1,0,0,0,0,0,0,0,0,0,0,0,0,0,0,0,0,0,0,0,0,0,0,0,1,0,0,0,0,0,0,0,0,0,0,0,0,1,0,0,0,0,0,0,0,0,0,0,0,1,0,0,0,0,0,0,0,0,0,0,0,0,0,0,0,0,0,0,0,0,0,0,0,0,0,0,0,0,1,0,0,0,0,0,0,0,0,0,1,0,0,0,0,0,0,0,0,0,0,0,0,0,0,0,0,0,0,0,0,0,0,0,1,0,0,0,0,0,0,0,0,0,0,0,0,0,1,0,0,0,0,0,0,0,0,0,0,0,0,0,0,0,0,0,0,0,1,0,0,0,0,1,0,0,0,0,0,0,0,0,0,0,0,0,0,0,0,0,0,0,0,0,0,0,0,0,0,0,0,0,1,0,0,0,0,0,0,0,0,0,0,0,0,0,0,0,0,0,0,0,0,1,0,0,1,0,0,0,0,0,0,0,0,0,0,0,0,0,0,1,0,0,0,0,0,0,0,0,0,0,0,0,0,0,0,0,0,0,0,0,0,1,0,0,0,0,0,0,0,0,0,0,0,0,0,0,0,0,1,0,0,0,0,0,0,0,0,0,0,0,0,0,0,0,0,1,0,0,0,0,0,0,0,0,0,0,0,0,0,0,0,0,1,0,0,0,0,0,0,0,0,0,0,0,0,0,0,0,0,0,0,1,0,0,0,0,0,0,0,0,0,0,0,0,0,0,0,0,0,0,0,0,0,0,0,0,0,1,0,0,0,0,0,0,0,0,0,0,0,0,1,0,0,0,0,0,0,0,0,0,0,0,0,0,1,0,0,0,0,0,0,0,0,0,0,0,0,1,0,0,0,0,0,0,0,0,0,0,0,1,0,0,0,0,0,0,0,0,0,0,0,0,0,0,0,0,0,0,0,0,0,1,0,0,0,0,0,0,0,0,0,0,0,0,0,0,0,0,0,0,0,0,0,0,0,0,0,0,0,1,0,0,0,0,0,1,0,0,0,0,0,0,0,0,0,0,0,0,0,0,0,0,0,0,0,0,0,0,0,0,0,0,0,1,0,0,1,0,0,0,0,0,0,0,0,0,0,0,0,0,0,0,0,0,0,0,1,0,0,0,0,0,0,0,0,0,0,0,0,0,0,0,0,1,0,0,0,0,0,0,0,0,0,0,0,0,0,0,0,0,0,0,0,0,1,0,0,0,0,0,0,0,0,0,0,0,0,1,0,0,0,0,0,0,0,0,0,0,0,0,0,0,0,0,0,0,0,0,0,0,0,0,0,0,0,1,0,0,0,0,0,0,0,1,0,0,0,0,0,0,0,0
