h_shift,res_index,dx_n_2,dy_n_2,dz_n_2,metric_n_2,dx_n_3,dy_n_3,dz_n_3,metric_n_3,dx_n_4,dy_n_4,dz_n_4,metric_n_4,dx_n_5,dy_n_5,dz_n_5,metric_n_5,dx_n_6,dy_n_6,dz_n_6,metric_n_6,dx_n_7,dy_n_7,dz_n_7,metric_n_7,dx_n_8,dy_n_8,dz_n_8,metric_n_8,dx_n_9,dy_n_9,dz_n_9,metric_n_9,dx_n_10,dy_n_10,dz_n_10,metric_n_10,dx_n_11,dy_n_11,dz_n_11,metric_n_11,dx_n_12,dy_n_12,dz_n_12,metric_n_12,dx_n_13,dy_n_13,dz_n_13,metric_n_13,dx_n_14,dy_n_14,dz_n_14,metric_n_14,dx_n_15,dy_n_15,dz_n_15,metric_n_15,dx_n_16,dy_n_16,dz_n_16,metric_n_16,dx_n_17,dy_n_17,dz_n_17,metric_n_17,dx_n_18,dy_n_18,dz_n_18,metric_n_18,dx_n_19,dy_n_19,dz_n_19,metric_n_19,dx_n_20,dy_n_20,dz_n_20,metric_n_20,dx_n_21,dy_n_21,dz_n_21,metric_n_21,dx_n_22,dy_n_22,dz_n_22,metric_n_22,dx_n_23,dy_n_23,dz_n_23,metric_n_23,dx_n_24,dy_n_24,dz_n_24,metric_n_24,dx_n_25,dy_n_25,dz_n_25,metric_n_25,is_C_n_2,is_CA_n_2,is_CR_n_2,is_CT_n_2,is_CW_n_2,is_H_n_2,is_H1_n_2,is_HA_n_2,is_HC_n_2,is_HO_n_2,is_HS_n_2,is_N_n_2,is_N3_n_2,is_NB_n_2,is_NH1_n_2,is_NH2_n_2,is_O_n_2,is_OH_n_2,is_S_n_2,is_SH_n_2,is_C_n_3,is_CA_n_3,is_CR_n_3,is_CT_n_3,is_CW_n_3,is_H_n_3,is_H1_n_3,is_HA_n_3,is_HC_n_3,is_HO_n_3,is_HS_n_3,is_N_n_3,is_N3_n_3,is_NB_n_3,is_NH1_n_3,is_NH2_n_3,is_O_n_3,is_OH_n_3,is_S_n_3,is_SH_n_3,is_C_n_4,is_CA_n_4,is_CR_n_4,is_CT_n_4,is_CW_n_4,is_H_n_4,is_H1_n_4,is_HA_n_4,is_HC_n_4,is_HO_n_4,is_HS_n_4,is_N_n_4,is_N3_n_4,is_NB_n_4,is_NH1_n_4,is_NH2_n_4,is_O_n_4,is_OH_n_4,is_S_n_4,is_SH_n_4,is_C_n_5,is_CA_n_5,is_CR_n_5,is_CT_n_5,is_CW_n_5,is_H_n_5,is_H1_n_5,is_HA_n_5,is_HC_n_5,is_HO_n_5,is_HS_n_5,is_N_n_5,is_N3_n_5,is_NB_n_5,is_NH1_n_5,is_NH2_n_5,is_O_n_5,is_OH_n_5,is_S_n_5,is_SH_n_5,is_C_n_6,is_CA_n_6,is_CR_n_6,is_CT_n_6,is_CW_n_6,is_H_n_6,is_H1_n_6,is_HA_n_6,is_HC_n_6,is_HO_n_6,is_HS_n_6,is_N_n_6,is_N3_n_6,is_NB_n_6,is_NH1_n_6,is_NH2_n_6,is_O_n_6,is_OH_n_6,is_S_n_6,is_SH_n_6,is_C_n_7,is_CA_n_7,is_CR_n_7,is_CT_n_7,is_CW_n_7,is_H_n_7,is_H1_n_7,is_HA_n_7,is_HC_n_7,is_HO_n_7,is_HS_n_7,is_N_n_7,is_N3_n_7,is_NB_n_7,is_NH1_n_7,is_NH2_n_7,is_O_n_7,is_OH_n_7,is_S_n_7,is_SH_n_7,is_C_n_8,is_CA_n_8,is_CR_n_8,is_CT_n_8,is_CW_n_8,is_H_n_8,is_H1_n_8,is_HA_n_8,is_HC_n_8,is_HO_n_8,is_HS_n_8,is_N_n_8,is_N3_n_8,is_NB_n_8,is_NH1_n_8,is_NH2_n_8,is_O_n_8,is_OH_n_8,is_S_n_8,is_SH_n_8,is_C_n_9,is_CA_n_9,is_CR_n_9,is_CT_n_9,is_CW_n_9,is_H_n_9,is_H1_n_9,is_HA_n_9,is_HC_n_9,is_HO_n_9,is_HS_n_9,is_N_n_9,is_N3_n_9,is_NB_n_9,is_NH1_n_9,is_NH2_n_9,is_O_n_9,is_OH_n_9,is_S_n_9,is_SH_n_9,is_C_n_10,is_CA_n_10,is_CR_n_10,is_CT_n_10,is_CW_n_10,is_H_n_10,is_H1_n_10,is_HA_n_10,is_HC_n_10,is_HO_n_10,is_HS_n_10,is_N_n_10,is_N3_n_10,is_NB_n_10,is_NH1_n_10,is_NH2_n_10,is_O_n_10,is_OH_n_10,is_S_n_10,is_SH_n_10,is_C_n_11,is_CA_n_11,is_CR_n_11,is_CT_n_11,is_CW_n_11,is_H_n_11,is_H1_n_11,is_HA_n_11,is_HC_n_11,is_HO_n_11,is_HS_n_11,is_N_n_11,is_N3_n_11,is_NB_n_11,is_NH1_n_11,is_NH2_n_11,is_O_n_11,is_OH_n_11,is_S_n_11,is_SH_n_11,is_C_n_12,is_CA_n_12,is_CR_n_12,is_CT_n_12,is_CW_n_12,is_H_n_12,is_H1_n_12,is_HA_n_12,is_HC_n_12,is_HO_n_12,is_HS_n_12,is_N_n_12,is_N3_n_12,is_NB_n_12,is_NH1_n_12,is_NH2_n_12,is_O_n_12,is_OH_n_12,is_S_n_12,is_SH_n_12,is_C_n_13,is_CA_n_13,is_CR_n_13,is_CT_n_13,is_CW_n_13,is_H_n_13,is_H1_n_13,is_HA_n_13,is_HC_n_13,is_HO_n_13,is_HS_n_13,is_N_n_13,is_N3_n_13,is_NB_n_13,is_NH1_n_13,is_NH2_n_13,is_O_n_13,is_OH_n_13,is_S_n_13,is_SH_n_13,is_C_n_14,is_CA_n_14,is_CR_n_14,is_CT_n_14,is_CW_n_14,is_H_n_14,is_H1_n_14,is_HA_n_14,is_HC_n_14,is_HO_n_14,is_HS_n_14,is_N_n_14,is_N3_n_14,is_NB_n_14,is_NH1_n_14,is_NH2_n_14,is_O_n_14,is_OH_n_14,is_S_n_14,is_SH_n_14,is_C_n_15,is_CA_n_15,is_CR_n_15,is_CT_n_15,is_CW_n_15,is_H_n_15,is_H1_n_15,is_HA_n_15,is_HC_n_15,is_HO_n_15,is_HS_n_15,is_N_n_15,is_N3_n_15,is_NB_n_15,is_NH1_n_15,is_NH2_n_15,is_O_n_15,is_OH_n_15,is_S_n_15,is_SH_n_15,is_C_n_16,is_CA_n_16,is_CR_n_16,is_CT_n_16,is_CW_n_16,is_H_n_16,is_H1_n_16,is_HA_n_16,is_HC_n_16,is_HO_n_16,is_HS_n_16,is_N_n_16,is_N3_n_16,is_NB_n_16,is_NH1_n_16,is_NH2_n_16,is_O_n_16,is_OH_n_16,is_S_n_16,is_SH_n_16,is_C_n_17,is_CA_n_17,is_CR_n_17,is_CT_n_17,is_CW_n_17,is_H_n_17,is_H1_n_17,is_HA_n_17,is_HC_n_17,is_HO_n_17,is_HS_n_17,is_N_n_17,is_N3_n_17,is_NB_n_17,is_NH1_n_17,is_NH2_n_17,is_O_n_17,is_OH_n_17,is_S_n_17,is_SH_n_17,is_C_n_18,is_CA_n_18,is_CR_n_18,is_CT_n_18,is_CW_n_18,is_H_n_18,is_H1_n_18,is_HA_n_18,is_HC_n_18,is_HO_n_18,is_HS_n_18,is_N_n_18,is_N3_n_18,is_NB_n_18,is_NH1_n_18,is_NH2_n_18,is_O_n_18,is_OH_n_18,is_S_n_18,is_SH_n_18,is_C_n_19,is_CA_n_19,is_CR_n_19,is_CT_n_19,is_CW_n_19,is_H_n_19,is_H1_n_19,is_HA_n_19,is_HC_n_19,is_HO_n_19,is_HS_n_19,is_N_n_19,is_N3_n_19,is_NB_n_19,is_NH1_n_19,is_NH2_n_19,is_O_n_19,is_OH_n_19,is_S_n_19,is_SH_n_19,is_C_n_20,is_CA_n_20,is_CR_n_20,is_CT_n_20,is_CW_n_20,is_H_n_20,is_H1_n_20,is_HA_n_20,is_HC_n_20,is_HO_n_20,is_HS_n_20,is_N_n_20,is_N3_n_20,is_NB_n_20,is_NH1_n_20,is_NH2_n_20,is_O_n_20,is_OH_n_20,is_S_n_20,is_SH_n_20,is_C_n_21,is_CA_n_21,is_CR_n_21,is_CT_n_21,is_CW_n_21,is_H_n_21,is_H1_n_21,is_HA_n_21,is_HC_n_21,is_HO_n_21,is_HS_n_21,is_N_n_21,is_N3_n_21,is_NB_n_21,is_NH1_n_21,is_NH2_n_21,is_O_n_21,is_OH_n_21,is_S_n_21,is_SH_n_21,is_C_n_22,is_CA_n_22,is_CR_n_22,is_CT_n_22,is_CW_n_22,is_H_n_22,is_H1_n_22,is_HA_n_22,is_HC_n_22,is_HO_n_22,is_HS_n_22,is_N_n_22,is_N3_n_22,is_NB_n_22,is_NH1_n_22,is_NH2_n_22,is_O_n_22,is_OH_n_22,is_S_n_22,is_SH_n_22,is_C_n_23,is_CA_n_23,is_CR_n_23,is_CT_n_23,is_CW_n_23,is_H_n_23,is_H1_n_23,is_HA_n_23,is_HC_n_23,is_HO_n_23,is_HS_n_23,is_N_n_23,is_N3_n_23,is_NB_n_23,is_NH1_n_23,is_NH2_n_23,is_O_n_23,is_OH_n_23,is_S_n_23,is_SH_n_23,is_C_n_24,is_CA_n_24,is_CR_n_24,is_CT_n_24,is_CW_n_24,is_H_n_24,is_H1_n_24,is_HA_n_24,is_HC_n_24,is_HO_n_24,is_HS_n_24,is_N_n_24,is_N3_n_24,is_NB_n_24,is_NH1_n_24,is_NH2_n_24,is_O_n_24,is_OH_n_24,is_S_n_24,is_SH_n_24,is_C_n_25,is_CA_n_25,is_CR_n_25,is_CT_n_25,is_CW_n_25,is_H_n_25,is_H1_n_25,is_HA_n_25,is_HC_n_25,is_HO_n_25,is_HS_n_25,is_N_n_25,is_N3_n_25,is_NB_n_25,is_NH1_n_25,is_NH2_n_25,is_O_n_25,is_OH_n_25,is_S_n_25,is_SH_n_25
8.371,1,0.8176241003355242,0.5525123619889983,-9.574500560548185e-18,0.5940552902279834,0.7855544732188633,-0.5781727991659016,0.0357091509727748,0.5475704787675346,0.0266761788713748,0.93202076489546,0.172668331331744,0.4764829159893008,0.3019355241562492,-0.8135968367671064,0.2380930550433491,0.4674341339791673,0.363088560230726,0.9068479720492092,-0.0214435436431926,0.4582568496781515,0.1314934519406178,-0.6023657825475685,0.4757961436128519,0.4199577571708016,-0.0465643088145097,-0.9207034606853888,0.2108873355284058,0.4051542832649363,0.8274380798044975,-0.4274593228795636,0.2557204747025393,0.3959993753052412,0.9165005572228148,0.357539693803818,0.0614644690698677,0.392495427548256,0.6973172842344008,-0.5673239908738391,-0.357752964796948,0.3858020877494731,0.0926014905244208,-0.4287532445895687,0.5537584336294779,0.3756345524495365,0.2083562419411653,0.8190544424782624,-0.3617109577090304,0.3729703862473444,-0.0004167941407524,-0.5268048462756224,0.6628759079359687,0.3654442099817903,0.4205406443738263,-0.5666227813473423,-0.6662435966505658,0.349021142288636,0.2242854741834655,-0.7890430003179303,0.2246821365862429,0.3355125795912576,-0.04010626023191,-0.627859170954554,0.6089738630837077,0.3141095369151664,0.2803105165893259,0.6239468585793474,-0.6675206353614573,0.3109626387721905,0.3813474023075763,0.8874941847416137,0.124069698487454,0.3107129871655071,0.0886445525666257,0.7602687332810631,-0.3382418933276634,0.3104645427152709,0.0163017133957936,0.8269201799014957,-0.3872453219808347,0.3013516133248174,-0.0735217928066825,0.4013111128593103,-0.6492989552862767,0.2566761335804587,-0.2860497152718209,-0.2427195717648905,-0.5931688505390241,0.2472274685165957,-0.054188445283778,-0.5042358518744273,-0.4982582058982761,0.2315955693751207,-0.2157863865659622,-0.4040614903060254,-0.5732456183317372,0.2164419212135556,1,0,0,0,0,0,0,0,0,0,0,0,0,0,0,0,0,0,0,0,0,0,0,1,0,0,0,0,0,0,0,0,0,0,0,0,0,0,0,0,0,0,0,0,0,0,1,0,0,0,0,0,0,0,0,0,0,0,0,0,0,0,0,1,0,0,0,0,0,0,0,0,0,0,0,0,0,0,0,0,0,0,0,1,0,0,0,0,0,0,0,0,0,0,0,0,0,0,0,0,0,0,0,1,0,0,0,0,0,0,0,0,0,0,0,0,0,0,0,0,0,0,0,0,0,0,0,0,1,0,0,0,0,0,0,0,0,0,0,0,0,0,0,0,0,0,1,0,0,0,0,0,0,0,0,0,0,0,0,0,0,0,0,0,0,0,0,0,0,0,0,0,0,0,0,0,1,0,0,0,1,0,0,0,0,0,0,0,0,0,0,0,0,0,0,0,0,0,0,0,0,0,0,0,0,0,0,0,1,0,0,0,0,0,0,0,0,0,0,0,0,0,0,1,0,0,0,0,0,0,0,0,0,0,0,0,0,0,0,0,0,0,0,0,0,0,0,0,1,0,0,0,0,0,0,0,0,0,0,0,0,0,0,0,0,0,0,0,0,0,0,0,0,0,0,0,1,0,0,0,0,0,0,1,0,0,0,0,0,0,0,0,0,0,0,0,0,0,0,0,0,0,0,0,0,0,0,0,1,0,0,0,0,0,0,0,0,0,0,0,0,0,0,1,0,0,0,0,0,0,0,0,0,0,0,0,0,0,0,0,0,0,0,0,0,0,0,0,0,0,0,1,0,0,0,0,0,0,0,0,0,0,0,0,0,0,0,0,1,0,0,0,0,0,0,0,0,0,0,0,0,0,0,0,0,0,0,0,1,0,0,0,0,0,0,0,0,0,0,0,0,0,0,0,0,0,0,0,0,0,0,0,0,0,0,0,0,0,1,0,0,0,0,0,0,0,0,0,1,0,0,0,0,0,0,0,0,0,0,0,0,0,0,0,0,0,0,0,1,0,0,0,0,0,0,0,0,0,0,0,0,0,0,1,0,0,0,0,0,0,0,0,0,0,0,0,0,0,0,0
8.59,3,0.7371456843087991,-0.5660415213179328,-0.0884374006432089,0.5777796792199993,0.8281903932304482,0.5480959685533882,9.805960526411569e-18,0.5721459482273281,-0.2019413250566449,-0.3694361534232574,0.1637015187980704,0.4876446442220187,0.5321448338238409,-0.6314035147865511,-0.2416387172004128,0.4661571937011107,0.1757917199781896,0.7881240350301202,0.3495105376511692,0.4591653617645467,0.6366453607258893,-0.5068362633787903,-0.2518149810223865,0.4547620158258877,0.4240663946099807,0.8397180696245294,0.1067050937419005,0.4479042647157561,0.3986432345496469,-0.2037754324838673,0.6135088641876059,0.398449931961472,0.6282073169863309,-0.5298938077292705,0.2260518966959971,0.3983443007511541,-0.4653424053938231,-0.1121455605380138,-0.193447533378061,0.3866553296473617,0.8564932644115053,0.4304466657298993,-0.0990236528607604,0.3834352717357377,0.1814755704775976,0.8366880823136407,-0.2006421861479495,0.3679532505741282,0.5403608359061031,-0.3823870767831611,0.4552223344560465,0.3650462358752001,0.1116468231696994,0.7811033786659105,-0.38967199365714,0.3195082182066603,-0.1004721679910704,0.7796288936851238,-0.2799337113194601,0.3123159401499484,-0.4654554693995772,-0.218329517268563,0.2055014950843663,0.3041285813833997,0.5156083778735835,-0.5187274254147658,0.2242695782134733,0.2499867218227317,0.4324304518813037,0.8582718344938893,0.1824626926869499,0.2403021070543834,-0.645637115771269,-0.1430036887767639,0.1659085686555587,0.2387123588881959,-0.6030504297615394,-0.6184707158472974,-0.282665207512004,0.1969234634340657,-0.292270249774529,-0.8215401757492922,0.0241938379106922,0.1942135934680484,-0.6166630788816968,-0.1591910097660243,0.3879032095265744,0.1930533177596671,-0.3769100458440871,-0.6730865357085284,-0.1250220836310157,0.174339246044037,0.4259651253223525,0.6834445561125335,0.5242401219586706,0.1705441905834573,0,0,0,1,0,0,0,0,0,0,0,0,0,0,0,0,0,0,0,0,1,0,0,0,0,0,0,0,0,0,0,0,0,0,0,0,0,0,0,0,0,0,0,0,0,0,0,0,0,0,0,0,0,0,0,0,1,0,0,0,0,0,0,0,0,0,1,0,0,0,0,0,0,0,0,0,0,0,0,0,0,0,0,0,0,0,1,0,0,0,0,0,0,0,0,0,0,0,0,0,0,0,0,0,0,0,1,0,0,0,0,0,0,0,0,0,0,0,0,0,0,0,0,1,0,0,0,0,0,0,0,0,0,0,0,0,0,0,0,0,0,0,0,0,0,1,0,0,0,0,0,0,0,0,0,0,0,0,0,0,1,0,0,0,0,0,0,0,0,0,0,0,0,0,0,0,0,0,0,0,0,0,0,0,0,0,1,0,0,0,0,0,0,0,0,0,0,0,0,0,0,0,0,0,0,0,0,0,0,0,0,0,0,0,0,0,1,0,0,0,0,0,0,1,0,0,0,0,0,0,0,0,0,0,0,0,0,0,0,0,0,0,0,0,0,0,0,0,0,0,0,1,0,0,0,0,0,0,0,0,0,0,0,0,0,0,0,0,1,0,0,0,0,0,0,0,0,0,0,0,0,0,0,0,0,0,0,0,1,0,0,0,0,0,0,0,0,0,0,0,1,0,0,0,0,0,0,0,0,0,0,0,0,0,0,0,0,0,0,0,0,0,0,0,0,0,0,0,0,0,0,0,0,0,0,0,1,0,0,0,0,0,0,0,0,0,0,0,0,0,0,1,0,0,0,0,0,0,0,0,0,0,0,1,0,0,0,0,0,0,0,0,0,0,0,0,0,0,0,0,0,0,0,0,0,0,0,0,1,0,0,0,0,0,0,0,0,0,0,0,0,0,0,0,0,0,0,0,1,0,0,0,0,0,0,0,0,0,0,0,0,0,0,0,0,0,0,0,0,0,0,1,0,0,0,0,0,0,0,0,0,0,0,0,0,0,0,0,1,0,0,0,0,0,0,0,0,0,0,0,0,0,0,0,0,0,0,0,0,0,0,0,0,0,0,0,1,0,0,0
7.928,4,0.8442877149535029,0.5326868058024677,8.370276554836608e-18,0.5518872872257509,0.7876101664392843,-0.5864464138868276,-0.1349498389366358,0.5468778759199783,0.3781544555600462,-0.8933842420001487,0.1701743978756288,0.4542799175843883,0.0461851155887845,0.8934661850713198,0.2809642842165242,0.453571407419495,0.4153384830345273,0.8902238495600724,0.1206311867689843,0.4440763744080553,0.0160156668131794,-0.9721861413299728,0.0890998577244499,0.4404615410126878,-0.5691770078278825,0.4342681857936969,-0.3842919942491116,0.4217191157198219,0.2499034131683711,-0.4554883110620477,-0.82930834457297,0.4188067811261659,0.5680993932992506,-0.5424007571496204,-0.5984190308915701,0.4098776239459735,-0.1753106333501524,0.8812430212892097,0.0471658950556341,0.398449931961472,-0.667489535112732,-0.3925912726345233,-0.4267388088296432,0.3936719520385458,0.9143832507833252,-0.365800114778009,-0.0192428176254272,0.3845740945516404,0.342459624400776,-0.6898351068435107,0.5935979311364437,0.3736496588006398,0.1960407700990432,-0.4641528739869505,0.8165160372654764,0.3717630114109443,0.3749428102678964,0.8491277845761191,0.1354647955041653,0.3678467940981178,0.9166384704225962,0.3712161936197345,-0.0936824020969622,0.3677595563073157,0.3580937232461588,0.8775325571092448,0.1321810204324925,0.3499735147705202,-0.1114609780660428,0.7296217145854533,0.5234332474834364,0.3397595911938685,0.2872880083424973,-0.9231124911470424,0.0593781009770256,0.3216786324394278,-0.7916185318423254,0.3900740100112331,0.3429785014817738,0.2671325817462617,-0.2923615046767357,-0.279489744224215,-0.8365017053111384,0.261993588843889,-0.4528133245310723,-0.1510715067452891,0.8344779522967061,0.2567153795354734,0.294305319960241,-0.6095228483566546,0.6338453364261607,0.2465716818018853,-0.5879971746854883,0.5639900920451906,0.5050505596016831,0.2319214552669899,1,0,0,0,0,0,0,0,0,0,0,0,0,0,0,0,0,0,0,0,0,0,0,1,0,0,0,0,0,0,0,0,0,0,0,0,0,0,0,0,0,0,0,1,0,0,0,0,0,0,0,0,0,0,0,0,0,0,0,0,0,0,0,0,0,0,0,0,0,0,0,1,0,0,0,0,0,0,0,0,0,0,0,1,0,0,0,0,0,0,0,0,0,0,0,0,0,0,0,0,0,0,0,0,0,0,0,0,1,0,0,0,0,0,0,0,0,0,0,0,0,0,0,0,0,0,0,0,0,0,0,0,0,0,0,0,1,0,0,0,0,0,0,0,0,0,0,0,0,0,0,0,0,0,0,0,1,0,0,0,1,0,0,0,0,0,0,0,0,0,0,0,0,0,0,0,0,0,0,0,0,0,0,0,0,1,0,0,0,0,0,0,0,0,0,0,0,0,0,0,0,0,0,0,0,0,0,0,1,0,0,0,0,0,0,0,0,0,0,0,0,0,0,0,0,0,1,0,0,0,0,0,0,0,0,0,0,0,0,0,0,0,0,1,0,0,0,0,0,0,0,0,0,0,0,0,0,0,0,0,0,0,0,0,0,0,0,0,1,0,0,0,0,0,0,0,0,0,0,0,0,0,0,0,0,0,1,0,0,0,0,0,0,0,0,0,0,0,0,0,0,0,0,0,0,0,0,0,0,0,0,0,0,0,0,0,1,0,0,0,0,0,0,0,0,0,1,0,0,0,0,0,0,0,0,0,0,0,0,0,1,0,0,0,0,0,0,0,0,0,0,0,0,0,0,0,0,0,0,0,0,0,0,0,0,0,0,0,1,0,0,0,0,0,0,0,0,0,0,0,0,0,0,0,0,0,1,0,0,0,0,0,0,0,0,0,0,0,0,0,0,0,0,0,0,1,0,0,0,0,0,0,0,0,0,0,0,0,0,0,0,0,0,0,0,0,0,0,0,0,0,0,0,0,0,0,1,0,0,0,0,0,0,0,0,0,0,0,1,0,0,0,0,0,0,0,0,0,0,0,0,0,0,1,0,0,0,0,0,0,0,0,0,0,0,0,0,0,0,0
8.491,5,0.8221215460497554,-0.5638724210816083,-0.0658101392791015,0.5288878015380345,0.0627756775069358,0.9399495538875392,0.3001951358668048,0.5219222825299663,0.835932702183873,0.5460859340984218,2.107980752833412e-18,0.5128484781249767,0.1297689463575392,-0.9155520090030876,0.2392861742259423,0.4655629491312494,0.4379006946385793,-0.8593636182257083,0.2559792170255099,0.4391596432441268,0.3952682429079119,0.9150010348095392,0.0450036518058677,0.4364891738743733,0.266312920944273,-0.7895186060518518,0.4493143444407926,0.4241324645822182,0.2838058351072807,-0.5754015320173529,-0.7561967441197569,0.4036623307004888,0.6227630903398922,-0.5686944392429687,-0.5296442225211817,0.3983090598526319,0.9259519503371194,-0.3425139042848544,0.1362284341854944,0.3890097120100118,0.1831660512972515,0.76139241048749,-0.5887249594108369,0.3759938742574203,0.2420427268436472,0.8991585011487789,-0.3521169975635519,0.3458072111499974,0.9150759369012524,0.3983336699293184,-0.020501688112193,0.3456752113935863,0.3535644551063229,0.8131688557407821,-0.4124854662776707,0.3068323779291917,0.4148589264548016,0.8702471412064353,0.2521367425984865,0.3001618305754664,0.19627322499266,0.6661501547286995,0.6975885031500815,0.2980848345215749,0.4270927586769847,-0.837690704015914,0.2612464702613059,0.2973914631631351,0.7169848767294835,-0.4687171111148115,-0.5067881379230904,0.2814720897204104,-0.4695899523561593,0.8292709507162617,-0.1010153896732199,0.2813807328200202,-0.0310152825026229,0.9557108787807228,-0.2732448917561091,0.2687275965918047,-0.371293429952462,0.90923081428889,-0.1502152814244376,0.2579303810271181,-0.4678914813961325,0.8524003973384795,-0.0539061292498969,0.2469326900158701,0.7599927714272618,0.1550758988849162,-0.6228431181324688,0.2018875858596921,0.3420242406398662,0.7642085117525286,0.5321162542674893,0.1895696479856085,0,0,0,1,0,0,0,0,0,0,0,0,0,0,0,0,0,0,0,0,0,0,0,0,0,0,1,0,0,0,0,0,0,0,0,0,0,0,0,0,1,0,0,0,0,0,0,0,0,0,0,0,0,0,0,0,0,0,0,0,0,0,0,0,0,0,0,0,1,0,0,0,0,0,0,0,0,0,0,0,0,0,0,1,0,0,0,0,0,0,0,0,0,0,0,0,0,0,0,0,0,0,0,1,0,0,0,0,0,0,0,0,0,0,0,0,0,0,0,0,0,0,0,0,0,0,0,0,1,0,0,0,0,0,0,0,0,0,0,0,0,0,0,0,0,0,0,0,0,0,0,0,0,0,0,0,1,0,0,0,1,0,0,0,0,0,0,0,0,0,0,0,0,0,0,0,0,0,0,0,0,0,0,0,0,0,1,0,0,0,0,0,0,0,0,0,0,0,0,0,0,0,0,0,0,0,0,0,1,0,0,0,0,0,0,0,0,0,0,0,0,0,0,1,0,0,0,0,0,0,0,0,0,0,0,0,0,0,0,0,0,0,0,0,0,0,0,0,0,0,0,0,0,0,0,0,1,0,0,0,0,0,0,0,0,0,0,0,1,0,0,0,0,0,0,0,0,0,0,0,0,0,0,0,0,0,0,0,0,0,0,1,0,0,0,0,0,0,0,0,0,0,0,0,0,0,0,0,0,0,0,0,0,0,0,0,1,0,0,0,0,0,0,1,0,0,0,0,0,0,0,0,0,0,0,0,0,0,0,0,0,0,0,0,0,0,0,0,0,0,0,1,0,0,0,0,0,0,0,0,0,0,0,0,0,0,0,0,1,0,0,0,0,0,0,0,0,0,0,0,0,0,0,1,0,0,0,0,0,0,0,0,0,0,0,0,0,0,0,0,0,0,0,1,0,0,0,0,0,0,0,0,0,0,0,0,0,0,0,0,0,0,0,0,0,0,0,0,1,0,0,0,0,0,0,0,0,0,0,0,0,0,0,0,0,0,0,1,0,0,0,0,0,0,0,0,0,0,0,0,1,0,0,0,0,0,0,0,0,0,0,0,0,0,0,0,0,0,0,0
8.673,6,-0.5207347214464126,-0.3500110161546469,0.5035875651461486,0.5987296274902307,0.7876050472735829,0.6098257066018167,-1.684582490214348e-17,0.5804482387289234,0.7888995517437871,-0.5227932258399018,-0.2297377160702172,0.5466682195650366,-0.0956139031994843,-0.6778631952512281,-0.6686148870753017,0.5194250346278493,-0.0055985873412059,0.8044298179424733,0.4197335332354692,0.4802312005111758,0.341429203409061,-0.7031715849627285,-0.5781845061630075,0.4642688715299466,0.3326354551108537,0.8894134182625855,0.2140275305335162,0.4624839121295889,0.6433722758614197,-0.6906287499842009,0.1785091856634501,0.3954900486601763,0.876978197974419,-0.2395531894685834,-0.2963019386295886,0.3934572119183411,-0.6610318412284132,-0.3264738385186795,0.3902163147141421,0.3846920485156071,0.543942114141166,-0.0403785451366162,0.72769380613418,0.384429976233553,0.845650229689342,0.4902993571098429,-0.1145818235618732,0.3798378249273664,-0.3560724750371956,0.2933110114006036,0.6682838674651866,0.3457600014758488,-0.0781868560237859,0.5964093877292769,-0.658677387490008,0.3388520638177222,-0.6203967975395712,-0.6735868614244421,-0.252686208077345,0.3292175106130562,0.0814581212360314,0.9670361983715996,-0.0822172095174082,0.3236480016616471,0.3977408590899443,0.8070477800003191,0.3848666229832656,0.315154333807403,-0.5236348247504591,0.6030547423574664,-0.23180821649242,0.3112231824466841,-0.7713583010573887,-0.5046869505365762,-0.1312055061918453,0.3023056295853813,-0.6045266867679744,0.4767350562458617,-0.1316932461344067,0.3022903578129755,-0.2487607698214547,0.8206185718588755,-0.359695588038698,0.272562276663726,0.38137895844274,-0.7854846838161985,0.3524425801769127,0.2710792393362977,0.4021643971318599,-0.8222449178096009,0.3180132801218817,0.2677277772232133,0.2993110146880308,-0.6206445269594546,-0.720723017302521,0.257000582515633,0,0,0,0,0,0,0,0,0,0,0,0,0,0,0,0,1,0,0,0,1,0,0,0,0,0,0,0,0,0,0,0,0,0,0,0,0,0,0,0,0,0,0,1,0,0,0,0,0,0,0,0,0,0,0,0,0,0,0,0,0,0,0,0,0,0,0,0,0,0,0,0,0,0,0,0,1,0,0,0,0,0,0,0,0,0,1,0,0,0,0,0,0,0,0,0,0,0,0,0,1,0,0,0,0,0,0,0,0,0,0,0,0,0,0,0,0,0,0,0,0,0,0,1,0,0,0,0,0,0,0,0,0,0,0,0,0,0,0,0,0,0,0,1,0,0,0,0,0,0,0,0,0,0,0,0,0,0,0,0,0,0,0,0,0,0,1,0,0,0,0,0,0,0,0,0,0,0,0,0,1,0,0,0,0,0,0,0,0,0,0,0,0,0,0,0,0,0,0,0,0,0,0,0,0,0,0,1,0,0,0,0,0,0,0,0,0,0,0,0,0,0,0,0,0,0,0,0,0,0,0,0,0,0,0,0,1,0,0,0,0,0,0,0,0,0,1,0,0,0,0,0,0,0,0,0,0,0,0,0,0,0,0,0,0,0,0,0,1,0,0,0,0,0,0,0,0,0,0,0,0,0,0,0,0,1,0,0,0,0,0,0,0,0,0,0,0,0,0,0,0,0,0,1,0,0,0,0,0,0,0,0,0,0,0,0,0,0,0,0,0,0,0,0,0,0,0,0,0,0,0,1,0,0,0,0,0,0,0,0,0,0,0,1,0,0,0,0,0,0,0,0,0,0,0,0,0,0,0,0,0,0,0,0,0,0,0,0,0,0,0,1,0,0,0,0,0,0,0,0,0,0,0,0,0,0,0,0,1,0,0,0,0,0,0,0,0,0,0,0,0,0,0,1,0,0,0,0,0,0,0,0,0,0,0,0,0,0,0,0,0,0,0,0,0,0,0,0,1,0,0,0,0,0,0,0,0,0,0,0,0,0,0,0,0,0,0,0,1,0,0,0,0,0,0,0,0,0,0,0,0,0,0,0,0,0,0,0,0,0,0,1,0,0,0,0,0,0,0,0
9.427,7,-0.5165029760766479,0.2030584354629314,-0.6336588718682554,0.6101147105027664,0.7590638853057874,-0.597955331180718,0.1801363552052841,0.5623543336212711,0.8766311955062884,0.4729667731674388,-3.506419658109411e-17,0.5557807938797478,0.0984344304990493,0.9351554836929342,-0.1192034639519162,0.4805350247229935,0.2993146580019792,-0.7614441562340538,0.5609610997495467,0.46759253003889,0.4932846709226342,0.8294141424734954,-0.1962780050625075,0.4400804451589081,-0.1038713659970428,-0.8192999325051986,0.4371534193896532,0.4373430031869585,0.229748380462432,-0.5588025243895145,0.7254546758628642,0.4356498115689187,0.2728659022658438,-0.720190026745603,-0.5462487860166554,0.4226283754159231,0.5670860397885555,-0.7297496945429971,-0.2661475689911405,0.4145243456169766,-0.3666431443040602,-0.6908316211215781,0.3842288063784037,0.3930504622746126,0.8525588505359278,-0.3726388900541283,0.2392585432302313,0.3897155946539467,-0.5894063391416016,0.1117879457235137,-0.6440397634432977,0.3817086146619055,0.9076234180894046,0.3337189009787634,0.1791171860263168,0.3762847969193282,0.4337487567467309,0.6827116657398455,-0.5635462101468554,0.3467022438100676,-0.2494699388133201,-0.7923119975309264,0.2751437931450727,0.3359340679011939,-0.2626722149875746,-0.7493115806268749,0.3645879098684466,0.3099691671979922,-0.252746552033991,-0.4514298036406491,-0.7469166921770264,0.2366526015212832,-0.8531122820452476,0.2756430195181152,-0.0222377846245577,0.229367019807676,0.3743429175206016,0.5501266616760269,-0.6961932744363777,0.2232285870829088,0.1841600775322197,-0.7015677346534045,0.563088684855518,0.2144684185007114,-0.5484922481670435,0.6258751603460404,-0.3944830314583565,0.2141247888527193,-0.8279244944849388,0.4484432562600847,0.1141453472552781,0.2099216899091975,0.2983177297848596,0.4321046370082418,-0.8297276542063784,0.1962308696251864,0,0,0,0,0,0,0,0,0,0,0,0,0,0,0,0,1,0,0,0,0,0,0,1,0,0,0,0,0,0,0,0,0,0,0,0,0,0,0,0,1,0,0,0,0,0,0,0,0,0,0,0,0,0,0,0,0,0,0,0,0,0,0,0,0,0,1,0,0,0,0,0,0,0,0,0,0,0,0,0,0,0,0,1,0,0,0,0,0,0,0,0,0,0,0,0,0,0,0,0,0,0,0,1,0,0,0,0,0,0,0,0,0,0,0,0,0,0,0,0,0,0,0,1,0,0,0,0,0,0,0,0,0,0,0,0,0,0,0,0,0,0,0,0,0,0,0,0,1,0,0,0,0,0,0,0,0,0,0,0,0,0,0,0,0,0,0,0,0,0,0,0,0,0,0,0,1,0,0,0,1,0,0,0,0,0,0,0,0,0,0,0,0,0,0,0,0,0,0,0,0,0,0,0,0,0,0,0,1,0,0,0,0,0,0,0,0,0,0,0,0,0,0,0,0,0,1,0,0,0,0,0,0,0,0,0,0,0,0,0,1,0,0,0,0,0,0,0,0,0,0,0,0,0,0,0,0,0,0,0,0,0,0,0,0,0,0,0,0,0,0,0,0,0,0,0,1,0,0,0,0,0,0,1,0,0,0,0,0,0,0,0,0,0,0,0,0,0,0,0,0,0,0,0,0,0,0,0,1,0,0,0,0,0,0,0,0,0,0,0,0,0,0,0,0,0,0,0,1,0,0,0,0,0,0,0,0,0,0,0,0,0,0,0,0,1,0,0,0,0,0,0,0,0,0,0,0,0,0,0,1,0,0,0,0,0,0,0,0,0,0,0,0,0,0,0,0,0,0,0,0,0,0,0,0,0,0,0,1,0,0,0,0,0,0,0,0,0,0,0,0,0,0,1,0,0,0,0,0,0,0,0,0,0,0,0,0,0,0,0,0,0,0,0,0,0,1,0,0,0,0,0,0,0,0,0,0,0,0,0,0,0,0,0,0,0,0,0,0,0,0,1,0,0,0,0,0,0,0,0,0,0,0,0,0,0,0,0,1,0,0,0,0,0,0,0,0,0,0,0
8.961,8,0.7287388938313677,-0.5399819563021212,-0.4156553781191892,0.5777630463553035,0.8499315653078753,0.5236297085093994,1.6974845541260897e-17,0.5610174823462974,-0.3567019800491328,-0.1055300823328373,0.9139445644706182,0.5463611271735512,0.3047740475135161,0.6264639890392486,0.7113476257532139,0.471213375542954,0.335773457547503,-0.9273743761685852,-0.1340837150078223,0.46504412798617,-0.02242972091787,-0.1853213136025404,-0.9792338694142468,0.4621299197158198,0.4013441112317767,-0.3208745369647081,-0.8550893583165191,0.4468055546772458,0.143412837029534,-0.9287685005347944,-0.0049112300868408,0.4319751395071649,0.5045659083631291,0.7787850819480948,0.367947715536903,0.4312169680800368,0.1391597705907503,-0.9229333566207548,-0.0644237009898758,0.4197107878622758,0.8654378573284823,-0.4311660644898896,-0.2421820073314688,0.3900360281817749,0.8808212971193436,0.4081131691382452,-0.2223390215269159,0.3777375312582477,-0.5463573238135508,-0.1385239335872823,0.8067589467010127,0.3669939752937341,-0.9014854258240752,-0.3410673537142995,0.1874963652394038,0.3616703499800743,0.3075380198454218,-0.9000404617157542,-0.106204759356105,0.3610979779675857,0.1646253849328966,0.974039926505385,0.1075579399182743,0.3606374417426161,-0.2008890150452752,0.961813908725232,-0.0462080020024689,0.3591179132409811,-0.4196510620591925,0.8514092087107623,-0.1350744042401769,0.3475593678310241,-0.3294372415727789,0.8440804497142564,-0.1225831920032063,0.3460884103194577,-0.9836448737653672,-0.0362853284849699,0.022656810634242,0.3343156031415796,-0.7681148262356605,-0.292223144199016,-0.5523248822729291,0.3196023935161659,-0.7476730797289844,-0.3432206559931182,0.5325479246364082,0.3127641228457323,-0.9181457790690568,-0.0012950746432066,-0.366784472744697,0.3125019487352182,-0.6268803571155553,-0.1740105274009959,-0.7438049196518259,0.3107114006523366,0,0,0,1,0,0,0,0,0,0,0,0,0,0,0,0,0,0,0,0,1,0,0,0,0,0,0,0,0,0,0,0,0,0,0,0,0,0,0,0,0,0,0,0,0,0,0,0,0,0,0,0,0,0,0,0,1,0,0,0,0,0,0,0,0,0,1,0,0,0,0,0,0,0,0,0,0,0,0,0,0,0,0,1,0,0,0,0,0,0,0,0,0,0,0,0,0,0,0,0,0,0,0,0,0,0,0,0,0,0,0,0,0,0,0,0,1,0,0,0,1,0,0,0,0,0,0,0,0,0,0,0,0,0,0,0,0,0,0,0,0,0,0,0,0,0,0,0,1,0,0,0,0,0,0,0,0,0,0,0,0,0,0,1,0,0,0,0,0,0,0,0,0,0,0,0,0,0,0,0,0,0,0,0,0,0,0,0,1,0,0,0,0,0,0,0,0,0,0,0,0,0,0,0,0,0,1,0,0,0,0,0,0,0,0,0,0,0,0,0,0,0,0,0,0,0,0,0,0,0,0,0,0,0,0,0,1,0,0,0,1,0,0,0,0,0,0,0,0,0,0,0,0,0,0,0,0,0,0,0,0,0,0,0,0,0,0,0,0,0,0,1,0,0,0,0,0,0,0,0,0,0,0,0,0,0,0,0,1,0,0,0,0,0,0,0,0,0,0,0,0,0,0,1,0,0,0,0,0,0,0,0,0,0,0,0,0,0,0,0,0,0,0,1,0,0,0,0,0,0,0,0,0,0,0,0,0,0,0,0,0,0,0,0,0,0,0,0,1,0,0,0,0,0,0,0,0,0,0,0,0,0,0,0,0,0,0,0,1,0,0,0,0,0,0,0,0,0,0,0,1,0,0,0,0,0,0,0,0,0,0,0,0,0,0,0,0,0,0,0,0,0,0,0,0,0,0,0,0,0,0,1,0,0,0,0,0,0,0,0,0,0,0,1,0,0,0,0,0,0,0,0,0,0,0,0,0,0,0,0,0,0,0,1,0,0,0,0,0,0,0,0,0,0,0,0,0,0,0,0,0,0,0,0,0,1,0,0,0,0,0,0,0,0,0,0,0,0,0,0
9.132,9,-0.7252273160883902,0.1276940746343098,-0.4040044810797504,0.5903691252506471,0.8259607924786264,0.5594391482984175,-3.0688934809682204e-17,0.5538589031424456,0.8006447336052821,-0.5695349967710717,0.0573561766312699,0.5410144923418734,-0.6025371540069034,0.4697200986271875,0.4190405551955211,0.5070750344581303,0.3368325212036655,-0.1526597455962696,-0.8886075574443041,0.491705387202526,-0.0056931165831297,0.9350042289023652,-0.008969764653567,0.490525903130176,0.4188029938831589,-0.7573364494989822,0.4539954498672317,0.4397306934626055,0.3924378794884299,0.9007646506858092,-0.0324926921657943,0.4380343760748365,0.3215374532753836,-0.5401914813849868,-0.7425679183302032,0.437070927253289,-0.2321826459428929,-0.7986054083879277,0.263214392856138,0.4227248548147475,-0.2250436184238473,-0.6884744803490239,0.5247033483820407,0.4196344675863772,-0.0439678031950245,-0.8525394422558362,0.4717255242474319,0.4134853393430306,0.5680905361374561,-0.6918454616770505,-0.394114590476993,0.4128124766326751,-0.8456909840635491,0.0417642555204937,-0.2202944856555984,0.3932285432893954,0.8977454808724783,-0.3750707851857132,0.0996416161873016,0.370106622295255,0.907640190670254,0.3909323975237134,0.0219892053187161,0.3700406048189965,0.3644499127395708,-0.4940516198467005,0.6542257901525285,0.3624145601647596,-0.7083903536196526,0.402929170749236,0.3321768240973582,0.3482198016865535,-0.859146209999641,0.1633848779612912,0.0766602577580821,0.3287677754294157,0.3373097757465662,0.8419876765121174,-0.3686587718647116,0.3260701538523867,0.3606373298257186,-0.7783351822685897,0.4168291231411481,0.3088730871757618,0.3434807680107018,-0.1675000594258092,0.7929442173453465,0.2557785201042911,0.3406482707889721,0.9064390318345472,0.198184384335537,0.2517920947491205,-0.0359244460858062,0.7635815795005786,0.6164508298758011,0.2486890681348473,0,0,0,0,0,0,0,0,0,0,0,0,0,0,0,0,1,0,0,0,1,0,0,0,0,0,0,0,0,0,0,0,0,0,0,0,0,0,0,0,0,0,0,1,0,0,0,0,0,0,0,0,0,0,0,0,0,0,0,0,0,0,0,0,0,0,1,0,0,0,0,0,0,0,0,0,0,0,0,0,0,0,0,0,0,1,0,0,0,0,0,0,0,0,0,0,0,0,0,0,0,0,0,0,0,0,1,0,0,0,0,0,0,0,0,0,0,0,0,0,0,0,0,1,0,0,0,0,0,0,0,0,0,0,0,0,0,0,0,0,0,0,0,1,0,0,0,0,0,0,0,0,0,0,0,0,0,0,0,0,0,0,0,0,0,0,0,0,0,0,0,1,0,0,0,0,0,0,0,0,0,0,0,0,0,0,0,0,1,0,0,0,0,0,0,0,0,0,0,0,0,0,0,0,0,0,0,0,1,0,0,0,0,0,0,0,0,0,0,0,0,0,0,1,0,0,0,0,0,0,0,0,0,0,0,0,0,0,0,0,1,0,0,0,0,0,0,0,0,0,0,0,0,0,0,0,0,0,0,0,1,0,0,0,0,0,0,0,0,0,0,0,0,0,0,0,0,0,0,0,0,0,0,0,0,0,1,0,0,0,0,0,0,0,0,0,0,0,0,0,0,0,0,0,0,0,0,0,0,0,0,0,0,0,0,0,1,0,0,0,0,0,0,1,0,0,0,0,0,0,0,0,0,0,0,0,0,0,0,0,0,0,0,1,0,0,0,0,0,0,0,0,0,0,0,0,0,0,0,0,0,0,0,0,0,0,0,0,0,0,0,1,0,0,0,0,0,0,0,0,0,0,0,1,0,0,0,0,0,0,0,0,0,0,0,0,0,0,0,0,0,0,0,0,0,0,0,0,1,0,0,0,0,0,0,0,0,0,0,0,0,0,0,0,0,0,0,0,1,0,0,0,0,0,0,0,0,0,0,0,0,0,0,0,0,0,0,0,0,0,0,1,0,0,0,0,0,0,0,0,0,0,0,0,0,0,0,0,0,0,0,0,0,0,0,0,1,0,0,0
7.921,10,0.744894820972938,-0.5387736087740349,-0.3690177084891284,0.5688495384594496,0.846447703611768,0.5275397087990701,1.110417762906993e-17,0.5528319575469507,-0.2805812132044237,-0.8698236236680021,-0.3674831091848707,0.5359393013691266,-0.0046659275345966,0.8079957571771115,0.5130517822382169,0.5141139362050832,0.1664636169435855,-0.773328952693935,-0.5904160188340882,0.5074514789020164,-0.0268859378057135,0.4877295640427663,0.814336615924371,0.491705387202526,0.4633462295821135,0.8289095015961305,0.2871292334642166,0.4389572363726034,0.7869040057583552,-0.2507618519845272,-0.5378896399441725,0.4111936782869155,-0.2218225906108587,-0.1615060974537167,0.866757346934485,0.408732797822793,-0.381875090976388,0.8070694716988284,0.2748120841689362,0.4077029739725538,0.7291596526264292,-0.6582589756875208,0.0175655788763616,0.3773074046105933,0.8740689033953363,0.4170262074073571,-0.2024999444866445,0.3735722570000797,-0.3425981144655862,0.4887399803307836,-0.7137408963466723,0.3672521179374573,0.3779900417435059,0.911352936278546,0.0200217377002514,0.3471394025848266,0.136915718923324,-0.6290334205485848,-0.7320873391509488,0.3421460165111127,-0.6575782565256202,0.5331661986797224,0.3658739121277705,0.3280113830036039,-0.871747562302585,0.2985337689344706,0.1059593540601864,0.3278637427170917,-0.3142719795572957,0.882181643535896,0.029286401747663,0.3057271115933645,-0.6470472363141252,0.363826386150236,0.5473051287897758,0.2906080652868397,0.7746212107537677,-0.49069712418243,0.2642368730167305,0.2833533690997492,-0.9222282969508389,0.0875756276275563,0.134191547907843,0.2791185163467762,0.5385275062802506,0.6779952601409245,0.4918108234693099,0.2749239745652539,0.7450249820655994,-0.3606504045946391,0.3798304583297999,0.2332293958505502,0.659302743177384,-0.6301419284902642,0.0823809498297074,0.2057259313469669,0,0,0,1,0,0,0,0,0,0,0,0,0,0,0,0,0,0,0,0,1,0,0,0,0,0,0,0,0,0,0,0,0,0,0,0,0,0,0,0,0,0,0,0,0,0,0,0,0,0,0,0,0,0,0,0,1,0,0,0,0,0,0,0,0,0,0,0,0,0,0,1,0,0,0,0,0,0,0,0,1,0,0,0,0,0,0,0,0,0,0,0,0,0,0,0,0,0,0,0,0,0,0,0,0,1,0,0,0,0,0,0,0,0,0,0,0,0,0,0,0,0,0,1,0,0,0,0,0,0,0,0,0,0,0,0,0,0,0,0,0,0,0,0,0,0,1,0,0,0,0,0,0,0,0,0,0,0,0,0,0,0,0,0,0,0,0,0,0,0,0,0,0,0,0,0,1,0,0,0,1,0,0,0,0,0,0,0,0,0,0,0,0,0,0,0,0,0,0,0,0,0,0,1,0,0,0,0,0,0,0,0,0,0,0,0,0,0,0,0,0,0,0,0,0,0,0,0,0,0,0,0,0,0,0,0,1,0,0,0,0,0,0,0,0,0,1,0,0,0,0,0,0,0,0,0,0,0,0,0,0,0,0,0,0,0,1,0,0,0,0,0,0,0,0,0,0,0,0,0,0,0,0,0,0,0,0,0,0,0,0,1,0,0,0,0,0,0,0,0,0,0,0,1,0,0,0,0,0,0,0,0,0,0,0,0,0,0,0,0,0,0,0,1,0,0,0,0,0,0,0,0,0,0,0,0,0,0,0,0,0,0,0,0,0,0,0,0,0,0,0,0,0,0,0,0,1,0,0,0,0,0,0,0,0,0,1,0,0,0,0,0,0,0,0,0,0,0,0,0,0,0,0,1,0,0,0,0,0,0,0,0,0,0,0,0,0,0,0,0,0,0,0,0,0,0,0,0,1,0,0,0,0,0,0,0,0,0,0,0,0,0,0,1,0,0,0,0,0,0,0,0,0,0,0,0,0,0,0,0,0,0,0,0,0,0,0,0,1,0,0,0,0,0,0,0,0,0,0,0,0,0,0,0,0,0,0,0,1,0,0,0,0,0,0,0,0,0,0,0
8.527,12,0.7962788573471093,0.6034685198557596,1.7972618137149348e-17,0.6042078867381028,0.7544951376234141,-0.4993787386822101,-0.4230797507325447,0.5639447500203009,0.1767061680710211,-0.7811735880691959,-0.5947897722640587,0.5060952992681022,-0.1882137492871962,-0.9362378902719564,-0.2708001280619837,0.5041809816411142,-0.49595388401985,-0.0452888001806722,0.816294740155103,0.5029333140751038,0.3599697728000257,0.8604154870739608,0.3566882985937729,0.4652680487656708,0.1898182777844931,0.6612425461653031,0.7190970322316302,0.4521976186119761,0.7440073871296964,-0.1825353009123195,-0.6383134539839123,0.4213091969248266,-0.2560780820539861,0.921416692437878,-0.1042513073088277,0.4082573293331465,-0.0450716595001679,0.9938301733379058,0.0614957586252345,0.3965907191517228,0.8360007317934883,0.4975811352778141,-0.2240013451014067,0.3934463148968014,-0.4097488723207109,-0.7456071149996839,0.4596004516408745,0.3918463805719487,-0.2495905960504836,0.9293451129974076,-0.0170515976637984,0.3697692193217972,0.786343786656576,-0.6090133945629371,-0.0620714365479435,0.3660034208957899,-0.3428777571399329,-0.1408596411179477,0.9001984269464611,0.3485115407321026,0.0711528340337247,-0.5955857613376099,-0.7971897699037228,0.3465240326859992,0.77117666147305,-0.5747278802213266,0.1326273051759049,0.3331609204279392,0.8175342171578901,-0.4861841417279621,0.0885589926194288,0.3302124210124835,0.236771468954229,-0.3821222374912375,-0.8891075166361808,0.3029040331602836,0.4643930455547653,0.8141263927570949,0.3449976690148612,0.3007383186493013,-0.8178510730424485,-0.0921986078335542,-0.5442291102931809,0.287773395749982,-0.2824283665846073,-0.7013317690983397,0.6267500491521265,0.2795750567217615,-0.8719307293581753,0.0604519570808414,-0.4447949655144625,0.2602050608236979,-0.2213889100692442,-0.4346503817022613,0.8579223732579364,0.2430015736676819,1,0,0,0,0,0,0,0,0,0,0,0,0,0,0,0,0,0,0,0,0,0,0,1,0,0,0,0,0,0,0,0,0,0,0,0,0,0,0,0,1,0,0,0,0,0,0,0,0,0,0,0,0,0,0,0,0,0,0,0,0,0,0,0,0,0,0,0,0,0,0,0,0,0,0,0,1,0,0,0,0,0,0,0,0,0,0,0,0,0,0,0,0,0,0,0,1,0,0,0,0,0,0,1,0,0,0,0,0,0,0,0,0,0,0,0,0,0,0,0,0,0,0,0,0,0,1,0,0,0,0,0,0,0,0,0,0,0,0,0,0,0,0,0,0,0,1,0,0,0,0,0,0,0,0,0,0,0,0,0,0,0,0,0,0,0,0,0,1,0,0,0,0,0,0,0,0,0,0,0,0,0,0,1,0,0,0,0,0,0,0,0,0,0,0,0,0,0,0,0,0,0,0,0,0,0,0,0,0,0,0,0,0,0,0,0,1,0,0,0,0,0,0,0,0,1,0,0,0,0,0,0,0,0,0,0,0,0,0,0,0,0,0,0,0,0,0,0,1,0,0,0,0,0,0,0,0,0,0,0,0,0,0,1,0,0,0,0,0,0,0,0,0,0,0,0,0,0,0,0,1,0,0,0,0,0,0,0,0,0,0,0,0,0,0,0,0,0,0,0,0,0,0,0,0,0,0,0,0,0,0,1,0,0,0,0,0,0,0,0,0,0,0,0,0,0,0,0,1,0,0,0,0,0,0,0,0,0,0,0,0,0,0,0,0,0,0,0,1,0,0,0,0,0,0,0,0,0,0,0,0,0,0,0,0,1,0,0,0,0,0,0,0,0,0,0,0,0,0,0,0,0,0,0,0,0,0,0,0,0,0,1,0,0,0,0,0,0,0,0,0,0,0,0,0,0,0,0,0,0,0,1,0,0,0,0,0,0,0,0,0,0,0,0,0,0,0,0,0,0,0,1,0,0,0,0,0,0,0,0,0,0,0,0,0,1,0,0,0,0,0,0,0,0,0,0,0,0,0,0,0,0,0,1,0,0,0,0,0,0,0,0,0,0,0,0,0,0,0,0
7.273,13,0.7994716901966848,-0.5987671863851306,0.0214101200395058,0.5398746905597269,0.8412581038369831,0.5402458673706152,9.969980108546229e-18,0.5387272970770401,-0.0141612088790319,0.992294676964741,-0.0255307816585888,0.5184540818726872,0.388030667007705,-0.8335267293642827,0.3897975100623771,0.4511379551594486,0.4077309438627193,0.90909311463642,-0.0647884423201444,0.4345921800297948,0.5960213858197523,-0.6636600334634544,-0.4445407041678952,0.4031091855102325,0.2427030363824173,-0.7211435578954468,-0.6378566840712357,0.3992905837300137,0.1610434460895342,-0.9133400150191228,0.2970639274556656,0.3956482668233004,0.1627103917083962,-0.9009204453823652,0.3239377726047757,0.3942146540391252,0.8899779393905399,-0.4151441500535197,0.1618367948033969,0.3766403024074765,0.3513472860715891,-0.5420090755395555,0.7595357075436817,0.3691455833463159,0.9277568846293188,0.3637236108242806,0.0693423306715422,0.3617453835146776,-0.3121796459516391,0.5808288285666271,-0.7381436700670011,0.348134570061985,-0.0116315998059036,0.4878350860028141,-0.8638562883105481,0.3449484169209513,0.16034854235917,-0.4780275515102229,0.8280878518792445,0.3440296009407529,0.1589915151120238,-0.4683402964539556,0.8542493345960803,0.3393117705064167,0.3352397290045931,0.5868389210938743,-0.7319986112471426,0.3288082995580436,0.3801119764216618,0.8264496731583633,-0.4115843081762492,0.3193241063883892,0.3801096058941807,0.8951569861369775,0.2237326015859219,0.3108877903145063,0.5443244683601534,0.7293364944429599,0.406140071195003,0.3029040331602836,0.6191118551346253,-0.3543004553766707,0.6959604103818402,0.2903325499217788,-0.0566741287617344,0.1943801811023861,-0.969548433297574,0.2877674396086493,0.6968553530653115,-0.5553600473894901,-0.4449114214111999,0.2810876022128823,-0.110441232404026,0.9487889921616366,0.2684857300198909,0.2165619514122502,0,0,0,1,0,0,0,0,0,0,0,0,0,0,0,0,0,0,0,0,1,0,0,0,0,0,0,0,0,0,0,0,0,0,0,0,0,0,0,0,0,0,0,0,0,0,1,0,0,0,0,0,0,0,0,0,0,0,0,0,0,0,0,1,0,0,0,0,0,0,0,0,0,0,0,0,0,0,0,0,0,0,0,1,0,0,0,0,0,0,0,0,0,0,0,0,0,0,0,0,1,0,0,0,0,0,0,0,0,0,0,0,0,0,0,0,0,0,0,0,0,0,0,0,0,0,0,0,0,0,0,0,0,0,0,0,1,0,0,0,0,0,0,0,0,0,0,0,1,0,0,0,0,0,0,0,0,0,0,0,0,0,0,0,0,0,0,0,1,0,0,0,0,0,0,0,0,0,0,0,0,0,0,0,0,0,1,0,0,0,0,0,0,0,0,0,0,0,0,0,0,0,0,1,0,0,0,0,0,0,0,0,0,0,0,0,0,0,0,0,0,0,0,0,0,0,0,0,0,0,0,0,0,0,0,0,1,0,0,0,0,0,0,0,0,0,0,1,0,0,0,0,0,0,0,0,0,0,0,0,0,1,0,0,0,0,0,0,0,0,0,0,0,0,0,0,0,0,0,0,0,0,0,0,0,0,0,0,1,0,0,0,0,0,0,0,0,0,0,0,0,0,0,0,0,0,0,0,1,0,0,0,0,0,0,0,0,0,0,0,0,1,0,0,0,0,0,0,0,0,0,0,0,0,0,0,0,0,0,0,0,0,0,1,0,0,0,0,0,0,0,0,0,0,0,0,0,0,0,0,0,0,0,0,0,0,0,0,0,0,0,1,0,0,0,0,0,0,0,0,0,0,0,0,0,1,0,0,0,0,0,0,0,0,0,0,0,0,0,0,1,0,0,0,0,0,0,0,0,0,0,0,0,0,0,0,0,0,0,0,0,1,0,0,0,0,0,0,0,0,0,0,0,0,0,0,0,0,0,0,0,0,0,0,0,0,0,0,0,0,0,1,0,0,0,0,0,0,0,0,0,0,0,0,0,0,0,0,0,0,0,0,0,0,0,0,1,0,0,0
9.342,15,0.7495641574381912,-0.5779622824343081,0.1518597462138931,0.5670519400483334,-0.4840250250182366,0.2924772793666467,-0.3574110950137249,0.5493252518954941,0.8478497363582669,0.5203401939971941,-9.807872909316092e-18,0.539872075269044,0.2748205327194504,-0.7642710315302121,0.5037430672866258,0.4805594166712052,0.1193628650855999,0.8747005810128254,-0.094411053095653,0.4713809865788944,-0.0823757880546293,-0.8801521354617255,0.3670834947905643,0.4525425588918262,0.478380888198024,0.8288460865752381,-0.1369722454027744,0.4261112380229684,0.5123342796801399,-0.2652118442494591,-0.6813456739662362,0.423550447750529,0.5668096069960271,-0.6871099393351833,-0.2773954271904184,0.4111674126874155,0.4158381569931757,-0.5544893418410352,-0.5938180734655039,0.4092466819384451,0.1732516670942608,-0.4000346607302988,0.8118950187297281,0.4067538539448713,-0.6313521189515141,0.0847190940607513,-0.4463884249013181,0.3853975160264237,0.8383348121735169,-0.379455414997224,0.1973557890113766,0.3824978231623376,-0.6643992840311249,0.2563190003946535,0.1503495625216465,0.3716934191932169,0.8921943758647188,0.3842467914796813,0.0882848188252943,0.3664576177046568,-0.6726292231915231,0.0510532854311064,0.3431259412685571,0.3604490318257934,0.2600417151900228,-0.7957419259972338,0.4211855465807715,0.3436088124591171,-0.1160776977168938,-0.3227902501920734,0.8429640176216223,0.328128493087824,-0.7555282204443013,-0.1937344137711702,-0.3052927845032634,0.308771564339041,-0.1047856206558384,-0.2014298851923907,0.925575863049264,0.3042934976050223,0.4608279383660441,0.7509340588584179,-0.391919035094866,0.2853279386055312,0.3742044699993436,-0.1366740467516406,0.8617398299399619,0.2575201051699518,0.5092329997664478,-0.7263205011538513,-0.2587963974695366,0.2376377073395973,0.3358170283899024,0.9283907051344598,-0.034972471130214,0.2164287370448287,0,0,0,1,0,0,0,0,0,0,0,0,0,0,0,0,0,0,0,0,0,0,0,0,0,0,0,0,0,0,0,0,0,0,0,0,1,0,0,0,1,0,0,0,0,0,0,0,0,0,0,0,0,0,0,0,0,0,0,0,0,0,0,1,0,0,0,0,0,0,0,0,0,0,0,0,0,0,0,0,0,0,0,0,0,0,1,0,0,0,0,0,0,0,0,0,0,0,0,0,0,0,0,0,0,0,0,0,1,0,0,0,0,0,0,0,0,0,0,0,0,0,0,1,0,0,0,0,0,0,0,0,0,0,0,0,0,0,0,0,0,0,0,0,0,1,0,0,0,0,0,0,0,0,0,0,0,0,0,0,1,0,0,0,0,0,0,0,0,0,0,0,0,0,0,0,0,0,0,0,0,0,0,0,0,0,0,0,0,0,0,1,0,0,0,0,0,0,0,0,0,0,0,1,0,0,0,0,0,0,0,0,0,0,0,0,0,0,0,0,1,0,0,0,0,0,0,0,0,0,0,0,0,0,0,0,0,0,0,0,0,0,0,0,0,0,1,0,0,0,0,0,0,0,0,0,0,0,0,0,0,0,0,0,0,0,0,0,0,0,0,0,0,0,0,0,0,1,0,0,0,0,0,0,0,0,0,0,0,0,0,0,0,0,0,0,1,0,0,0,0,0,0,0,0,0,0,0,0,1,0,0,0,0,0,0,0,0,0,0,0,0,0,0,0,0,0,0,1,0,0,0,0,0,0,0,0,0,0,0,0,0,0,0,0,0,0,0,1,0,0,0,0,0,0,0,0,0,0,0,0,0,0,0,0,0,0,0,0,0,0,0,0,0,0,0,1,0,0,0,0,0,0,0,0,0,0,0,1,0,0,0,0,0,0,0,0,0,0,0,0,0,0,1,0,0,0,0,0,0,0,0,0,0,0,0,0,0,0,0,1,0,0,0,0,0,0,0,0,0,0,0,0,0,0,0,0,0,0,0,0,0,0,0,0,0,0,0,0,0,0,0,0,0,0,0,1,0,0,0,0,0,0,0,0,0,0,0,0,0,0,1,0,0,0,0,0,0,0,0
7.124,16,0.8134980971289195,0.5753069976784884,5.791301878712949e-18,0.6116602761865894,0.7315823087446672,-0.5384289618879525,-0.3403212823303633,0.576317428308925,-0.1202710873408146,-0.9493453793557194,-0.0945778020326652,0.5257936188738861,0.223939032538414,-0.8982299447458146,-0.3629016476788603,0.4971752062718101,0.0481223609344945,0.6617479504221396,0.5319833038514119,0.4849125464279091,0.4179784214755908,0.826905650595452,0.3042947776944533,0.4587978001375935,0.6260179612810223,-0.2717071226474755,-0.6274804871273167,0.4535317501868605,0.1148211577967252,0.4415466719321862,0.681203943281362,0.4235504477505291,0.7928682468510779,0.4981575214842957,-0.2563548992584784,0.4116489116644845,-0.3096339868333835,0.6243824960476384,0.3829511867669294,0.3913689347974924,0.2728874247881491,0.9270653195374526,0.046909996483844,0.3848837058288148,0.7646646438483099,-0.5211463907726529,-0.0334990554518404,0.3681030255876772,0.1606087218971072,-0.857552983574444,-0.4614353523875205,0.334773650131996,-0.7384003083638735,-0.1804377609212611,0.2960903064808896,0.3229583546055855,0.4995910486287785,0.7265225570174757,0.4330958196108028,0.3161297572782602,-0.6684315824510522,0.0513766104151052,0.2785474286813583,0.3106715378414907,-0.4838259696156838,0.3319875837373926,0.4515027466960637,0.3094784140365552,-0.3783431089959544,0.7244350917040169,0.2185162849620945,0.3089192519873552,-0.800824675644169,0.0496634276630193,0.2242555367654532,0.3047672409141135,0.5714686121509527,0.5459751848526239,0.513466431898991,0.3015041174351637,0.7129884819579784,-0.4197793448288381,0.1286445335731505,0.2683435443469684,0.6628114119715416,-0.4670172404668776,0.1156837144264388,0.2562085525645033,0.184801631788949,-0.6733415903497156,-0.7082154725187065,0.2411205828533812,-0.0053751105080665,-0.0650122441634738,0.8381338197675446,0.2383085129278061,1,0,0,0,0,0,0,0,0,0,0,0,0,0,0,0,0,0,0,0,0,0,0,1,0,0,0,0,0,0,0,0,0,0,0,0,0,0,0,0,0,0,0,0,0,0,0,0,0,0,0,0,0,0,0,0,1,0,0,0,1,0,0,0,0,0,0,0,0,0,0,0,0,0,0,0,0,0,0,0,0,0,0,0,0,0,0,0,0,0,0,1,0,0,0,0,0,0,0,0,0,0,0,1,0,0,0,0,0,0,0,0,0,0,0,0,0,0,0,0,0,0,0,0,0,0,1,0,0,0,0,0,0,0,0,0,0,0,0,0,0,0,0,0,0,1,0,0,0,0,0,0,0,0,0,0,0,0,0,0,0,0,0,0,0,0,0,0,0,0,0,0,0,0,0,0,1,0,0,0,1,0,0,0,0,0,0,0,0,0,0,0,0,0,0,0,0,0,0,0,0,0,0,0,0,0,1,0,0,0,0,0,0,0,0,0,0,0,0,0,0,0,0,1,0,0,0,0,0,0,0,0,0,0,0,0,0,0,0,0,0,0,0,0,0,0,0,0,0,0,0,1,0,0,0,0,0,0,0,0,0,0,0,0,0,0,0,0,1,0,0,0,0,0,0,0,0,0,0,0,0,0,0,1,0,0,0,0,0,0,0,0,0,0,0,0,0,0,0,0,0,0,0,1,0,0,0,0,0,0,0,0,0,0,0,0,0,0,0,0,0,0,0,1,0,0,0,0,0,0,0,0,0,0,0,0,0,0,0,0,0,0,0,0,0,0,0,0,0,0,0,0,0,0,0,0,1,0,0,0,0,0,0,0,0,0,0,0,1,0,0,0,0,0,0,0,0,0,0,0,0,0,0,0,0,0,0,0,1,0,0,0,0,0,0,0,0,0,0,0,0,0,0,0,0,0,0,0,1,0,0,0,0,0,0,0,0,0,0,0,0,0,0,1,0,0,0,0,0,0,0,0,0,0,0,0,0,0,0,0,0,0,0,0,0,1,0,0,0,0,0,0,0,0,0,0,0,0,0,0,0,0,0,0,0,0,0,0,0,0,0,0,0,0,0,0,1,0,0,0
8.409,17,0.837406572854103,0.5429363953773134,3.4012128183470298e-18,0.5792821242476489,0.7792488790202685,-0.559985214211929,0.2586266665335207,0.5499802156277551,-0.0074620580851215,0.9711232675011808,-0.0967420223351209,0.5029995992267112,0.2567035499017542,-0.9316370637853462,0.2437228528457929,0.4846508779068854,-0.1830189634631389,-0.7767944706193657,0.5940907745267057,0.4630728983474051,0.4058980810899301,0.8773527091809378,-0.2356100046116084,0.4541983090555102,-0.1125456711116761,-0.4317332750810376,0.8814210386774359,0.4385257117705092,0.6989659709952434,-0.3553195301640913,0.6045850400945121,0.4306576053889196,0.1482126611548457,-0.9399026237246836,0.0670298863310905,0.3923946065378133,0.1703886921353319,-0.9532744520478604,0.0560145456300169,0.3912578171497627,0.9015316558713522,0.3917775310578107,0.1464088956097493,0.3806319230617029,0.3362522824746806,0.6786136416822386,-0.6403854603590187,0.3650965285935252,-0.4564224451541223,-0.777462388189062,0.4157989918787786,0.3563384806768027,0.8501535240176272,-0.4978619968571466,-0.0625274195657492,0.3536927831151377,0.2518356263705331,0.6116233505191612,-0.6927542085040276,0.3381578103325877,0.7998607445630779,-0.4229537586867059,-0.3870747207715205,0.3283221183924965,0.2695280480559597,0.5188066698621301,-0.7756769370584461,0.3245876179000275,0.3200052564177116,0.5358826914636196,-0.6533724128092464,0.3180003614922796,0.1994824061292585,0.3834852802960423,-0.7893130813023572,0.3059772831813204,0.4262828342278533,0.8990884803674156,-0.0456864786240647,0.3045092194396164,0.5341270819352033,0.8142468120781349,0.1670827157266624,0.2946004864286793,0.845961388179785,-0.493195772469819,0.0961635984323478,0.2725371021521787,0.2808045686501385,0.3541770216681109,-0.6911427121135344,0.2569727385729609,0.2504018605018701,0.9604653907629748,-0.016391264227369,0.2494292782313972,1,0,0,0,0,0,0,0,0,0,0,0,0,0,0,0,0,0,0,0,0,0,0,1,0,0,0,0,0,0,0,0,0,0,0,0,0,0,0,0,0,0,0,0,0,0,1,0,0,0,0,0,0,0,0,0,0,0,0,0,0,0,0,1,0,0,0,0,0,0,0,0,0,0,0,0,0,0,0,0,1,0,0,0,0,0,0,0,0,0,0,0,0,0,0,0,0,0,0,0,0,0,0,1,0,0,0,0,0,0,0,0,0,0,0,0,0,0,0,0,0,0,0,0,0,0,0,0,0,0,0,0,0,0,0,0,1,0,0,0,0,0,0,0,0,0,1,0,0,0,0,0,0,0,0,0,0,0,0,0,0,0,0,0,0,0,0,0,1,0,0,0,0,0,0,0,0,0,0,0,0,0,0,0,0,0,0,0,1,0,0,0,0,0,0,0,0,0,0,0,0,0,0,0,0,0,0,0,0,0,0,0,0,0,0,0,1,0,0,0,0,0,0,1,0,0,0,0,0,0,0,0,0,0,0,0,0,0,0,0,0,0,0,0,0,0,0,0,0,0,0,0,0,0,0,0,1,0,0,0,1,0,0,0,0,0,0,0,0,0,0,0,0,0,0,0,0,0,0,0,0,0,0,0,0,0,0,0,1,0,0,0,0,0,0,0,0,0,0,0,0,0,0,0,0,0,0,0,0,0,0,0,0,0,0,0,1,0,0,0,0,0,0,1,0,0,0,0,0,0,0,0,0,0,0,0,0,0,0,0,0,0,0,1,0,0,0,0,0,0,0,0,0,0,0,0,0,0,0,0,0,0,0,0,0,0,0,0,1,0,0,0,0,0,0,0,0,0,0,0,0,0,0,0,0,0,0,0,0,0,0,1,0,0,0,0,0,0,0,0,0,0,0,0,0,1,0,0,0,0,0,0,0,0,0,0,0,0,0,0,0,0,0,0,0,0,0,0,0,0,0,1,0,0,0,0,0,0,0,0,0,0,0,0,0,0,0,0,1,0,0,0,0,0,0,0,0,0,0,0,1,0,0,0,0,0,0,0,0,0,0,0,0,0,0,0,0,0,0,0
8.891,18,0.7479390709721416,-0.6278697692190731,-0.2065419561965774,0.5683468072195595,0.8980809355665332,0.4389317793970864,1.3771951942828849e-17,0.5598672789054528,0.153603440612041,0.8630314675682793,0.4758555933575993,0.4935577873445277,0.5633180892330049,-0.6319236146499705,-0.4431463431104173,0.4616581892034958,0.5650949474616205,-0.6030570635332164,-0.4584386012196305,0.4589741092907263,0.4959211876887657,0.8493516546108992,0.1749212427634421,0.4515725318545979,0.5247789584272884,-0.3233935649140239,0.7714955502855073,0.4298727998365718,0.6249346374905242,-0.7393536686469275,0.2312598742198047,0.394446700995658,0.252313323154464,0.9387840461144203,-0.2241764365874633,0.3695015128280948,0.9553955322195652,0.2718662677583107,-0.1028360477559448,0.3691335675051935,0.5882283873206685,-0.5522467499963626,0.5820175563876279,0.3562614105198055,0.2157252037840933,0.8441003233977197,-0.430543457419268,0.3558500029318055,0.1995238618367008,0.8561528378623185,-0.4249071193189296,0.3536726245339753,0.5676571687202434,0.7596741416600346,0.3094407045181584,0.3007319625691181,0.4988126813164325,-0.8485788833368961,0.1246973551212438,0.2962428118371001,0.575509711856599,0.4124399602663344,0.6995987802681862,0.2919136244463916,-0.0485225518271137,-0.5775011396022129,0.7994817270136749,0.2806965128499151,-0.0024302783400357,0.9937142672007842,-0.0784861703450309,0.2805865160252844,-0.1171012930725935,0.9736015227591668,0.1806198911932949,0.2719597419888856,0.5959009140237037,0.6063960643548147,0.5199803452328842,0.2643373072935793,0.4548347669435347,-0.5709064042866085,0.674211064647052,0.2568060407125293,0.4565076086877392,0.861757217028422,0.2035893487869212,0.2489528742459901,0.1611268590647017,-0.6334598419380096,0.7440728426899585,0.2439944143490778,-0.0401662940452199,0.969703342261288,-0.2235666237852057,0.1810906049073097,0,0,0,1,0,0,0,0,0,0,0,0,0,0,0,0,0,0,0,0,1,0,0,0,0,0,0,0,0,0,0,0,0,0,0,0,0,0,0,0,0,0,0,0,0,0,1,0,0,0,0,0,0,0,0,0,0,0,0,0,0,0,0,0,0,0,1,0,0,0,0,0,0,0,0,0,0,0,0,0,0,0,0,0,0,0,1,0,0,0,0,0,0,0,0,0,0,0,0,0,0,0,0,1,0,0,0,0,0,0,0,0,0,0,0,0,0,0,0,0,0,0,0,0,0,1,0,0,0,0,0,0,0,0,0,0,0,0,0,0,1,0,0,0,0,0,0,0,0,0,0,0,0,0,0,0,0,0,0,0,0,0,0,1,0,0,0,0,0,0,0,0,0,0,0,0,0,0,0,0,0,0,0,0,0,0,0,0,0,0,0,0,0,0,0,0,1,0,0,0,0,0,0,0,0,0,0,0,0,0,0,1,0,0,0,0,0,0,0,0,0,0,0,0,0,0,0,0,1,0,0,0,0,0,0,0,0,0,0,0,0,0,0,0,0,0,0,0,1,0,0,0,0,0,0,0,0,0,0,0,0,0,0,0,0,0,0,0,0,0,0,1,0,0,0,0,0,0,0,0,0,0,0,0,0,0,0,0,0,0,0,0,0,0,0,0,1,0,0,0,0,0,0,0,0,0,0,0,0,0,0,0,0,0,0,0,1,0,0,0,0,0,0,0,0,0,0,0,0,0,0,0,0,0,0,0,1,0,0,0,1,0,0,0,0,0,0,0,0,0,0,0,0,0,0,0,0,0,0,0,0,0,0,0,0,0,0,0,0,0,0,0,0,0,0,0,1,0,0,0,1,0,0,0,0,0,0,0,0,0,0,0,0,0,0,0,0,0,0,0,0,0,0,1,0,0,0,0,0,0,0,0,0,0,0,0,0,0,0,0,0,0,0,0,0,1,0,0,0,0,0,0,0,0,0,0,0,0,0,0,1,0,0,0,0,0,0,0,0,0,0,0,0,0,0,0,0,0,0,0,0,0,0,0,0,0,0,0,0,0,0,0,0,0,0,0,1,0,0,0
7.73,19,0.8085683365501435,0.5876208051364407,-9.714272475947532e-18,0.5747998969423109,0.7949000223238407,-0.5483199296650824,-0.2233795235251995,0.5421728061924684,-0.1574044322239836,0.88988609239862,0.2415836414749193,0.5007581515490572,0.3541815820275616,0.9130805368056862,0.1414858385784989,0.4501110224009145,0.1763561191665407,-0.3294254121341265,-0.903683246690879,0.446089765008863,0.4522150051804025,-0.8761303929983295,0.0992620276953661,0.4355620545462659,-0.3211907797861796,0.861559783449956,-0.1153653429865827,0.4298727998365718,-0.6487657750869638,-0.2894291585424709,0.5968759671143655,0.4217602743564613,0.5124437626419976,-0.4887043380634369,-0.6826575242393865,0.4215096248258825,0.1936252662435796,-0.9439775533523443,0.0693071042678764,0.4199210040096305,-0.2949589333720403,0.6890378741240533,0.525934046112496,0.4155950325531064,0.2921312954172204,-0.9187548154664348,0.0045313173789299,0.3955296738373013,0.92204159254969,-0.3479642705881401,-0.0575964145149609,0.3870272543674356,0.8846736269213457,0.4308218381310714,-0.1311312974562744,0.3811388371858718,-0.7831570036986205,0.3731604188819961,0.1863540908862542,0.3565110550048012,0.467747480870141,-0.5437705033324274,0.6267289021416041,0.3558595626914758,0.4765189469313296,-0.7017165266914737,0.4969096412085497,0.3510921481085275,-0.0793568984841378,0.5881837209002646,0.7139526558280126,0.3453077631143601,0.3413495862418331,0.9071507539094033,0.1179927881735251,0.3403916802989553,0.366328779772047,0.872848800435241,0.1095189824826037,0.3386303948989937,-0.6252695122482559,0.4749068797386975,0.4276395417772866,0.3330781155950889,0.5516509157714566,-0.5272084265286653,0.5821475170931402,0.321383217430104,-0.6387905897789349,-0.1011233157423073,0.6516942690601756,0.3104693026890144,0.5392839948037509,-0.5006649526435598,-0.6473601235784939,0.3003727795055124,1,0,0,0,0,0,0,0,0,0,0,0,0,0,0,0,0,0,0,0,0,0,0,1,0,0,0,0,0,0,0,0,0,0,0,0,0,0,0,0,0,0,0,0,0,0,0,0,0,0,0,1,0,0,0,0,0,0,0,0,0,0,0,1,0,0,0,0,0,0,0,0,0,0,0,0,0,0,0,0,0,0,0,0,0,0,0,0,0,0,0,0,0,0,0,0,1,0,0,0,0,0,0,1,0,0,0,0,0,0,0,0,0,0,0,0,0,0,0,0,0,0,0,0,0,1,0,0,0,0,0,0,0,0,0,0,0,0,0,0,0,0,0,0,0,0,0,0,0,0,0,0,0,0,0,0,1,0,0,0,1,0,0,0,0,0,0,0,0,0,0,0,0,0,0,0,0,0,0,0,0,0,0,0,0,0,0,0,1,0,0,0,0,0,0,0,0,0,0,0,1,0,0,0,0,0,0,0,0,0,0,0,0,0,0,0,0,0,0,0,0,0,0,0,0,0,0,0,1,0,0,0,0,0,0,0,0,0,0,0,0,0,0,0,0,0,1,0,0,0,0,0,0,0,0,0,0,0,0,0,0,0,0,0,0,0,0,0,0,0,0,0,0,0,0,0,1,0,0,0,0,0,0,0,0,0,1,0,0,0,0,0,0,0,0,0,0,0,0,0,0,0,0,0,0,0,0,0,1,0,0,0,0,0,0,0,0,0,0,0,0,0,0,1,0,0,0,0,0,0,0,0,0,0,0,0,0,0,0,0,0,0,0,0,0,0,0,0,0,0,0,0,0,0,0,0,1,0,0,0,0,0,0,0,0,0,1,0,0,0,0,0,0,0,0,0,0,0,0,0,0,0,0,0,0,0,1,0,0,0,0,0,0,0,0,0,0,0,0,0,0,0,0,1,0,0,0,0,0,0,0,0,0,0,0,0,0,0,0,0,0,0,0,0,0,0,0,0,1,0,0,0,0,0,0,0,0,0,0,0,1,0,0,0,0,0,0,0,0,0,0,0,0,0,0,0,0,0,0,0,0,0,0,0,0,0,0,0,0,0,0,1,0,0,0,0,0,0,0,0
8.506,20,0.862715107420302,0.5022281968614328,1.939316376761664e-18,0.5940044597682939,0.7748789808545922,-0.5662230038249108,-0.2661887889445094,0.5531402229787353,-0.6212166375962589,0.2328563733615884,0.6807633656473326,0.5226414609035079,-0.1042282337751763,-0.5837823822770124,-0.797828258723609,0.4903076208063884,0.4285393303104789,0.8657558554710423,0.2317886835200249,0.4639265080096487,0.3678233357285428,-0.5818736681356286,-0.7172722619003958,0.4589366944499303,0.1751965229506341,0.7794957025709364,0.5754458316346639,0.4478981962199683,-0.0583403420211968,0.9134778831046036,-0.2982577301890665,0.4362715309419024,0.5237101920331706,-0.8311114955214116,0.132447594954975,0.4157994698914597,0.0627562969393522,0.9743053761152084,-0.1278656976563266,0.4067711808061081,0.034878483384077,0.8733413111166591,-0.3095982464617272,0.3889174242276619,0.9194968860389108,0.3495597082674349,-0.1565362017380154,0.386655146728834,0.9046220486584048,-0.349515557741956,-0.2158050378921362,0.3822365258604809,0.3801524548375166,-0.8430458921258474,0.1074160354080204,0.3696148281399614,-0.6331249925102317,0.4423307774242387,-0.5686219917340026,0.3584751077153169,-0.5929800888968797,0.1345827756361716,0.7532134083077688,0.3473444193346416,0.1959926791366944,-0.7422361535962785,0.3284458574841309,0.3418409363033586,0.2992268420723046,-0.8221264632094503,0.4001331089057978,0.3187302627524621,0.4309765190632791,-0.4692412410928716,-0.7609130718180958,0.3160808412499435,0.1148722447969139,-0.7032867675757002,0.5950853380548236,0.3136559087409806,0.4841214221688284,-0.7306424390965015,0.2404301229598849,0.3029645690846813,0.5267473432988216,0.8029587404663895,0.2641244319995473,0.301518260333361,-0.929875268758992,0.1585081107933864,0.2101150609092198,0.2515646284782923,0.3697738381751558,0.2635106722469995,-0.8746963989316802,0.232542038460959,1,0,0,0,0,0,0,0,0,0,0,0,0,0,0,0,0,0,0,0,0,0,0,1,0,0,0,0,0,0,0,0,0,0,0,0,0,0,0,0,0,0,0,0,0,0,0,0,0,0,0,0,0,0,0,0,1,0,0,0,0,0,0,0,0,0,0,0,0,0,0,0,0,0,0,0,1,0,0,0,0,0,0,1,0,0,0,0,0,0,0,0,0,0,0,0,0,0,0,0,1,0,0,0,0,0,0,0,0,0,0,0,0,0,0,0,0,0,0,0,0,0,0,0,0,0,1,0,0,0,0,0,0,0,0,0,0,0,0,0,0,0,0,0,0,0,0,0,1,0,0,0,0,0,0,0,0,0,0,0,0,0,0,1,0,0,0,0,0,0,0,0,0,0,0,0,0,0,0,0,0,0,0,1,0,0,0,0,0,0,0,0,0,0,0,0,0,0,0,0,0,0,0,0,0,0,0,0,1,0,0,0,0,0,0,0,0,0,0,0,0,0,0,0,0,0,0,0,0,0,0,0,0,0,0,0,1,0,0,0,0,0,0,0,0,0,1,0,0,0,0,0,0,0,0,0,0,0,0,0,0,0,0,0,0,0,0,0,1,0,0,0,0,0,0,0,0,0,0,0,0,0,0,0,0,0,0,1,0,0,0,0,0,0,0,0,0,0,0,0,1,0,0,0,0,0,0,0,0,0,0,0,0,0,0,0,0,0,0,0,0,0,0,0,0,0,0,0,1,0,0,0,0,0,0,0,0,0,0,0,0,0,0,1,0,0,0,0,0,0,0,0,0,0,0,0,0,0,0,0,0,0,0,0,0,0,0,0,0,0,0,1,0,0,0,0,0,0,0,0,0,0,0,0,0,0,0,0,1,0,0,0,0,0,0,0,0,0,0,0,0,0,0,1,0,0,0,0,0,0,0,0,0,0,0,0,0,0,0,0,0,0,0,0,0,0,0,0,0,0,0,1,0,0,0,0,0,0,0,0,0,0,0,0,0,0,1,0,0,0,0,0,0,0,0,0,0,0,0,0,0,0,0,0,0,0,0,0,1,0,0,0,0,0,0,0,0,0,0,0
8.423,22,0.7848744007991406,0.6168778685902581,-1.4132702828977087e-20,0.5814813509184621,0.7826487768179551,-0.5321992655104307,-0.313513916759443,0.5490273980352944,-0.6974083252919517,-0.0423252089728752,0.627856722227441,0.5259150946294975,-0.2112314121369613,-0.7883381154328928,-0.5638384651570024,0.5246803008578317,0.1178526821717169,0.766654481167975,0.609925007079805,0.502176604995558,0.274134808781206,-0.7134491677400268,-0.6411119928757258,0.4797150751202955,0.3495243107677729,0.8926311134089551,0.2690375154268406,0.4462230479869714,0.8426649292566923,-0.2404382265203159,-0.4653439130490555,0.4011818738767432,-0.6339910621149051,-0.7108906312889605,0.1300127939521602,0.3918463805719487,0.8463225280793756,0.4815553161165192,-0.1961394133125962,0.3860645538741497,0.6939916356126232,-0.7012025882161504,0.099075686076695,0.3842283647547702,-0.0904602600429277,0.9313937759563986,-0.2577624290652105,0.3688059389636339,0.0710005551379636,0.9829010757463243,-0.0679639085911735,0.3562674263807264,0.521778353221615,-0.7670849556198286,0.1403798353022886,0.3549110219963675,-0.6614327669490525,-0.2195885559685234,0.6553929502614647,0.3544173145499527,0.5262884791726096,-0.8207551269152455,0.0921271256405836,0.3384617149574901,-0.1297828381861816,0.9265237127924412,-0.1491869366252264,0.3303191972094727,0.2962245758263859,-0.6211994578812698,-0.7203334996392731,0.3280472916752267,-0.4652950176665622,-0.7838655068093585,0.334652469427233,0.3240224147371774,0.788391430406289,-0.2418599951018769,0.5399472159194164,0.3024366442679308,0.4600215053233012,0.8149081616585846,0.3466868437191791,0.2966933311972775,-0.5202963990222846,-0.5400674969784656,0.6124005774196052,0.2761929275041436,0.8144563067193017,-0.4494939408159138,0.3257793820688209,0.2752521873325108,0.5343379585573746,0.4332066762828038,0.7158574011081801,0.2099184359587969,1,0,0,0,0,0,0,0,0,0,0,0,0,0,0,0,0,0,0,0,0,0,0,1,0,0,0,0,0,0,0,0,0,0,0,0,0,0,0,0,0,0,0,0,0,0,0,0,0,0,0,0,0,0,0,0,1,0,0,0,0,0,0,0,0,0,0,0,0,0,0,0,0,0,0,0,1,0,0,0,0,0,0,0,0,0,1,0,0,0,0,0,0,0,0,0,0,0,0,0,1,0,0,0,0,0,0,0,0,0,0,0,0,0,0,0,0,0,0,0,0,0,0,1,0,0,0,0,0,0,0,0,0,0,0,0,0,0,0,0,0,0,0,0,0,0,1,0,0,0,0,0,0,0,0,0,0,0,0,0,0,0,0,0,0,1,0,0,0,0,0,0,0,0,0,0,0,0,0,0,0,0,0,0,0,0,0,0,0,0,0,0,0,0,0,0,1,0,0,0,0,0,0,1,0,0,0,0,0,0,0,0,0,0,0,0,0,0,0,0,0,0,0,0,0,0,0,0,1,0,0,0,0,0,0,0,0,0,0,0,0,0,0,1,0,0,0,0,0,0,0,0,0,0,0,0,0,0,0,0,0,0,0,0,0,0,0,0,1,0,0,0,0,0,0,0,0,0,0,0,1,0,0,0,0,0,0,0,0,0,0,0,0,0,0,0,0,0,0,0,0,0,0,0,0,0,0,0,1,0,0,0,0,0,0,0,0,0,0,0,0,0,0,0,0,0,0,0,1,0,0,0,0,0,0,0,0,0,0,0,0,0,0,0,0,0,0,0,0,0,0,1,0,0,0,0,0,0,0,0,0,0,0,0,0,0,0,0,0,0,0,1,0,0,0,0,0,0,0,0,0,0,0,0,0,0,0,0,1,0,0,0,0,0,0,0,0,0,0,0,0,0,0,0,0,0,0,0,0,0,0,1,0,0,0,0,0,0,0,0,0,0,0,1,0,0,0,0,0,0,0,0,0,0,0,0,0,0,0,0,0,0,0,1,0,0,0,0,0,0,0,0,0,0,0,0,0,0,0,0,0,0,0,0,0,0,0,0,0,0,0,0,0,0,0,0,1,0,0,0
8.85,23,0.8734051621682781,0.4845456176677921,-1.0991436611364916e-17,0.5677395344315537,0.7669454510565316,-0.6260846454725264,0.0294802052466279,0.5573398498067375,0.0547670079579541,0.9534394963180042,0.0988971384913284,0.535318310309411,0.0422154717371982,-0.740475072532621,-0.6377238174429932,0.4739919995225502,-0.7734834469213239,-0.3018091494287879,0.4043099664869823,0.4733146485180339,0.4410211662756752,0.882228650269053,-0.0908556792827679,0.4585719333550225,0.4232445421469781,-0.7937276021221894,-0.3971772583973975,0.442363634991813,0.4458005871135485,-0.7329630525904596,0.4841068406039462,0.4380933372285961,0.2243072729289321,-0.7838549675168343,0.4609599425082427,0.3850299918421496,0.8775084429428166,-0.4428395632663114,0.039580820287129,0.377441459884939,0.9374288026281828,0.3235808120602831,0.0511147083890943,0.3723388975951646,0.3443438489252699,0.7832494496408928,-0.4893598714818557,0.3536450372976031,-0.8129633620606072,-0.4773388069408026,0.1184762525635061,0.3519854931677929,0.4203917870205833,0.5997640425881721,-0.6329466994021363,0.3514504787744978,0.2087911217453533,-0.826486584909126,0.4719525383541406,0.3468740443341359,0.5196685461846251,-0.4513157730437171,0.6841899796052635,0.3370796956593954,-0.8590137357677968,-0.304617952681813,-0.2710139531025524,0.3123079164549048,-0.8034252528125003,-0.2069473087614263,-0.4255624709685436,0.3066065656814564,0.4492951770936371,0.8775662912439386,0.1130637182093721,0.2801559519246466,0.4446233464281631,-0.7812718698816546,-0.4006429531327202,0.2749445352378989,-0.885593594195466,-0.0732378047247934,-0.2868747583297925,0.26363425328479,0.3359200318003822,0.632303104928747,-0.6519164735410052,0.2579820079291627,0.1889116474241361,0.1879414271136908,0.9267947728999374,0.2482674819718174,0.3139455491167512,-0.1115179983234578,0.9056513339212304,0.2388294329584463,1,0,0,0,0,0,0,0,0,0,0,0,0,0,0,0,0,0,0,0,0,0,0,1,0,0,0,0,0,0,0,0,0,0,0,0,0,0,0,0,0,0,0,0,0,0,1,0,0,0,0,0,0,0,0,0,0,0,0,0,0,0,0,0,0,0,0,0,0,0,0,0,0,0,0,0,1,0,0,0,0,0,0,0,0,0,0,0,0,0,0,0,0,0,0,0,1,0,0,0,0,0,0,1,0,0,0,0,0,0,0,0,0,0,0,0,0,0,0,0,1,0,0,0,0,0,0,0,0,0,0,0,0,0,0,0,0,0,0,0,0,0,0,1,0,0,0,0,0,0,0,0,0,0,0,0,0,0,0,0,0,0,0,0,0,0,0,0,1,0,0,0,0,0,0,0,0,0,0,0,0,0,0,0,0,0,1,0,0,0,0,0,0,0,0,0,0,0,0,0,0,0,0,0,0,0,0,0,0,0,0,0,0,0,0,0,1,0,0,0,0,0,0,1,0,0,0,0,0,0,0,0,0,0,0,0,0,0,0,0,1,0,0,0,0,0,0,0,0,0,0,0,0,0,0,0,0,0,0,0,0,0,0,0,0,0,0,0,1,0,0,0,0,0,0,0,0,0,0,0,0,0,0,0,0,0,0,0,1,0,0,0,0,0,0,0,0,0,0,0,0,0,0,0,1,0,0,0,0,0,0,0,0,0,0,0,0,0,0,0,0,0,0,1,0,0,0,0,0,0,0,0,0,0,0,0,0,0,0,0,0,0,0,0,0,0,0,0,1,0,0,0,0,0,0,0,0,0,0,0,0,0,0,0,0,0,0,0,0,0,0,1,0,0,0,0,0,0,0,0,0,0,0,0,0,0,0,0,0,0,0,1,0,0,0,0,0,0,0,0,0,0,0,0,0,0,0,0,1,0,0,0,0,0,0,0,0,0,0,0,0,0,0,0,0,0,0,0,1,0,0,0,0,0,0,0,0,0,0,0,0,0,0,0,0,1,0,0,0,0,0,0,0,0,0,0,0,0,0,0,0,0,0,0,0,0,0,0,0,0,0,0,0,0,0,0,0,0,0,0
8.92,24,0.8589026967031008,0.5114914408883906,-2.074138862831549e-17,0.5616783494617994,0.7894529262953974,-0.557786810120269,-0.2494977042901266,0.544827821111257,0.1697263154007833,0.7778326341672456,0.5968332839045762,0.4861038994656141,0.310948109594524,-0.9404463671442116,-0.1184619760326042,0.4701996109462563,0.0537770657388655,-0.9490281471880944,0.0033607868144691,0.4566055767790997,0.4409436662441098,0.8610306510204395,0.245824885160319,0.451547770924157,0.075847042909482,-0.9076834784843564,-0.3399951751573846,0.4326575206035231,-0.0091629246236323,0.90693770580871,-0.3597261809488894,0.4154049289905243,0.0798760422230915,0.9860469810573872,-0.1042543823340601,0.3987728993901439,0.8819995236051268,-0.4631882499277758,0.0307607564952406,0.3915182829703737,0.6539197178954982,-0.3542917039635923,-0.6634569767148335,0.3912421269035553,0.3739734981447593,-0.1975086926722199,-0.9011785551624604,0.3893325156517678,0.913840144614688,0.3717288080829548,-0.1539411298392917,0.3719025871242324,0.0147963767195088,0.8986430725708807,-0.3081253502346639,0.3710526222247524,0.2826791946453769,-0.8982253735248109,0.0798175377034192,0.3388230480299475,-0.192507837923804,0.9684067748751438,0.0675169081354304,0.3141270581049903,0.5305188923978514,0.7928020945427188,0.2840487024999052,0.2963896687933618,0.3058018727447199,-0.7851319056108927,0.0657488092445331,0.2921678615432265,0.7485659238431113,-0.3186092334373954,-0.5745710826781508,0.2798504217094931,0.421762742099206,0.1772605086756787,0.8590524740615797,0.2741427392129703,-0.6680436501101332,0.6957523614070126,0.0885160736170575,0.260540066613368,-0.4875774445582462,0.8402392714848298,0.1104695266926161,0.2380821194263561,-0.08197278571121,0.0009081927026384,0.9596336557402112,0.2274886647187609,0.2606002802766643,-0.7651498069731769,0.3872231979796321,0.2253082718940673,1,0,0,0,0,0,0,0,0,0,0,0,0,0,0,0,0,0,0,0,0,0,0,1,0,0,0,0,0,0,0,0,0,0,0,0,0,0,0,0,0,0,0,0,0,0,1,0,0,0,0,0,0,0,0,0,0,0,0,0,0,0,0,1,0,0,0,0,0,0,0,0,0,0,0,0,0,0,0,0,0,0,0,0,0,0,0,0,1,0,0,0,0,0,0,0,0,0,0,0,0,0,0,1,0,0,0,0,0,0,0,0,0,0,0,0,0,0,0,0,0,0,0,0,0,0,0,0,1,0,0,0,0,0,0,0,0,0,0,0,0,0,0,0,0,0,0,0,1,0,0,0,0,0,0,0,0,0,0,0,0,0,0,1,0,0,0,0,0,0,0,0,0,0,0,0,0,0,0,0,0,0,0,0,0,0,1,0,0,0,0,0,0,0,0,0,0,0,0,0,1,0,0,0,0,0,0,0,0,0,0,0,0,0,0,0,0,0,0,0,0,0,0,0,0,0,0,0,0,0,0,0,0,0,0,0,1,0,0,0,0,0,0,0,0,0,0,0,0,0,0,0,0,0,0,0,1,0,0,0,0,0,0,0,0,0,0,0,1,0,0,0,0,0,0,0,0,0,0,0,0,0,0,1,0,0,0,0,0,0,0,0,0,0,0,0,0,0,0,0,0,0,0,0,1,0,0,0,0,0,0,0,0,0,0,0,0,0,0,0,0,0,0,0,0,0,0,0,0,0,0,1,0,0,0,0,0,0,0,0,0,0,0,0,0,0,0,0,1,0,0,0,0,0,0,0,0,0,0,0,0,0,0,0,0,0,0,0,0,0,0,1,0,0,0,0,0,0,0,0,0,0,0,0,0,0,1,0,0,0,0,0,0,0,0,0,0,0,0,0,0,0,0,0,0,1,0,0,0,0,0,0,0,0,0,0,0,0,0,0,0,0,0,0,1,0,0,0,0,0,0,0,0,0,0,0,0,0,0,0,0,0,0,1,0,0,0,0,0,0,0,0,0,0,0,0,0,0,0,0,0,0,0,0,0,0,0,0,1,0,0,0,0,0,0,0,0,0,0,0
9.123,25,0.7015631807205204,-0.5404246044235745,-0.4077332319253172,0.5956368622844385,0.8241818622443509,0.5605511268580885,-6.6236600521543816e-18,0.5707990981320652,-0.4380615309427171,-0.2703891600773783,0.5853602560828192,0.5350812982710647,0.3919459651192935,-0.6297492850209827,-0.5591460726425377,0.4936473085364576,0.5266889575540328,-0.378334977842134,-0.6490944622846969,0.4634554689762323,0.232331734357807,0.6793662499010347,0.6046647152465117,0.4546077405210461,0.4708249754588244,0.7982566591491057,0.3310538049982022,0.4356680926760513,0.8441237283422183,0.456422844218937,-0.1996867646646794,0.383747382735985,0.7185070005712364,-0.6117326745710003,-0.0765852168939593,0.3767173484769785,-0.3930911025807966,-0.1978927271872474,0.6895235729374142,0.3541002571459591,0.1762877118016831,0.9374587010257146,0.0756300500648479,0.3519432141739758,0.7671782865090104,-0.4674690393406063,0.2443214992605718,0.340700635907788,0.002341427738709,-0.6966215580712647,0.5546560634657016,0.3398541965089933,0.8861118817881357,-0.1824494244237099,0.2468326862498353,0.3374746965731839,-0.739696542456909,0.1564438555140473,0.3047439636929888,0.329504073157593,-0.0360630897539609,0.8528864206716168,0.029381111517928,0.3190968662650612,0.68823165817913,0.2697404997737103,0.6341615397355186,0.304956205020617,0.0196693050440588,0.948449608245414,-0.0299311292520741,0.3015123536984599,0.5755503734446354,0.7014926783835178,0.4118661083989231,0.2974094812586271,-0.0450597447789839,0.7139711539375958,-0.1707143347173564,0.2826879016465907,-0.526732643179165,-0.0184102711908131,0.6362610283150836,0.2802729081630412,-0.2080920805109272,0.7114460295781078,-0.058145907861153,0.2601590690096707,0.6005786654782557,-0.6901330342306997,-0.202318686370058,0.256847775983867,0.0955081442299598,0.0689119096485908,0.840896928588462,0.2055838767739862,0,0,0,1,0,0,0,0,0,0,0,0,0,0,0,0,0,0,0,0,1,0,0,0,0,0,0,0,0,0,0,0,0,0,0,0,0,0,0,0,0,0,0,0,0,0,0,0,0,0,0,0,0,0,0,0,1,0,0,0,0,0,0,0,0,0,1,0,0,0,0,0,0,0,0,0,0,0,0,0,0,0,0,0,0,0,1,0,0,0,0,0,0,0,0,0,0,0,0,0,0,0,0,0,0,0,1,0,0,0,0,0,0,0,0,0,0,0,0,0,0,0,0,1,0,0,0,0,0,0,0,0,0,0,0,0,0,0,0,0,0,0,0,0,0,0,0,0,0,0,0,0,0,0,0,0,1,0,0,0,1,0,0,0,0,0,0,0,0,0,0,0,0,0,0,0,0,0,0,0,1,0,0,0,0,0,0,0,0,0,0,0,0,0,0,0,0,0,0,0,0,0,0,1,0,0,0,0,0,0,0,0,0,0,0,0,0,0,0,0,0,0,0,0,0,0,0,0,0,0,0,1,0,0,0,0,0,0,0,0,0,0,0,0,0,1,0,0,0,0,0,0,0,0,0,0,0,0,0,0,0,0,0,0,0,1,0,0,0,0,0,0,0,0,0,0,0,0,0,0,0,0,0,0,0,0,1,0,0,0,0,0,0,0,0,0,0,0,0,0,0,0,0,1,0,0,0,0,0,0,0,0,0,0,0,0,0,0,0,0,0,0,0,0,0,0,0,0,0,0,0,0,0,0,0,0,1,0,0,0,0,0,0,0,0,0,0,0,1,0,0,0,0,0,0,0,0,0,0,0,0,0,0,0,0,0,0,0,0,0,0,1,0,0,0,0,0,0,0,0,0,0,0,0,0,0,0,0,1,0,0,0,0,0,0,0,0,0,0,0,0,0,0,0,0,0,0,0,0,0,0,1,0,0,0,0,0,0,0,0,0,0,0,0,0,0,0,0,1,0,0,0,0,0,0,0,0,0,0,0,0,0,0,0,0,0,0,0,0,0,0,0,0,0,0,0,1,0,0,0,0,0,0,0,0,0,0,0,1,0,0,0,0,0,0,0,0,0,0,0
8.289,26,0.7783172657078026,0.6220112847759539,4.762851842315919e-19,0.6068786756337797,0.7668111441928022,-0.4718861869873252,0.4156823623832054,0.5567295826924488,0.3250525852539991,-0.8694520807593369,0.3632542028316078,0.466671829272079,0.089514248454131,0.6069322711169539,-0.7376274959191498,0.465549705249511,-0.4309069808867905,-0.5088377971346868,-0.597821639060815,0.4598529506596208,0.6168322996551059,-0.1983806781947021,0.7280709757058511,0.4592930723564248,0.4026147190921781,0.8199095242423564,-0.3887772942090644,0.4520548355663705,-0.1449540946510418,-0.7998363040185565,0.552488552947096,0.435966121576867,-0.3588019872777078,0.5343173990163451,-0.6607354255197737,0.4266700854944939,-0.3201902979058746,-0.4358426273076579,0.8358901133655456,0.4230386268318543,-0.5637047218145594,0.6405876896493996,-0.3374279737431226,0.42122940925447,0.7677112042405535,0.5496519547628576,0.2846930462693641,0.4062484236654084,0.2695634178220887,-0.8913152843261329,0.1995201515511188,0.3757104514728163,0.3022576501160888,-0.8396336431475282,0.3039982742021173,0.369128154121373,0.2925667529495376,0.8977773989210622,-0.187358061096844,0.3627733564046708,0.8614344986356741,-0.4089370033817887,0.161379538437698,0.3525818456626439,-0.6471007962415163,-0.3404200713483413,-0.5317920183510136,0.3483422432269875,0.382021553395323,0.8251507705395751,-0.3433100806231587,0.3444918217490044,0.182906154273617,0.5435136790146841,-0.7765078220913562,0.3374746965731839,0.8605510977442862,-0.3768128751385607,-0.15340914911429,0.3223192059548917,-0.4481089993479817,0.2315238469115655,-0.7615130872847825,0.3141434674552543,-0.6565786455183448,-0.040301125463721,-0.6183052002782043,0.3042534316861011,-0.3761297741602957,-0.8479614495498642,0.3649511013742754,0.3004263579986909,0.7210539990702909,-0.1198546125846922,-0.6149981866917251,0.297020789869152,1,0,0,0,0,0,0,0,0,0,0,0,0,0,0,0,0,0,0,0,0,0,0,1,0,0,0,0,0,0,0,0,0,0,0,0,0,0,0,0,0,0,0,1,0,0,0,0,0,0,0,0,0,0,0,0,0,0,0,0,0,0,0,0,0,0,0,0,0,0,0,1,0,0,0,0,0,0,0,0,0,0,0,0,0,0,0,0,0,0,0,0,0,0,0,0,1,0,0,0,0,0,0,0,0,0,1,0,0,0,0,0,0,0,0,0,0,0,0,0,0,0,0,1,0,0,0,0,0,0,0,0,0,0,0,0,0,0,0,0,1,0,0,0,0,0,0,0,0,0,0,0,0,0,0,0,0,0,0,0,1,0,0,0,0,0,0,0,0,0,0,0,0,0,0,0,0,0,0,0,0,0,0,0,0,0,0,0,0,0,0,0,0,0,0,0,1,0,0,0,0,0,0,0,0,0,0,0,0,0,0,0,0,0,0,0,1,0,0,0,0,0,0,0,0,0,0,0,0,0,0,0,0,0,0,0,1,0,0,0,0,0,0,0,0,0,0,0,1,0,0,0,0,0,0,0,0,0,0,0,0,0,0,0,0,0,0,0,1,0,0,0,0,0,0,0,0,0,0,0,0,0,0,0,0,0,1,0,0,0,0,0,0,0,0,0,0,0,0,0,1,0,0,0,0,0,0,0,0,0,0,0,0,0,0,0,0,0,0,0,1,0,0,0,0,0,0,0,0,0,0,0,0,0,0,0,0,0,0,0,0,0,0,0,0,0,1,0,0,0,0,0,0,0,0,0,0,0,0,0,0,0,0,0,0,1,0,0,0,0,0,0,0,0,0,0,0,0,0,0,0,0,0,0,0,0,0,0,0,0,0,0,0,0,0,0,1,0,0,0,0,0,0,1,0,0,0,0,0,0,0,0,0,0,0,0,0,0,0,0,0,0,0,0,0,0,0,0,0,0,0,1,0,0,0,0,0,0,0,0,0,0,0,0,0,0,0,0,0,0,0,0,0,0,0,0,1,0,0,0,0,0,0,0,0,1,0,0,0,0,0,0,0,0,0,0,0,0,0,0
8.546,27,0.8663596577032763,0.4984826123954121,2.0731403943773334e-17,0.5382251672718296,0.8059346888608114,-0.5826555611503469,-0.0853467594240004,0.5365141582798784,0.0674506919344896,0.9376961465326528,0.3156977468240919,0.5110206860841031,0.4267811953812143,0.9008862550833676,0.0395273533859735,0.4505996904621053,0.4014638792630546,-0.8830536250198028,0.2279484659754775,0.4476725387451711,0.1643905479629534,-0.9624362661905088,0.0727119753652885,0.4142432743085722,0.2680735863136107,-0.54540977950176,-0.7825701412206063,0.4060100780070886,0.1512409153678477,-0.9469606891143284,0.156918869500958,0.4056626373259294,0.6057538885195441,-0.5641805886776246,-0.5512272088853915,0.4013709121062904,0.3395616006597757,-0.6657369691337284,0.6528109419067218,0.3761683429010862,0.8941317440873776,-0.4266534690571451,0.0879257274718364,0.3759773443876798,0.1636335236605481,-0.5455452444024683,0.7815310670628289,0.3754531494037703,0.2367957138974176,0.8865202264728078,-0.3879990385523805,0.3655714129279187,0.1835139931901104,0.7904578173657331,-0.5507465862596633,0.3646051984803314,0.9374004394747408,0.3421169277681294,-0.0356649958591101,0.3573242231308858,0.2493263225958985,-0.5686308450378881,0.7482925302557889,0.3496760663385045,0.2657265748227952,0.7563337975263067,-0.5573174974473685,0.3483499102141346,-0.2458729392473846,0.9157353333967564,-0.1025504648709179,0.3129884598301633,-0.0816895920016228,0.9140741941352314,-0.333827219492825,0.3012753447041555,0.468676431767329,0.8553988064558198,0.2108205877809977,0.3007906523016724,0.3614542051390054,0.6249688206598644,0.6674108080337333,0.2938222350596818,0.7089736577405423,-0.485722968984377,-0.4985981930194721,0.2875023123334051,0.4237974720191148,-0.5766000803607743,0.6083133278293319,0.2841619834660763,0.4466624108882153,0.7575820233024421,0.4597754988808364,0.2657941121447453,1,0,0,0,0,0,0,0,0,0,0,0,0,0,0,0,0,0,0,0,0,0,0,1,0,0,0,0,0,0,0,0,0,0,0,0,0,0,0,0,0,0,0,0,0,0,1,0,0,0,0,0,0,0,0,0,0,0,0,0,0,0,0,1,0,0,0,0,0,0,0,0,0,0,0,0,0,0,0,0,0,0,0,1,0,0,0,0,0,0,0,0,0,0,0,0,0,0,0,0,0,0,0,0,0,0,0,0,1,0,0,0,0,0,0,0,0,0,0,0,0,0,0,0,0,0,0,0,0,0,0,0,0,0,0,0,1,0,0,0,0,0,0,0,0,0,0,0,1,0,0,0,0,0,0,0,0,0,0,0,1,0,0,0,0,0,0,0,0,0,0,0,0,0,0,0,0,0,0,0,0,0,0,1,0,0,0,0,0,0,0,0,0,0,0,0,0,0,0,0,0,0,0,0,0,0,1,0,0,0,0,0,0,0,0,0,0,0,0,0,0,0,0,0,0,0,0,0,1,0,0,0,0,0,0,0,0,0,0,0,0,0,0,1,0,0,0,0,0,0,0,0,0,0,0,0,0,0,0,0,0,0,0,0,0,0,0,0,1,0,0,0,0,0,0,0,0,0,0,0,0,0,0,0,0,0,0,0,0,0,0,0,0,0,0,0,1,0,0,0,0,0,0,0,0,0,0,0,1,0,0,0,0,0,0,0,0,0,0,0,0,0,0,0,0,0,0,0,1,0,0,0,0,0,0,0,0,0,0,0,0,0,0,0,0,0,0,0,0,0,0,0,0,0,0,0,1,0,0,0,1,0,0,0,0,0,0,0,0,0,0,0,0,0,0,0,0,0,0,0,0,0,0,0,0,0,0,0,0,0,0,1,0,0,0,0,0,0,0,0,0,0,0,0,0,0,0,0,0,0,0,0,0,0,0,0,1,0,0,0,0,0,0,0,0,0,0,0,0,0,0,1,0,0,0,0,0,0,0,0,0,0,0,1,0,0,0,0,0,0,0,0,0,0,0,0,0,0,0,0,1,0,0,0,0,0,0,0,0,0,0,0,0,0,0,0,0,0,0,0
8.862,28,-0.4993406417866193,-0.2179799240876336,-0.6246512423899032,0.5816665453832793,0.8342026571787471,0.5465044739778582,-4.88511409241308e-18,0.5738457468730562,0.76942442804835,-0.5153868186204443,0.283287889693811,0.5562833957983947,0.0723015015016592,0.7760221251682238,-0.433657554595126,0.5255842039122542,0.0071976978119139,-0.6799187718845652,0.5840405931898031,0.4738706165150027,0.3191259789720113,-0.6018659089419495,0.6575887024327113,0.4647726921875592,0.4168284207150424,0.8416483474081943,-0.2349824570046581,0.4625048973906704,-0.6823425489460517,0.4202209717338429,-0.1983793166741504,0.4085242071407712,0.5908029156808401,-0.7576241475497011,-0.1022004965271786,0.4083002702262768,0.2987522241165495,-0.8757705221862665,-0.3115080133412534,0.4044663918256118,0.8666170561263064,-0.2439306564581022,0.297151014402078,0.3942259920870157,-0.6372866874839274,-0.332600631692042,-0.4708971219572649,0.3879261601011828,0.8569629928572053,0.4537282001249817,0.1546496990787663,0.3795444561478381,0.2204911418861016,-0.2124506378746938,0.8484565836078874,0.3626805799461792,0.0867829522283657,0.0854798397765736,0.91526832974107,0.3469205038900622,-0.3846198578184469,0.8787645181053365,0.1965119898559836,0.3444533386264513,0.2721974183587123,0.9365116131136764,0.0397173333271237,0.3372522531282589,-0.0819478440072552,-0.6373324527183333,-0.6411655117696999,0.3292175106130562,0.4496951487345102,0.699575757248562,-0.460069104725871,0.3249761828614131,-0.0713843913138231,0.965810463617107,0.1738411485811015,0.2957496012214948,-0.8256227425373502,-0.0693148947381042,-0.4907936441520676,0.2836371295637804,0.1412691888910789,-0.0228755931362934,0.8760861712753851,0.2690098152917614,-0.8569271462677609,0.2688997034628484,-0.3512548264876174,0.2567363508181869,0.1495818339025033,-0.6943997355130435,0.6400210291575118,0.2445869573842676,0,0,0,0,0,0,0,0,0,0,0,0,0,0,0,0,1,0,0,0,1,0,0,0,0,0,0,0,0,0,0,0,0,0,0,0,0,0,0,0,0,0,0,1,0,0,0,0,0,0,0,0,0,0,0,0,0,0,0,0,0,0,0,0,0,0,1,0,0,0,0,0,0,0,0,0,0,0,0,0,0,0,0,0,0,0,0,0,1,0,0,0,0,0,0,0,0,0,0,0,0,0,0,1,0,0,0,0,0,0,0,0,0,0,0,0,0,0,0,0,0,0,0,1,0,0,0,0,0,0,0,0,0,0,0,0,0,0,0,0,0,0,0,0,0,0,1,0,0,0,0,0,0,0,0,0,0,0,0,0,1,0,0,0,0,0,0,0,0,0,0,0,0,0,0,0,0,0,0,0,0,0,0,0,0,0,0,0,0,0,0,0,0,0,0,0,1,0,0,0,0,0,0,0,0,0,1,0,0,0,0,0,0,0,0,0,0,0,0,0,1,0,0,0,0,0,0,0,0,0,0,0,0,0,0,0,0,0,0,0,0,0,0,0,0,0,0,0,0,0,0,0,0,0,0,0,1,0,0,0,0,0,0,1,0,0,0,0,0,0,0,0,0,0,0,0,0,0,0,0,0,0,0,0,0,0,0,0,1,0,0,0,0,0,0,0,0,0,0,0,0,0,0,0,0,0,0,0,0,0,0,0,0,0,0,0,1,0,0,0,0,0,0,0,0,0,0,0,0,0,0,1,0,0,0,0,0,0,0,0,0,0,0,0,0,1,0,0,0,0,0,0,0,0,0,0,0,0,0,0,0,0,0,1,0,0,0,0,0,0,0,0,0,0,0,0,0,0,0,0,1,0,0,0,0,0,0,0,0,0,0,0,0,0,0,0,0,0,0,0,0,0,0,0,0,0,0,0,0,0,0,1,0,0,0,0,0,0,0,0,0,0,0,0,0,0,0,0,1,0,0,0,0,0,0,0,0,0,0,0,0,0,0,1,0,0,0,0,0,0,0,0,0,0,0,0,0,0,0,0,0,0,0,1,0,0,0,0,0,0,0,0,0,0,0,0,0,0,0,0
8.366,29,0.8145929014663936,0.5780147425471774,1.0581725487580629e-17,0.5848009928960518,0.7912508790630375,-0.5011010277681279,0.3325997787747927,0.5437852859738108,0.0293822691093956,0.7985348368901545,-0.55397746796644,0.5314404455686079,-0.3902415287465911,-0.2483712968200072,-0.8258298295335813,0.5061934299261118,-0.0287898323909272,-0.6944004530732264,0.6184743814935871,0.4896080667074732,0.2748434165211706,-0.7667707038305276,0.5711874252069938,0.4798936430698548,0.039699026476721,-0.7923641212443591,0.4735278703122141,0.4706366643364398,0.4066608020695054,0.8399252083487321,-0.3470622862640639,0.4545750933004299,0.7801737167947398,-0.2299460712272828,0.5576371640440441,0.408254655217196,0.8377762772823505,0.4821747512369893,0.2363696642093375,0.3882493679336864,0.7708016136091678,-0.6122365287979441,-0.0482176222431943,0.3685072181289137,0.5849964802253973,-0.7106615334892417,-0.3365831554422842,0.3513153135810856,0.1666373202740137,-0.6188460706566702,-0.6972413457317834,0.3512690486108007,0.2146884052593135,0.9650684156087396,-0.0583406000151951,0.3410137106774307,-0.3893026598125163,-0.3264875094075558,-0.8108834562712485,0.3358024764479135,-0.3484957590088204,0.8834554803078323,-0.1918261614650546,0.3153444326049644,0.2578449595840725,-0.7279498364728423,0.5902235394648445,0.3131890329651102,0.5189397698321574,0.6600249528500808,-0.5382174392820727,0.3119277606781055,-0.0975588628786643,0.9740462148125918,-0.0482932000341277,0.3031778531229191,-0.4546545873909049,-0.8111542202175217,-0.2443330735297101,0.2468167374654116,-0.6726326058920563,0.2078931713710969,-0.6560142681032746,0.2458601462190481,0.6018561815554453,0.3316819601305448,-0.714778461077336,0.2418353778204041,0.4672623331273211,0.1666189762500389,-0.8391249414012503,0.2376912107127171,0.122870528412004,0.4732293786658389,0.8324622403726137,0.234884817449863,1,0,0,0,0,0,0,0,0,0,0,0,0,0,0,0,0,0,0,0,0,0,0,1,0,0,0,0,0,0,0,0,0,0,0,0,0,0,0,0,0,0,0,0,0,0,1,0,0,0,0,0,0,0,0,0,0,0,0,0,0,0,0,0,0,0,0,0,0,0,0,0,0,0,0,0,1,0,0,0,0,0,0,0,0,0,0,0,1,0,0,0,0,0,0,0,0,0,0,0,0,0,0,1,0,0,0,0,0,0,0,0,0,0,0,0,0,0,0,0,0,0,0,0,0,0,0,0,1,0,0,0,0,0,0,0,0,0,0,0,0,0,0,1,0,0,0,0,0,0,0,0,0,0,0,0,0,0,0,0,0,0,0,0,0,0,1,0,0,0,0,0,0,0,0,0,0,0,0,0,0,0,0,0,0,0,0,0,0,0,0,0,0,0,0,0,1,0,0,0,1,0,0,0,0,0,0,0,0,0,0,0,0,0,0,0,0,0,0,0,0,0,0,0,0,0,0,0,0,0,0,0,0,0,0,0,1,0,0,0,0,0,0,0,0,1,0,0,0,0,0,0,0,0,0,0,0,0,0,0,0,0,0,0,0,0,0,0,0,0,0,1,0,0,0,0,0,0,0,0,1,0,0,0,0,0,0,0,0,0,0,0,0,0,0,0,0,0,0,0,0,0,0,0,0,0,0,0,0,0,0,0,0,0,0,0,1,0,0,0,0,0,0,1,0,0,0,0,0,0,0,0,0,0,0,0,0,0,0,0,0,0,0,1,0,0,0,0,0,0,0,0,0,0,0,0,0,0,0,0,1,0,0,0,0,0,0,0,0,0,0,0,0,0,0,0,0,0,0,0,0,0,0,0,0,0,0,0,1,0,0,0,0,0,0,0,0,0,0,0,0,0,0,0,0,0,1,0,0,0,0,0,0,0,0,0,0,0,0,0,0,0,0,1,0,0,0,0,0,0,0,0,0,0,0,0,0,0,0,0,0,0,0,0,0,0,0,0,1,0,0,0,0,0,0,0,0,0,0,0,0,0,0,0,0,0,0,0,1,0,0,0,0,0,0,0,0,0,0,0
8.898,30,-0.5232870540690927,-0.1199366342356713,-0.6038559749569465,0.5727618901901328,0.8314298332995307,0.5515578769406441,9.398537624518642e-18,0.5693442042306721,0.8033674729287569,-0.5001427583939593,0.2242635617614858,0.5388641375824349,0.009147217564329,0.8172134013114531,-0.3682935567553378,0.5203017792110208,0.3844856459064717,0.8719866791618237,-0.2040206845400687,0.4687442085309575,0.0671864024866422,-0.9832681919753222,0.1101353809579481,0.4667589925122012,0.3266177610961291,-0.8288868860515294,0.4094611760991347,0.4611104528302617,0.0362532494144162,-0.5649098832975683,0.7700732232286477,0.4310670891526282,-0.0501888942038961,-0.3287703016789497,0.8328254160549641,0.4216597329142823,-0.8199436940384214,-0.1574747778418926,0.2229880525954231,0.4120600938139381,0.7874553703246481,-0.2517435217318086,0.4719635670307616,0.4072112980099328,0.8705742762387801,0.4484719293447716,0.1258578007629552,0.3741039636808156,0.7751421038410355,-0.5287664168735222,-0.1636359997258566,0.3721905648911254,-0.1617871291065414,-0.4394806477462495,0.8274834359287231,0.368383115308017,-0.0394281324705402,-0.4876417803350349,0.7912075187053562,0.365269236424623,-0.5725968978266522,-0.1484360686314547,-0.6021662180822476,0.3636654126719286,0.5828469075044368,-0.6032347753739546,-0.4331739901921514,0.3554418862973191,0.2413754785453645,0.936800242457886,0.0881267017956374,0.3416202461592673,0.3692916196203389,0.3339839736613689,-0.6891075177331976,0.3281365740404256,0.411777986783767,0.7577727467797473,-0.4553999423034131,0.3263299568526837,-0.4610666450311126,0.8621309515108788,0.137771646279062,0.3038924391598664,-0.5462501581559315,0.4544508485977755,-0.4522944602431933,0.2719147075695771,-0.8914376040209653,-0.2514685106549797,0.2802462256273561,0.258340038026644,-0.1675276538606872,0.9614670499425112,0.1693433372950749,0.2351959719175805,0,0,0,0,0,0,0,0,0,0,0,0,0,0,0,0,1,0,0,0,1,0,0,0,0,0,0,0,0,0,0,0,0,0,0,0,0,0,0,0,0,0,0,1,0,0,0,0,0,0,0,0,0,0,0,0,0,0,0,0,0,0,0,0,0,0,1,0,0,0,0,0,0,0,0,0,0,0,0,0,0,0,0,1,0,0,0,0,0,0,0,0,0,0,0,0,0,0,0,0,0,0,0,0,0,0,0,0,1,0,0,0,0,0,0,0,0,0,0,0,0,0,0,1,0,0,0,0,0,0,0,0,0,0,0,0,0,0,0,0,0,0,0,1,0,0,0,0,0,0,0,0,0,0,0,0,0,0,0,0,0,0,0,0,0,0,0,0,1,0,0,0,0,0,0,0,0,0,0,0,0,0,0,0,0,0,0,1,0,0,0,0,0,0,0,0,0,0,0,0,0,0,0,0,0,0,1,0,0,0,0,0,0,0,0,0,0,0,0,0,0,0,0,0,0,0,0,0,0,0,0,0,0,0,0,0,1,0,0,0,1,0,0,0,0,0,0,0,0,0,0,0,0,0,0,0,0,0,0,0,0,0,0,0,0,0,0,0,1,0,0,0,0,0,0,0,0,0,0,0,0,0,0,0,0,0,0,0,1,0,0,0,0,0,0,0,0,0,0,0,1,0,0,0,0,0,0,0,0,0,0,0,0,0,0,0,0,0,0,0,0,0,0,0,0,0,0,0,0,0,0,0,0,0,0,0,1,0,0,0,0,0,0,0,0,0,0,0,0,0,0,1,0,0,0,0,0,0,0,0,0,0,0,0,0,0,0,0,1,0,0,0,0,0,0,0,0,0,0,0,0,0,0,1,0,0,0,0,0,0,0,0,0,0,0,0,0,0,0,0,0,0,0,0,0,0,0,0,0,0,0,0,0,0,0,0,1,0,0,0,0,0,0,0,0,0,1,0,0,0,0,0,0,0,0,0,0,0,0,0,0,1,0,0,0,0,0,0,0,0,0,0,0,0,0,0,0,0,0,0,1,0,0,0,0,0,0,0,0,0,0,0,0,0,0,0,0,0,0,0
9.588,31,0.8047277671974953,0.5907560627169947,-6.889214019684407e-19,0.5631216512588056,0.7644040394684737,-0.5168165867633766,0.3743183923682863,0.5595790474137853,-0.265081296224319,-0.384946923414709,-0.8485129326157634,0.5543433774795246,-0.3462509728598211,-0.001198428579071,0.8785359350489227,0.5081419259827962,0.2159726078322253,-0.7473513510631936,0.6129712970987561,0.4950937100144172,0.0217280218258476,0.8281560609876367,-0.5289599555126251,0.4915478788494137,-0.7576988132146218,0.395754436617928,-0.2530108675620887,0.4831715084214694,-0.110382879560832,-0.3721095204346833,0.8888481721002247,0.4476929284263201,0.3869336986921224,0.8685533298611597,-0.2910078325625154,0.4448173698086798,-0.9056395832168396,0.1829046128254877,-0.2328582210962392,0.4271343832682387,0.0656119431646068,-0.874214376554835,0.3869771397966681,0.418415381522065,0.3968095629604354,-0.6743589236840744,-0.5740257564993141,0.4159569199420675,-0.5449601511342685,-0.3498024611744291,-0.7141949647095052,0.3921930684063029,-0.3966028447416855,0.8601822281681002,0.2086392294881999,0.3919596898183742,0.7946282728392916,-0.2979317235797674,0.5041306448110126,0.3871218972113124,0.8500121575167826,0.4749634279063952,0.1968173981821067,0.3767019741231448,0.7398804406539449,-0.6519091891434823,-0.0055707846445765,0.3755903811260448,0.1844893036171541,-0.8015182408001363,0.5096113453753116,0.3708125713901415,-0.8105874818271787,-0.145242094277368,-0.4938860122284637,0.3636299432760686,0.6235434598110571,-0.6682737059427772,-0.3650493349883915,0.3592032353630839,-0.8388846795860436,0.209378993985164,-0.1658908680351469,0.3508902631264785,0.2131687684389705,0.9665976891017598,0.0128816474985774,0.3352790226388095,-0.0944924857580718,0.9573794072702028,0.1850640799845664,0.3296326016465768,0.1213724797494405,-0.1626221451022975,0.9544445099088537,0.2952986812438058,1,0,0,0,0,0,0,0,0,0,0,0,0,0,0,0,0,0,0,0,0,0,0,1,0,0,0,0,0,0,0,0,0,0,0,0,0,0,0,0,0,0,0,0,0,0,0,0,0,0,0,0,0,0,0,0,1,0,0,0,0,0,0,0,0,0,0,0,1,0,0,0,0,0,0,0,0,0,0,0,0,0,0,1,0,0,0,0,0,0,0,0,0,0,0,0,0,0,0,0,0,0,0,0,0,0,1,0,0,0,0,0,0,0,0,0,0,0,0,0,0,0,0,0,0,0,1,0,0,0,0,0,0,0,0,0,0,0,0,0,0,0,0,1,0,0,0,0,0,0,0,0,0,0,0,0,0,0,0,0,0,0,0,1,0,0,0,0,0,0,0,0,0,0,0,0,0,0,0,0,0,0,0,1,0,0,0,0,0,0,0,0,0,0,0,0,0,0,0,0,0,0,0,0,0,0,0,0,1,0,0,0,0,0,0,0,0,0,0,0,0,0,0,0,0,1,0,0,0,0,0,0,0,0,0,0,0,0,0,0,1,0,0,0,0,0,0,0,0,0,0,0,0,0,0,0,0,0,0,0,0,0,0,0,0,0,0,0,0,0,0,0,0,0,0,0,1,0,0,0,0,0,0,0,0,0,1,0,0,0,0,0,0,0,0,0,0,0,0,0,0,0,0,0,0,0,0,0,0,0,0,0,0,0,0,0,1,0,0,0,1,0,0,0,0,0,0,0,0,0,0,0,0,0,0,0,0,0,0,0,0,0,0,0,0,0,0,0,1,0,0,0,0,0,0,0,0,0,0,0,0,0,0,0,0,0,0,0,0,0,0,1,0,0,0,0,0,0,0,0,0,0,0,0,0,0,0,0,0,0,0,1,0,0,0,0,0,0,0,0,0,0,0,0,0,0,1,0,0,0,0,0,0,0,0,0,0,0,0,0,0,0,0,0,0,0,0,0,0,0,0,1,0,0,0,0,0,0,0,0,1,0,0,0,0,0,0,0,0,0,0,0,0,0,0,0,0,0,0,0,0,0,0,1,0,0,0,0,0,0,0,0,0,0,0,0,0,0,0,0
7.809,32,0.7532139629526738,-0.6000603871746253,0.1726306461180698,0.565240123138486,-0.7426348253733573,0.2369166951083544,-0.1773282880870509,0.5617610313624043,0.8607420791570093,0.5056482041096564,8.314439275518959e-18,0.5597333224882729,-0.1279859175832935,-0.949808792650528,-0.2095057092771553,0.5161002499455748,0.3080973444966771,-0.934030482389444,-0.0766169934364135,0.469771163266139,0.1179538982162351,0.7850991604039373,-0.4888694588297076,0.4526460123646726,0.4669835201502121,0.8475834987062045,-0.1573424496116267,0.4375346641639745,0.5395787839952111,-0.4877791930396943,0.6204077936008838,0.4186464586513631,-0.2082698977647634,0.8085894818164719,-0.3160037123047435,0.4159569199420677,-0.8471466449415057,0.1294031001062746,0.0286112372067673,0.3874372292087825,0.8477300400263186,-0.4400643132969997,0.0341973706028227,0.386516079855473,0.9153759313027952,0.3522944442103153,0.109649670369242,0.3751385846350853,0.4465222719718357,-0.3216534476997134,0.7162597690714533,0.3725687182381175,0.4452713974950921,-0.310229816211032,0.7243280616405464,0.3716060134530012,0.2137876826292441,0.912815393350124,0.1833923967849548,0.365938016679958,0.0891438066131173,0.8098541528207713,0.4327101682734715,0.3631562389339249,-0.6315807421210963,-0.6870470775615409,0.0744870844738317,0.355868014891622,-0.4825984103002879,-0.3088639085895226,0.7243509337104614,0.3228055505071411,-0.7410240398192112,-0.2411979813453801,0.5202687192208828,0.3223945401285608,-0.7832899194036398,-0.5250290903510841,0.0219051935636183,0.3219148836890335,0.5986566094733823,0.765472473878461,-0.1974009633900765,0.3205709493342909,-0.8910958382219066,-0.2206063293533679,0.1527498577878766,0.3049762281198033,-0.1950526112489892,-0.0153224484175417,-0.8269024392900751,0.2808056658969681,0.0566999812877647,0.6725420967747868,-0.6385681966981669,0.2650799437619273,0,0,0,1,0,0,0,0,0,0,0,0,0,0,0,0,0,0,0,0,0,0,0,0,0,0,0,0,0,0,0,0,0,0,0,0,1,0,0,0,1,0,0,0,0,0,0,0,0,0,0,0,0,0,0,0,0,0,0,0,0,0,0,0,0,0,0,0,0,0,0,0,0,0,0,0,1,0,0,0,1,0,0,0,0,0,0,0,0,0,0,0,0,0,0,0,0,0,0,0,0,0,0,0,0,0,0,0,0,0,0,1,0,0,0,0,0,0,0,0,0,0,0,1,0,0,0,0,0,0,0,0,0,0,0,0,0,0,0,0,0,0,0,1,0,0,0,0,0,0,0,0,0,0,0,0,0,0,0,0,0,0,0,0,0,1,0,0,0,0,0,0,0,0,0,0,0,0,0,0,1,0,0,0,0,0,0,0,0,0,0,0,0,0,0,0,0,0,0,0,0,0,0,0,0,0,1,0,0,0,0,0,0,0,0,0,0,0,0,0,0,0,0,0,0,0,0,0,0,0,0,0,0,0,0,0,1,0,0,0,0,0,0,0,0,0,0,0,1,0,0,0,0,0,0,0,0,0,0,0,0,0,0,0,0,0,0,0,1,0,0,0,0,0,0,0,0,0,0,0,0,0,0,1,0,0,0,0,0,0,0,0,0,0,0,0,0,0,0,0,0,0,0,0,0,0,0,0,1,0,0,0,0,0,0,0,0,0,0,0,0,0,0,0,0,1,0,0,0,0,0,0,0,0,0,0,0,0,0,0,0,0,0,0,0,0,0,0,1,0,0,0,0,0,0,0,0,0,0,0,0,0,0,1,0,0,0,0,0,0,0,0,0,0,0,0,0,0,0,0,0,0,0,0,0,0,0,0,0,0,0,1,0,0,0,0,0,0,0,0,0,0,0,0,0,0,1,0,0,0,0,0,0,0,0,0,0,0,0,0,0,0,0,1,0,0,0,0,0,0,0,0,0,0,0,0,0,0,0,0,0,0,0,0,0,0,0,0,1,0,0,0,0,0,0,0,0,0,0,0,1,0,0,0,0,0,0,0,0,0,0,0,0,0,0,0,0,0,0,0
8.323,33,0.7941914833916515,-0.5821985355051347,-0.1091028075180512,0.5425915895599213,0.8321400190339059,0.5537388024774368,3.547685186658064e-17,0.5372989537418396,0.0732537086775537,0.9220558227753364,0.3365632253380893,0.4673611944933354,-0.1643762735202551,0.7627012238145779,-0.5788110470502438,0.4584232487358252,0.055841054846174,-0.9586781959508012,0.2281525613340584,0.4522725159569593,0.4068191855586819,0.9020784026108296,0.068734356667412,0.4300299114063447,0.4609190312977437,-0.8267980578122266,0.2781460229603125,0.4295132617220208,0.4949644683580512,-0.6252533362518158,-0.574536387907183,0.4288026159386487,0.0934269523025952,-0.7029253526767268,-0.6742103976354327,0.4244268364146686,0.3592854802961616,-0.3763895923083297,0.768772224253376,0.3958378165607917,0.9089527451904732,-0.3757033584639265,-0.0416720708590272,0.3771352111066975,0.4588136246268577,-0.5482653666699167,0.6689166688027408,0.3731225376604305,0.1588623917575954,0.9105458476932377,-0.3352919495434867,0.3711315709051142,-0.2151851814039514,0.6094889734903812,-0.7374462988595148,0.3660555988081387,0.9189865677818888,0.3806596023922707,-0.0424839419294303,0.3617670082765715,0.4637669571665315,-0.4608664422794093,0.6997394847362662,0.3434164330333891,0.5947605128756926,-0.4378414456608756,-0.6291364411485679,0.3158372381175167,0.1045043937728203,0.8648922372313255,-0.3445660856330028,0.2970362958441502,0.0951744365258636,0.8892382996577222,-0.3844342029216838,0.2969029724666601,0.3397163022900719,-0.4975983526975802,0.7179595104799544,0.2896332823291038,0.4842434701465657,0.8516877479526801,0.1665361922911482,0.2880393211170771,0.4733202354988146,-0.8525156388940955,0.1390972052698404,0.282988785296104,0.7034357388071825,-0.2281022777761268,-0.5909968850040407,0.266796565484229,-0.0227270894504525,0.3868157183866925,0.8665800921653681,0.2016644366011097,0,0,0,1,0,0,0,0,0,0,0,0,0,0,0,0,0,0,0,0,1,0,0,0,0,0,0,0,0,0,0,0,0,0,0,0,0,0,0,0,0,0,0,0,0,0,1,0,0,0,0,0,0,0,0,0,0,0,0,0,0,0,0,0,0,0,0,0,0,0,0,0,0,0,0,0,0,1,0,0,0,0,0,0,0,0,0,0,1,0,0,0,0,0,0,0,0,0,0,0,0,0,0,1,0,0,0,0,0,0,0,0,0,0,0,0,0,0,0,0,0,0,0,1,0,0,0,0,0,0,0,0,0,0,0,0,0,0,0,0,1,0,0,0,0,0,0,0,0,0,0,0,0,0,0,0,0,0,0,0,0,0,0,0,0,0,0,0,0,0,0,0,0,0,0,0,1,0,0,0,0,0,0,0,0,0,0,0,1,0,0,0,0,0,0,0,0,0,0,0,0,0,0,0,0,0,1,0,0,0,0,0,0,0,0,0,0,0,0,0,0,0,0,1,0,0,0,0,0,0,0,0,0,0,0,0,0,0,0,0,0,0,0,1,0,0,0,0,0,0,0,0,0,0,0,0,0,0,0,0,0,0,0,0,0,0,0,0,0,1,0,0,0,0,0,0,0,0,0,0,0,0,0,0,0,0,0,0,0,0,0,0,0,0,0,0,1,0,0,0,0,0,0,0,0,0,0,0,1,0,0,0,0,0,0,0,0,0,0,0,0,0,0,0,0,0,0,0,0,0,0,1,0,0,0,0,0,0,0,0,0,0,0,0,0,0,0,0,1,0,0,0,0,0,0,0,0,0,0,0,0,0,0,0,0,0,0,0,1,0,0,0,0,0,0,0,0,0,0,0,0,0,0,1,0,0,0,0,0,0,0,0,0,0,0,0,0,0,0,0,0,0,0,0,0,0,0,0,0,0,0,1,0,0,0,0,0,0,0,0,0,0,0,1,0,0,0,0,0,0,0,0,0,0,0,0,0,0,0,0,0,0,0,0,0,1,0,0,0,0,0,0,0,0,0,0,0,0,0,0,0,0,0,0,0,0,0,0,1,0,0,0,0,0,0,0,0,0,0,0
8.071,34,0.727493580445948,-0.5453844756808454,0.2695338716318564,0.5812720522785495,0.8641462577941542,0.4919894802174797,3.315237013530869e-17,0.5456891382346549,0.4513207884449373,-0.6436586290033255,0.3608880947760026,0.4772250773093792,-0.029019580036169,-0.5241893857271085,-0.6339310122553641,0.4698260778817934,0.5650874234710316,-0.4664761936061571,0.5020725899234983,0.4636436073787344,0.3031278984867255,0.6720702464549075,-0.442755318148964,0.4624417850550683,-0.3294786867403974,0.1310488394687021,-0.5779450778617654,0.4438233007646114,0.5340319312215551,0.7632563408793842,-0.2270442942026849,0.4292242790376804,0.8567671482343681,0.4102040639605744,0.174553635392394,0.3762822000184388,0.7338759219536916,-0.5446965013045147,-0.0346806575534365,0.3753342963074776,-0.6354748762595751,0.1804473845733814,-0.11432549447069,0.3686805264099286,0.3073243184637375,0.8913127964401945,-0.0001305451469532,0.3532733180432367,0.7639904239001545,-0.3639468765512915,-0.2932710152590428,0.3429942398489209,-0.2152852076456046,-0.5342683634992268,-0.5872111462130751,0.3378622756056808,-0.3152140451748273,0.8072082072749964,-0.2229301578075017,0.3308415854260721,-0.4721916821894389,-0.0811395470634859,-0.5032976425068298,0.3060475683870047,-0.8025834438142303,0.1772309722097944,-0.2619105864246522,0.2999506728809734,-0.27920152083106,-0.4731367954797543,0.401323705775928,0.2625217020737615,-0.4530211956827942,-0.373147398137754,-0.474645985217116,0.2490456603488118,-0.1692526200259652,0.9242145462278114,-0.1629669361781497,0.24510538305391,0.5521148537724462,0.6920254667287705,-0.3114461475157835,0.2394719026065551,-0.7583264699384065,-0.105634824681719,-0.366861131751769,0.2232643586416159,-0.6115800284019777,-0.436488590824601,0.3783869404706274,0.1847480786192755,0.0181705787164517,0.0046244826120047,-0.6348876038009224,0.1760634761152758,0,0,0,1,0,0,0,0,0,0,0,0,0,0,0,0,0,0,0,0,1,0,0,0,0,0,0,0,0,0,0,0,0,0,0,0,0,0,0,0,0,0,0,0,0,0,1,0,0,0,0,0,0,0,0,0,0,0,0,0,0,0,0,0,0,0,0,0,0,0,0,0,0,0,0,0,1,0,0,0,0,0,0,0,0,0,1,0,0,0,0,0,0,0,0,0,0,0,0,0,0,0,0,0,0,0,1,0,0,0,0,0,0,0,0,0,0,0,0,0,0,0,0,0,0,0,1,0,0,0,0,0,0,0,0,0,0,0,0,0,0,0,0,1,0,0,0,0,0,0,0,0,0,0,0,0,0,0,0,0,0,0,0,0,0,0,0,0,0,0,0,0,0,0,0,0,1,0,0,0,1,0,0,0,0,0,0,0,0,0,0,0,0,0,0,0,0,0,0,0,0,0,0,0,0,1,0,0,0,0,0,0,0,0,0,0,0,0,0,0,0,0,0,0,0,0,0,0,0,0,0,1,0,0,0,0,0,0,0,0,0,0,0,0,0,0,0,0,0,0,0,0,0,0,0,0,1,0,0,0,1,0,0,0,0,0,0,0,0,0,0,0,0,0,0,0,0,0,0,0,0,0,0,0,0,0,0,0,0,0,0,0,0,0,0,0,1,0,0,0,0,0,0,1,0,0,0,0,0,0,0,0,0,0,0,0,0,0,0,0,0,0,0,0,0,0,0,0,0,0,0,1,0,0,0,0,0,0,0,0,0,0,0,0,0,0,0,1,0,0,0,0,0,0,0,0,0,0,0,0,0,0,0,0,0,0,0,0,0,0,0,1,0,0,0,0,0,0,0,0,1,0,0,0,0,0,0,0,0,0,0,0,0,0,0,0,0,0,0,0,0,0,0,1,0,0,0,0,0,0,0,0,0,0,0,0,0,0,0,0,1,0,0,0,0,0,0,0,0,0,0,0,0,0,0,0,0,0,0,0,0,1,0,0,0,0,0,0,0,0,0,0,0,0,0,0,0,0,0,0,0,0,0,0,0,1,0,0,0,0,0,0,0,0,0,0,0,0,0,0
8.494,35,0.8389745850142957,0.5434074157469797,-2.008271454734797e-17,0.5775214784114306,0.7906821961838013,-0.6031335895575768,-0.0740486666292997,0.5439507632764589,0.328830727148572,-0.916000893016748,0.1848728834677251,0.465545280377117,0.1437750900696855,0.9089124072246196,-0.000278551125236,0.4620681362236449,0.1009424445920586,0.9195287090546972,0.1966179504795889,0.4596698359699712,0.3836821779897287,0.9191162129956906,0.0600360806434725,0.4518115089097814,0.0788745921313743,-0.9588995692473142,0.0212982321751854,0.4212889704577178,0.637749205736169,-0.5464476900280304,-0.5292683746248643,0.3941837833681679,0.1576979173592639,-0.9478122799281172,0.074334089414474,0.3881262264132359,0.4114684634142175,-0.4213604369659627,-0.7716938022106344,0.3855099312191736,0.8879581139280661,-0.4339703345868257,0.1341142282084431,0.3851303688877354,0.2511464713222406,-0.7229600158512269,0.6243463225929655,0.3816616443838041,0.935414114658592,0.3483066668018048,-0.0199447235199161,0.3787434114072498,0.2041122480229743,-0.5144942196300278,0.7865195208526012,0.3731446292065762,0.3571493197985552,-0.5528736927607277,0.7126451353705922,0.3471968121050595,0.4563606093942039,0.8846474700832762,0.0552510578632045,0.296673759606401,0.6849268539371629,-0.5315603608379236,-0.4743229147608601,0.293191234639779,0.0003760924512043,-0.7820337977516467,0.5995940382611666,0.2776018245379414,-0.2767629120186259,-0.7322537537907389,0.5929186014477702,0.2698666732594199,0.3108168739070943,0.9338136073777908,-0.0904938646570563,0.2647124382884566,0.726645620777646,-0.5220923192844322,-0.3243641733930682,0.2458716050607455,0.6138934521153891,0.1961362173454355,-0.7349297635049675,0.2355524717369878,0.5059272771114336,0.6691199974821657,0.5217344421629203,0.1863092260893935,0.530277041382402,0.785933343292978,0.2964937025824449,0.1793433158053033,1,0,0,0,0,0,0,0,0,0,0,0,0,0,0,0,0,0,0,0,0,0,0,1,0,0,0,0,0,0,0,0,0,0,0,0,0,0,0,0,0,0,0,1,0,0,0,0,0,0,0,0,0,0,0,0,0,0,0,0,0,0,0,0,0,0,1,0,0,0,0,0,0,0,0,0,0,0,0,0,0,0,0,0,0,0,1,0,0,0,0,0,0,0,0,0,0,0,0,0,0,0,0,1,0,0,0,0,0,0,0,0,0,0,0,0,0,0,0,0,0,0,0,0,0,0,0,0,1,0,0,0,0,0,0,0,0,0,0,0,1,0,0,0,0,0,0,0,0,0,0,0,0,0,0,0,0,0,0,0,0,0,0,0,0,0,0,0,1,0,0,0,0,0,0,0,0,0,0,0,0,0,0,0,0,0,0,0,0,0,0,0,0,0,0,0,1,0,0,0,0,0,0,0,0,0,1,0,0,0,0,0,0,0,0,0,0,0,0,0,0,0,0,1,0,0,0,0,0,0,0,0,0,0,0,0,0,0,0,0,0,0,0,0,0,0,0,0,0,0,0,0,0,0,0,0,1,0,0,0,0,0,0,0,0,0,0,0,1,0,0,0,0,0,0,0,0,0,0,0,0,0,0,0,0,0,0,0,1,0,0,0,0,0,0,0,0,0,0,0,0,0,0,0,0,0,0,0,0,0,0,1,0,0,0,0,0,0,0,0,0,0,0,0,0,0,0,0,0,0,0,1,0,0,0,0,0,0,0,0,1,0,0,0,0,0,0,0,0,0,0,0,0,0,0,0,0,0,0,0,0,0,0,0,0,0,0,0,0,0,0,0,0,0,0,0,1,0,0,0,0,0,0,0,0,1,0,0,0,0,0,0,0,0,0,0,0,0,0,0,0,0,0,0,0,1,0,0,0,0,0,0,0,0,0,0,0,0,0,0,0,0,0,0,0,1,0,0,0,0,0,0,0,0,0,0,0,0,0,0,0,0,0,0,0,0,0,0,0,0,0,0,0,0,0,0,1,0,0,0,1,0,0,0,0,0,0,0,0,0,0,0,0,0,0,0,0,0,0,0
8.944,36,0.7551872577445511,-0.6261299913056215,-0.1039839804497222,0.5644965941909998,0.8904721515609261,0.4535273053949517,1.1193208619068209e-17,0.5371856628405192,0.1740537469175697,0.8936380137824633,0.211014117072332,0.4797220099633941,0.5044988574869599,-0.7120358568730266,-0.2497026198231117,0.479455394047152,0.5816882900894502,-0.6301746841031641,-0.2666521220896415,0.45045273727997,0.4924437711214726,0.8575785160624397,0.0326820558947089,0.4409427312307248,0.4492955385301142,-0.4329248162713772,0.5616305099994567,0.4166473616165926,0.7004925808108303,-0.6442063502149769,0.2132470807311336,0.3795515014565883,0.6416149072145828,-0.5234058441968975,0.4191697061360783,0.3687634466237791,0.2575108689075863,0.7600927686117313,-0.4396324569383689,0.3628218639712435,0.9526398578605872,0.2867128211689207,-0.0084531969602349,0.3589989324001842,0.3295987151865489,0.8648378218740304,-0.2909380601073019,0.3498183090520653,0.4717425315208256,0.8316857340842558,0.1847224848095708,0.3202437395542611,0.4126014516067861,0.7314042984817525,-0.4308693928986737,0.3133273210536427,0.3230361716623333,0.6360388265608753,0.5138537876755003,0.2953144429189973,0.6769539109487787,-0.6672009763952229,0.1652210039378595,0.2858829663062029,0.4092631056852448,0.7434954755803379,0.3604350097109511,0.277842600849267,0.6877396464890907,-0.0437033469519048,0.454137669721718,0.2766476447106334,0.502505878470902,0.8251296373133631,0.0852691661821089,0.2703392536227115,0.5578470682803489,-0.5127227122757512,0.4954108756566409,0.2596727076157902,0.0370095274883015,0.9382737585306008,-0.2575004435508951,0.2472950977800447,-0.0828052773692202,0.9376711678073216,-0.1309458189024526,0.2398990173376953,0.700688134757227,-0.1456920530279943,0.4347520794063831,0.2278658590757107,-0.0198129317085619,0.95454074466604,-0.143064687467759,0.2215811973418379,0,0,0,1,0,0,0,0,0,0,0,0,0,0,0,0,0,0,0,0,1,0,0,0,0,0,0,0,0,0,0,0,0,0,0,0,0,0,0,0,0,0,0,0,0,0,1,0,0,0,0,0,0,0,0,0,0,0,0,0,0,0,0,0,0,0,1,0,0,0,0,0,0,0,0,0,0,0,0,0,0,0,0,0,0,0,1,0,0,0,0,0,0,0,0,0,0,0,0,0,0,0,0,1,0,0,0,0,0,0,0,0,0,0,0,0,0,0,0,0,0,0,0,0,0,1,0,0,0,0,0,0,0,0,0,0,0,0,0,0,1,0,0,0,0,0,0,0,0,0,0,0,0,0,0,0,0,0,0,0,0,0,0,0,0,0,0,0,0,0,0,1,0,0,0,0,0,0,0,0,0,0,0,0,0,0,0,0,1,0,0,0,0,0,0,0,0,0,0,0,0,0,0,0,0,0,0,0,0,0,0,0,0,0,0,0,1,0,0,0,0,0,0,1,0,0,0,0,0,0,0,0,0,0,0,0,0,0,0,0,0,0,0,0,0,0,0,0,0,0,0,1,0,0,0,0,0,0,0,0,0,0,0,0,0,0,0,0,1,0,0,0,0,0,0,0,0,0,0,0,0,0,0,0,0,0,0,0,0,0,0,0,0,0,0,0,1,0,0,0,0,0,0,0,0,0,0,0,0,0,0,0,0,0,0,0,1,0,0,0,1,0,0,0,0,0,0,0,0,0,0,0,0,0,0,0,0,0,0,0,0,0,0,0,0,1,0,0,0,0,0,0,0,0,0,0,0,0,0,0,0,0,0,0,0,1,0,0,0,0,0,0,0,0,0,0,0,0,0,0,0,0,0,1,0,0,0,0,0,0,0,0,0,0,0,0,0,0,0,0,0,0,0,1,0,0,0,0,0,0,0,0,0,0,0,0,0,0,0,0,0,0,0,0,0,0,0,0,1,0,0,0,0,0,0,0,0,0,0,0,0,0,0,0,0,0,0,0,0,0,0,1,0,0,0,0,0,0,0,0,0,0,0,0,0,0,0,0,1,0,0,0,0,0,0,0,0,0,0,0
8.683,37,0.9062704039412413,0.419241353463257,7.17494100534223e-18,0.5936824795471033,0.7150899103919347,-0.5854855322023819,-0.3087093995282567,0.5868357899060997,0.4248527490271983,-0.6131576196009706,-0.4775136677073247,0.4957686854771082,0.5318529252476755,-0.5198349400894232,-0.4931686709538881,0.47305596677292,0.1982421692113047,0.7299166595115009,0.5223920359766674,0.4635504637694819,0.5315464574160325,0.7938917462481773,0.2250985363339953,0.4585302966111242,-0.0941904724747578,0.7916345965265231,0.4307618472056263,0.4166473616165926,0.5511486793566095,-0.4741303399066555,0.5361450041813592,0.4069843610252422,0.9514529218458908,0.2436784103015195,-0.1035734790861098,0.3884171152085472,0.6757154526535059,-0.6950692477080074,-0.0153353892533555,0.3842822798810275,0.4365051536467347,0.8392246406099761,0.0698809305014099,0.3719695447721679,0.1897809142344121,0.4962320268920934,0.641676611609244,0.3670584681928383,0.4666839645314674,0.8054399607100882,0.1702305519280695,0.3624563251060738,0.6192484835274771,-0.6214119338302012,0.3019820886506813,0.3510239273252857,0.3804665516157974,0.343395186127875,0.5706689484318914,0.3252318157094018,-0.383190135574792,-0.2585743573926159,0.7816977130850913,0.2918505228901669,-0.0984233651119599,0.3999510411817063,0.6835736348159406,0.2909846529561931,-0.4294850141617982,0.3517565096210469,0.6942290150968492,0.2879376638376395,0.6372675678385666,-0.713764916888352,-0.1299080926194863,0.2842403781531437,0.560562412322466,-0.6220007389218385,0.3463899445413634,0.2486614432367426,-0.2523387191089205,-0.2116679699314687,0.8690898552025503,0.2182911503135556,-0.1962792410757242,0.0473300894714112,0.9016509418680676,0.215047141886307,0.2434378431986299,-0.6347072216716255,0.4930474485182877,0.2124884469380838,-0.4780115168267402,-0.8026986339306671,0.3205301530523813,0.1526444000835444,1,0,0,0,0,0,0,0,0,0,0,0,0,0,0,0,0,0,0,0,0,0,0,1,0,0,0,0,0,0,0,0,0,0,0,0,0,0,0,0,0,0,0,0,0,0,1,0,0,0,0,0,0,0,0,0,0,0,0,0,0,0,0,0,0,0,1,0,0,0,0,0,0,0,0,0,0,0,0,0,0,0,0,0,0,0,0,0,0,0,0,1,0,0,0,0,0,0,0,0,0,0,0,1,0,0,0,0,0,0,0,0,0,0,0,0,0,0,0,0,0,0,0,0,0,1,0,0,0,0,0,0,0,0,0,0,0,0,0,0,0,0,0,0,0,1,0,0,0,0,0,0,0,0,0,0,0,0,0,0,0,0,0,0,0,0,0,0,0,0,0,0,0,0,0,0,1,0,0,0,1,0,0,0,0,0,0,0,0,0,0,0,0,0,0,0,0,0,0,0,0,0,0,0,0,0,1,0,0,0,0,0,0,0,0,0,0,0,0,0,1,0,0,0,0,0,0,0,0,0,0,0,0,0,0,0,0,0,0,0,0,0,0,0,0,0,1,0,0,0,0,0,0,0,0,0,0,0,0,0,0,0,0,0,0,0,0,0,0,0,0,1,0,0,0,0,0,0,0,0,0,0,0,0,0,0,0,0,0,0,0,0,0,0,0,0,1,0,0,0,0,0,0,0,0,0,0,0,0,0,0,0,0,0,0,0,1,0,0,0,0,0,0,1,0,0,0,0,0,0,0,0,0,0,0,0,0,0,0,0,0,0,0,0,0,0,1,0,0,0,0,0,0,0,0,0,0,0,0,0,0,0,0,0,0,0,0,0,0,0,0,0,0,0,0,0,1,0,0,0,0,0,0,1,0,0,0,0,0,0,0,0,0,0,0,0,0,0,0,0,1,0,0,0,0,0,0,0,0,0,0,0,0,0,0,0,0,0,0,0,0,0,0,0,0,0,0,0,0,0,0,1,0,0,0,0,0,0,0,0,0,0,0,0,0,0,0,0,0,0,0,0,0,0,0,0,1,0,0,0,0,0,0,0,0,0,0,0,1,0,0,0,0,0,0,0,0,0,0,0
7.577,38,0.8365035091047457,0.5474722516040349,1.61398280241741e-17,0.5602249613289135,0.799276797614846,-0.5804971982803997,-0.0385426628812135,0.5405385672166348,-0.0612715795759979,0.9018768710791946,0.2440576792030331,0.4777979322535561,0.1323113782881637,-0.7046158476284713,-0.6488101122685246,0.4449248133407565,0.3969935347884459,0.9065046699636636,0.0390884125901545,0.4437379715970491,0.4777619253927114,-0.7807318437231595,0.3585086377468236,0.4306756467354729,0.5091488124415476,-0.6929957647783092,-0.470639943493722,0.4242548257072686,0.1950081891369757,-0.8636210915050183,0.3793972314545044,0.4204521956745112,-0.2209867316146154,0.853491057709,-0.0254530708596698,0.4069843610252422,-0.1342516874651621,0.7799639929310728,0.4822808960826387,0.3912490607558875,0.9097172268606682,-0.3404924469857535,0.0218852090532889,0.3848240437684646,-0.6334111873553,-0.1492737675522996,0.6238630155842037,0.379746095644642,0.922895758484636,0.3695444113915676,-0.0107062505964252,0.3719581308580341,0.3205801730944003,-0.8355694407595899,0.3415134313387941,0.3604676414339255,0.3859225202236691,0.8823844404992732,-0.0313641169197014,0.3435663217200888,0.059098996711623,0.7220207722731784,0.5567944476944959,0.3419528052128334,0.3770053672940714,0.8849585020899798,-0.0547426582786175,0.3390954731369872,-0.7821083060065331,0.0862139025199098,0.4327817186599897,0.330775738034968,-0.6769564836326618,0.4287490912585213,0.3116148216019923,0.3298718261883286,-0.7600270757949323,-0.1830232956022196,-0.4540631853661668,0.3270540296120964,0.4721451061844723,-0.5091582910096242,0.671503118579129,0.3128599132774427,0.2540713288104196,-0.2774936495484376,0.861843417555213,0.3078915748694814,-0.0460882381142932,-0.3007895142821409,0.8798691286283509,0.303361093265924,-0.7617082154254136,-0.4454258142868944,-0.2784942201558823,0.2973981562772457,1,0,0,0,0,0,0,0,0,0,0,0,0,0,0,0,0,0,0,0,0,0,0,1,0,0,0,0,0,0,0,0,0,0,0,0,0,0,0,0,0,0,0,0,0,0,0,0,0,0,0,1,0,0,0,0,0,0,0,0,0,0,0,0,0,0,0,0,0,0,0,0,0,0,0,0,1,0,0,0,0,0,0,1,0,0,0,0,0,0,0,0,0,0,0,0,0,0,0,0,0,0,0,1,0,0,0,0,0,0,0,0,0,0,0,0,0,0,0,0,1,0,0,0,0,0,0,0,0,0,0,0,0,0,0,0,0,0,0,0,0,0,0,0,0,0,0,0,1,0,0,0,0,0,0,0,0,0,0,0,0,0,0,0,0,1,0,0,0,0,0,0,0,0,0,0,0,0,0,0,1,0,0,0,0,0,0,0,0,0,0,0,0,0,0,0,0,0,0,0,0,0,0,0,0,0,1,0,0,0,0,0,0,0,0,0,0,0,0,0,0,0,0,0,0,0,0,0,0,0,0,0,0,0,0,0,1,0,0,0,0,0,0,0,0,0,0,0,0,0,0,0,0,0,0,0,1,0,0,0,0,0,0,0,0,0,0,0,1,0,0,0,0,0,0,0,0,0,0,0,0,0,0,0,0,0,1,0,0,0,0,0,0,0,0,0,0,0,0,0,0,0,0,0,0,0,0,0,0,0,0,0,0,0,0,0,1,0,0,0,0,0,0,0,0,0,1,0,0,0,0,0,0,0,0,0,0,0,0,0,1,0,0,0,0,0,0,0,0,0,0,0,0,0,0,0,0,0,0,0,0,0,0,0,0,0,0,0,0,0,0,1,0,0,0,0,0,0,0,0,0,0,0,0,0,0,0,0,0,0,0,0,0,0,0,0,1,0,0,0,0,1,0,0,0,0,0,0,0,0,0,0,0,0,0,0,0,0,0,0,0,1,0,0,0,0,0,0,0,0,0,0,0,0,0,0,0,0,0,0,0,0,0,0,0,0,0,1,0,0,0,0,0,0,0,0,0,0,0,0,1,0,0,0,0,0,0,0,0,0,0,0,0,0,0,0,0,0,0,0
9.042,39,0.7880922878648875,0.6092044506381036,-1.0078585368911185e-17,0.5900368666601189,0.8091584483827965,-0.49307913596856,0.0834422224042036,0.5354749090640821,-0.3823591559744169,-0.2617379773821121,-0.30517938025051,0.5171051071802327,-0.0049091350546195,0.7944762587442658,-0.1250089168335071,0.505880609433345,0.3530573114830257,0.8648654276896639,-0.12738892721759,0.4633507935400073,0.4495066934844135,-0.730549953103037,0.3875573044493003,0.4396311414301273,0.3746577988793224,-0.6722091490223966,-0.4968912692712587,0.4082622189436867,0.6305738720778888,-0.6288108107371722,-0.2885135411958425,0.3996211023093336,0.8393900725212242,-0.2350476393697316,0.1916258653296924,0.3908510578508021,0.8171891027684746,0.5161075631490484,0.0805100424780823,0.3889474354622942,-0.1145252222575824,-0.4861315446190321,-0.5598142762067825,0.3786229828766075,0.3285030639362173,-0.4230601874072404,0.6796447207868656,0.3762780164501396,0.3714367876351563,-0.8068780802958451,0.3854370313462062,0.3692101317028498,0.3012098547457941,0.7527532989063992,-0.400211460576535,0.3456324681214555,0.0013675179864203,-0.9229135341015462,0.3475207276382836,0.3440210876725864,-0.487566859938809,-0.2741834546335339,-0.3340349468025557,0.3438644645227565,0.2986288957709265,0.913773755025404,0.0796771749620384,0.3223698616489324,0.3311950767545585,0.2909383875602409,0.8163058239965248,0.3106404691924812,0.1718279004468033,-0.0293987738292945,0.9728496712592684,0.2683224500059916,0.3716090265704709,0.5920047880983982,-0.5531218182201652,0.2291731880423126,-0.302415375814095,0.8842492395389581,0.0365108530438622,0.225377442409225,-0.8896691249910695,-0.1847805146148812,0.4007858428125625,0.2152875788737213,-0.9688704686461076,0.2299316315717278,-0.0503242095896006,0.2059356485984415,-0.937530810967079,0.0026359654972028,-0.335598731743876,0.2008542988205991,1,0,0,0,0,0,0,0,0,0,0,0,0,0,0,0,0,0,0,0,0,0,0,1,0,0,0,0,0,0,0,0,0,0,0,0,0,0,0,0,0,0,0,0,0,0,0,0,0,0,0,0,0,0,0,0,1,0,0,0,0,0,0,0,0,0,1,0,0,0,0,0,0,0,0,0,0,0,0,0,0,0,0,1,0,0,0,0,0,0,0,0,0,0,0,0,0,0,0,0,0,0,0,1,0,0,0,0,0,0,0,0,0,0,0,0,0,0,0,0,0,0,0,0,0,0,0,0,0,0,0,0,0,0,0,0,1,0,0,0,1,0,0,0,0,0,0,0,0,0,0,0,0,0,0,0,0,0,0,0,0,0,0,0,0,0,1,0,0,0,0,0,0,0,0,0,0,0,0,0,0,0,0,0,0,0,0,0,0,0,0,0,0,0,0,0,1,0,0,0,0,0,0,0,0,1,0,0,0,0,0,0,0,0,0,0,0,0,0,0,1,0,0,0,0,0,0,0,0,0,0,0,0,0,0,0,0,0,0,0,0,0,0,0,0,0,0,0,1,0,0,0,0,0,0,0,0,0,0,0,0,0,0,1,0,0,0,0,0,0,0,0,0,0,0,0,0,0,0,0,0,0,0,0,0,0,0,0,1,0,0,0,0,0,0,0,0,0,0,0,1,0,0,0,0,0,0,0,0,0,0,0,0,0,0,0,0,0,0,0,0,0,0,0,0,0,0,0,0,0,0,1,0,0,0,0,0,0,0,0,0,0,0,0,0,1,0,0,0,0,0,0,0,0,0,0,0,0,0,0,0,0,0,0,1,0,0,0,0,0,0,0,0,0,0,0,0,0,0,0,0,0,0,0,0,0,0,0,1,0,0,0,0,0,0,0,0,0,0,0,0,0,0,0,0,0,0,0,0,0,0,0,0,0,0,0,1,0,0,0,0,0,0,0,0,0,1,0,0,0,0,0,0,0,0,0,0,0,0,0,0,0,0,0,0,0,0,0,0,0,0,1,0,0,0,0,0,0,0,0,1,0,0,0,0,0,0,0,0,0,0,0,0,0,0,0,0,0,0,0
8.334,40,0.8522489195784508,0.5178812967192279,-2.1128624264406498e-17,0.5825391124372594,0.7629363022563422,-0.5169234890847332,0.1699467806573741,0.559097127770936,-0.3541745222471292,-0.3994599609432882,-0.5242794723785881,0.5319823868254853,0.0976018543919273,0.7695929705925562,-0.3077749346654814,0.5183308147290902,0.2886347922726926,-0.7609657483458973,0.4554569556494094,0.4773162049855068,0.4768864089888021,0.7821137253026308,-0.227887048001912,0.4575112400932278,0.0617157760378143,-0.6499348879534447,0.5787089213152384,0.4532553436620282,0.0345001623985186,-0.781331063494426,0.3866761447476891,0.4387849969944436,0.6240546436098694,-0.6123480930909578,-0.2283626883617035,0.4001094981140574,-0.6334884761104694,0.5176651823374652,0.0631603343899582,0.3985195944736721,0.7951275862588021,-0.2878691932864672,0.3276833246042758,0.3941862022380221,0.3613893583509369,-0.6951756863795089,-0.4585614893009145,0.3918775235041141,0.8492077921779144,0.4508081814112453,0.1603761779018633,0.388165178290929,-0.5598498672537283,-0.443162826034791,-0.3951859873027278,0.371901293215417,-0.1280734792327699,-0.8453611929126623,-0.404718475545906,0.355868014891622,0.4553905546054335,0.6113561096947923,-0.4826074453315197,0.3421241374350435,-0.4514849880533205,0.300022104496185,-0.3583714107197284,0.3222509542032633,0.4131503821686991,0.8675844328898987,-0.0249565469808231,0.3175564751376056,0.2530890217955787,-0.7222386579244263,0.5558800293624981,0.2891971724758453,-0.7954982546601849,0.5492812635692215,-0.1338493518849826,0.2726060594124336,0.4543372941623637,0.4529262085867018,-0.5721804307588362,0.2497165854689726,-0.7447927457351654,-0.1273441968830704,-0.6217819592499483,0.2151518218385402,0.1067066489559131,0.2025973021208812,0.7061706980672984,0.2072243471172007,-0.5345372564672642,-0.6736495040178035,-0.3737147353995101,0.2051663359738962,1,0,0,0,0,0,0,0,0,0,0,0,0,0,0,0,0,0,0,0,0,0,0,1,0,0,0,0,0,0,0,0,0,0,0,0,0,0,0,0,0,0,0,0,0,0,0,0,0,0,0,0,0,0,0,0,1,0,0,0,0,0,0,0,0,0,1,0,0,0,0,0,0,0,0,0,0,0,0,0,0,0,0,1,0,0,0,0,0,0,0,0,0,0,0,0,0,0,0,0,0,0,0,1,0,0,0,0,0,0,0,0,0,0,0,0,0,0,0,0,0,0,0,0,0,0,0,0,1,0,0,0,0,0,0,0,0,0,0,0,0,0,0,0,0,0,0,0,1,0,0,0,0,0,0,0,0,0,0,0,1,0,0,0,0,0,0,0,0,0,0,0,0,0,0,0,0,0,0,0,0,0,0,0,0,1,0,0,0,0,0,0,0,0,0,0,0,0,0,0,0,0,0,0,0,0,1,0,0,0,0,0,0,0,0,0,0,0,0,0,0,0,0,0,0,0,0,0,0,0,0,0,0,0,0,0,1,0,0,0,0,0,0,0,0,0,0,0,0,0,0,0,0,0,0,0,1,0,0,0,1,0,0,0,0,0,0,0,0,0,0,0,0,0,0,0,0,0,0,0,0,0,0,0,0,1,0,0,0,0,0,0,0,0,0,0,0,0,0,0,0,0,0,1,0,0,0,0,0,0,0,0,0,0,0,0,0,0,0,0,0,0,0,0,0,0,1,0,0,0,0,0,0,0,0,0,0,0,0,0,0,0,0,0,0,0,0,0,0,0,0,1,0,0,0,0,0,0,0,0,0,0,0,1,0,0,0,0,0,0,0,0,0,0,0,0,0,0,0,0,0,0,0,0,0,0,0,0,0,0,0,1,0,0,0,0,0,0,0,0,0,0,0,0,0,0,0,0,1,0,0,0,0,0,0,0,0,0,0,0,0,0,0,0,0,0,0,0,0,0,0,1,0,0,0,0,0,0,0,0,0,1,0,0,0,0,0,0,0,0,0,0,0,0,0,0,0,0,0,0,0,0,0,1,0,0,0,0,0,0,0,0,0,0,0,0,0,0,0,0
9.477,41,-0.555625936392177,0.0392739721539547,-0.5074254766183376,0.5881908305794297,0.7642780217108249,-0.5513622247708382,0.2245926592404486,0.5602811391423732,0.8373693587590605,0.5427214100440256,-2.188814652726218e-17,0.5503597513280071,0.081982112024617,0.8565080204701045,-0.2981089916477776,0.5036309697484264,0.6169198302469028,-0.5163865889393853,0.3914423081772963,0.4740584331327866,0.163077562561648,-0.8622869787526405,-0.3870368459347759,0.4516270399256992,0.6721496131662775,-0.4198910974565057,0.3508096590626921,0.4458668559454909,0.4087998992672264,-0.8760069157311502,-0.0530890159762566,0.4431027359721546,0.4328987352178898,0.8618671775455858,-0.157813639063471,0.4372681902619874,-0.0090445930345398,-0.1776650764047195,0.833881183571956,0.4132925481205148,-0.6277542475475121,-0.0349925411619118,0.5558662652462797,0.3930250784092924,-0.6345846777229424,0.0243146854281519,-0.5055379884679215,0.3724381223810608,0.8905487246939018,0.404604664583905,0.1142404882362331,0.3703186897521908,-0.3817855214938156,-0.5881538600882315,-0.546241005250568,0.3649814018033265,-0.5363350140497607,0.6066836029407641,-0.1413086011837595,0.3620151529138262,0.3348076110480177,0.9063599974919077,0.1147002103836276,0.3207751769064172,0.3975042427384729,-0.8645466544957422,0.075700616462559,0.3163310611798884,0.4462826635672804,0.7573381599531996,-0.421245608399787,0.3149941966126066,-0.2437452047802698,0.8803165647727617,0.1815518640404063,0.3032990295769108,-0.3639885545951047,0.0922222396187681,0.8902576914545184,0.3003933092013279,-0.6793024899950659,0.1371925680478802,0.6691088646708715,0.2774314316535674,0.1479158380577658,0.4303875441368228,-0.7343917748264901,0.2746858740494008,0.489960909926086,0.3076958590970994,-0.7362487427287048,0.2652733394092569,0.3827695548306302,0.5186806341550582,-0.6761632024195299,0.2612633984319331,0,0,0,0,0,0,0,0,0,0,0,0,0,0,0,0,1,0,0,0,0,0,0,1,0,0,0,0,0,0,0,0,0,0,0,0,0,0,0,0,1,0,0,0,0,0,0,0,0,0,0,0,0,0,0,0,0,0,0,0,0,0,0,0,0,0,1,0,0,0,0,0,0,0,0,0,0,0,0,0,0,0,0,0,0,0,1,0,0,0,0,0,0,0,0,0,0,0,0,0,0,0,0,0,0,0,0,0,0,0,0,0,0,0,0,0,1,0,0,0,0,0,0,0,0,0,1,0,0,0,0,0,0,0,0,0,0,0,0,0,1,0,0,0,0,0,0,0,0,0,0,0,0,0,0,0,0,0,0,0,0,0,0,1,0,0,0,0,0,0,0,0,0,0,0,0,0,0,0,0,0,0,0,0,0,0,0,1,0,0,0,0,0,0,0,0,0,0,0,0,0,0,0,0,0,0,0,1,0,0,0,0,0,0,0,0,0,0,0,0,1,0,0,0,0,0,0,0,0,0,0,0,0,0,0,0,0,0,0,0,0,0,0,0,0,0,0,0,0,0,0,0,0,0,0,0,1,0,0,0,0,0,0,0,0,1,0,0,0,0,0,0,0,0,0,0,0,0,0,0,0,0,0,0,0,0,1,0,0,0,0,0,0,0,0,0,0,0,0,0,0,0,0,0,0,0,0,0,0,0,0,1,0,0,0,0,0,0,0,0,0,0,0,0,0,0,0,0,0,0,0,1,0,0,0,0,0,0,0,0,0,0,0,1,0,0,0,0,0,0,0,0,0,0,0,0,0,0,0,0,0,0,0,0,0,0,0,0,0,0,0,0,0,0,0,0,1,0,0,0,0,1,0,0,0,0,0,0,0,0,0,0,0,0,0,0,0,0,0,0,0,1,0,0,0,0,0,0,0,0,0,0,0,0,0,0,0,0,0,0,0,0,0,0,0,0,0,0,1,0,0,0,0,0,0,0,0,0,0,0,0,0,0,0,0,0,0,0,1,0,0,0,0,0,0,0,0,0,0,0,0,0,0,1,0,0,0,0,0,0,0,0,0,0,0,0,0,0,0,0
8.968,42,-0.3847338719320153,0.2036080060515488,0.5408220260187705,0.587883626816362,0.7203277946516811,-0.5628007689024331,-0.2865073259764288,0.5829444276071112,0.8865300909879867,0.454427509467308,5.2041404663667545e-18,0.5717553312744911,-0.2526593084662872,-0.7330644494630587,-0.5855774573423951,0.5108227398461824,0.2080261991242026,-0.6600298193369661,-0.6575318850499878,0.4970045131798832,0.5134878922541442,0.7877639636551272,0.2355371246953327,0.4598084552436959,0.3262280938255515,0.8026777783057574,0.1732693526376268,0.4571286576378434,0.284292545491663,0.772093076910914,0.3054335838681249,0.445749046898049,0.532928299342126,-0.7594130691311968,0.1278636928963988,0.4193378263507023,0.2755805861562865,-0.8409508189788782,0.2672208457079243,0.3960033757710474,0.8199975724558346,-0.3511692457265015,-0.3348257414849952,0.3929123866423021,-0.5870845097234338,0.0876480745814895,0.4639336655919465,0.3891953875439636,0.9134498855205578,0.336792469585028,-0.0946118575238084,0.3763395339691626,-0.8120443283955003,-0.3062688681021967,-0.0527770913886777,0.3515968753260775,-0.7199007202458818,-0.5643165466099361,-0.1635832825603802,0.3512690486108007,0.4953027504509499,-0.6384699986043568,0.3846660189930224,0.3319682142588311,-0.7362906482797282,-0.2385036502361212,0.2759021099712571,0.3294776516009022,0.2762287018386684,0.0838742364346281,0.7692249925615886,0.3145404080181549,0.1986523443756064,-0.4763206360606902,-0.820753303702475,0.3028142464678534,0.5453731060659471,0.7938900637797668,0.161477279594885,0.2998801249801839,-0.7383365590830877,0.3806216855591098,-0.4733240202364178,0.2707777728902431,-0.3593143467538244,-0.713632601274608,0.3974969312391386,0.231645120705293,-0.1525887854554602,0.9115722969544162,-0.1552034349764244,0.2276070298867441,-0.771378487171617,0.4133616129438277,-0.3685272048259744,0.1961813091316418,0,0,0,0,0,0,0,0,0,0,0,0,0,0,0,0,1,0,0,0,0,0,0,1,0,0,0,0,0,0,0,0,0,0,0,0,0,0,0,0,1,0,0,0,0,0,0,0,0,0,0,0,0,0,0,0,0,0,0,0,0,0,0,0,0,0,0,0,0,0,0,0,0,0,0,0,1,0,0,0,1,0,0,0,0,0,0,0,0,0,0,0,0,0,0,0,0,0,0,0,0,0,0,1,0,0,0,0,0,0,0,0,0,0,0,0,0,0,0,0,0,0,0,0,0,0,1,0,0,0,0,0,0,0,0,0,0,0,0,0,0,0,0,0,0,0,1,0,0,0,0,0,0,0,0,0,0,0,0,0,0,0,0,1,0,0,0,0,0,0,0,0,0,0,0,0,0,0,0,0,0,0,0,0,0,0,0,0,1,0,0,0,0,0,0,0,0,0,0,0,0,0,0,0,0,0,1,0,0,0,0,0,0,0,0,0,0,0,0,0,1,0,0,0,0,0,0,0,0,0,0,0,0,0,0,0,0,0,0,0,0,0,0,0,0,0,0,0,0,0,0,0,0,0,0,0,1,0,0,0,0,0,0,0,0,0,0,0,0,0,0,1,0,0,0,0,0,0,0,0,0,0,0,0,0,1,0,0,0,0,0,0,0,0,0,0,0,0,0,0,0,0,0,0,0,0,0,0,1,0,0,0,0,0,0,0,0,0,0,0,0,0,0,1,0,0,0,0,0,0,0,0,0,0,0,0,0,0,0,0,0,0,0,0,0,0,0,0,1,0,0,0,0,0,0,0,0,0,0,0,0,0,0,0,0,0,0,0,0,0,0,1,0,0,0,0,0,0,0,0,0,0,0,0,0,0,0,0,0,0,0,1,0,0,0,0,0,0,0,0,0,0,0,0,0,0,0,0,1,0,0,0,0,0,0,0,0,0,0,0,0,0,0,0,0,0,0,0,1,0,0,0,0,0,0,0,0,0,0,0,0,0,0,0,0,0,0,1,0,0,0,0,0,0,0,0,0,0,0,0,0,0,0,1,0,0,0,0,0,0,0,0,0,0,0,0,0,0,0,0
8.686,43,-0.5252699957219433,0.1700603166414142,-0.4699636302473998,0.5650687174015105,0.7525538203206044,-0.598629300408941,0.1192217706957147,0.56469172351811,0.8433421880026414,0.5329942281345972,-3.2098593394085645e-17,0.5534890830375716,0.1037147749656601,0.8545250159606722,-0.2036090687868084,0.4979168891835099,-0.0773852849989572,-0.9385546312926524,-0.2422446988104688,0.4954609086200228,0.3395016719558657,-0.9077400080002912,-0.1568157016245553,0.4626186363864798,0.4463421461730717,0.8561115901335855,-0.1237278367435507,0.4361107291221637,0.523749015946541,-0.5339932822979746,0.5637852998672335,0.4223394494197796,0.8491691766465843,-0.3912370917812818,-0.0800425592706655,0.405940168425887,0.330638784347906,-0.4647495728033931,0.6575766773569913,0.3893650784544327,0.8964663015767439,0.389730932921434,0.0835164910996205,0.3721726836597404,-0.6125717196749891,0.0625969754022593,-0.4658498539054441,0.3657346874685835,0.5087395194114672,-0.4349281350105959,0.5884749151887336,0.3578879405398077,-0.4206028104673964,0.1702930899397674,0.6689564890736419,0.355995876084085,0.477107690336632,-0.533041477195314,0.5350400838182691,0.3449777279434005,0.4169554900418222,0.3674456228620614,-0.6808125627961543,0.3373142653367643,-0.5600903302915394,0.0914847367664856,0.6571896673153446,0.3246500460327236,0.3700490272681842,0.8934736851077505,0.1316275877266297,0.3170392447344196,-0.6028829419339006,0.0311084585990495,0.5083574660064398,0.3105908260825881,0.3571319449462681,0.5401934517280502,-0.6329670051212456,0.3070215834948963,-0.6361234627961443,0.155568509560743,0.6532658269855549,0.3012830458155925,-0.4365973939894837,0.6369583590603868,-0.2115848650303302,0.2939429014296602,0.3785601919804386,-0.8503677719282341,-0.2463581739355478,0.2848675291938262,-0.3201983718573116,-0.5132769178105239,-0.5827168537435272,0.2605659954623402,0,0,0,0,0,0,0,0,0,0,0,0,0,0,0,0,1,0,0,0,0,0,0,1,0,0,0,0,0,0,0,0,0,0,0,0,0,0,0,0,1,0,0,0,0,0,0,0,0,0,0,0,0,0,0,0,0,0,0,0,0,0,0,0,0,0,1,0,0,0,0,0,0,0,0,0,0,0,0,0,0,0,0,0,0,0,0,0,0,0,0,0,0,0,0,0,1,0,0,0,1,0,0,0,0,0,0,0,0,0,0,0,0,0,0,0,0,0,0,0,0,0,0,1,0,0,0,0,0,0,0,0,0,0,0,0,0,0,0,0,0,0,0,1,0,0,0,0,0,0,0,0,0,0,0,0,0,0,0,0,0,0,0,0,0,0,1,0,0,0,0,0,0,0,0,0,0,0,0,0,0,0,0,0,0,0,0,0,1,0,0,0,0,0,0,0,0,0,0,0,0,0,0,0,0,0,0,0,0,0,0,0,0,0,0,0,1,0,0,0,1,0,0,0,0,0,0,0,0,0,0,0,0,0,0,0,0,0,0,0,0,0,0,0,0,0,0,0,1,0,0,0,0,0,0,0,0,0,0,0,0,0,0,0,0,0,0,0,1,0,0,0,0,0,0,0,0,0,0,0,0,0,0,0,0,0,0,0,1,0,0,0,0,0,0,0,0,0,0,0,0,0,0,0,0,0,0,0,0,1,0,0,0,0,0,0,0,0,0,0,0,0,0,1,0,0,0,0,0,0,0,0,0,0,0,0,0,0,0,0,0,0,0,0,0,0,0,0,0,0,0,1,0,0,0,0,0,0,0,0,0,0,0,0,0,0,0,0,1,0,0,0,0,0,0,0,0,0,0,0,0,0,0,0,0,0,0,0,0,0,0,0,0,0,0,0,0,1,0,0,0,0,0,0,0,0,0,0,1,0,0,0,0,0,0,0,0,0,0,0,0,0,0,0,0,0,1,0,0,0,0,0,0,0,0,0,0,0,0,0,0,0,0,0,0,0,0,0,0,0,0,1,0,0,0,0,0,0,0,0,0,0,0,0,0,1,0,0,0,0,0,0,0,0,0,0,0,0,0,0
9.793,44,0.7519406594767364,-0.6508357374910136,0.0923503248518265,0.5645812057690339,0.8843330799011676,0.4657779864955442,1.8485185296862528e-17,0.5305265474408639,0.301347969710845,-0.9412030392611672,0.1379260251556995,0.5269584629527304,0.0904161355438878,0.9885735740404604,-0.0636698697002054,0.5244472028422793,0.4902971378910665,0.853767904206965,-0.1589543586040325,0.4365637074460042,0.2602710908638626,-0.1940696699318202,0.9409289879024592,0.4244493272171111,0.7024696846855998,-0.502898657598845,0.4998789155803423,0.3814012345108692,0.5746823472617356,-0.255316488892885,0.7743808625368545,0.368124453328052,0.462212332556127,-0.334463124262309,-0.7860369371685436,0.3669382579390037,0.788053559020315,-0.5499504929273205,-0.2687453760221905,0.365381441485277,0.9353788332733444,0.3190112819287346,0.141248706183762,0.3590623045656148,0.5660856488567508,-0.5096076208869651,-0.6426463798883284,0.3383741660528758,0.360641794657512,-0.5975099343865414,-0.6674259333505272,0.3368984182393494,0.4541099656241402,0.7197024418332824,-0.5160500635495348,0.3286434216074834,0.3714984242789825,0.6427232725498969,-0.6126340582526398,0.3204662365111975,0.4537083603605114,0.8808838288561415,0.1007048123718761,0.306496941086157,0.3721098344709765,0.6855927598747519,-0.5933765679198506,0.3001197017355017,0.8176680032479313,-0.4752435900697572,-0.1895480031489313,0.299784526322025,0.7837079773276762,-0.5572172454152979,-0.1708105334141572,0.2953447639441287,0.7269175259300474,-0.5518997019627305,0.4029479118145442,0.2785678741026713,-0.5501909675557872,0.5781460303935699,-0.5809769964454953,0.2674185066937794,0.5047176288025189,-0.1851125888087962,0.8403694126667389,0.2588247614855594,0.6220372607426528,0.7589108388921036,0.1374859542167805,0.2449291999296937,0.8027525702805218,0.1150635937388835,0.5458475269134978,0.2296634588780491,0,0,0,1,0,0,0,0,0,0,0,0,0,0,0,0,0,0,0,0,1,0,0,0,0,0,0,0,0,0,0,0,0,0,0,0,0,0,0,0,0,0,0,0,0,0,1,0,0,0,0,0,0,0,0,0,0,0,0,0,0,0,0,0,0,0,1,0,0,0,0,0,0,0,0,0,0,0,0,0,0,0,0,1,0,0,0,0,0,0,0,0,0,0,0,0,0,0,0,0,0,0,0,0,0,1,0,0,0,0,0,0,0,0,0,0,0,0,0,0,1,0,0,0,0,0,0,0,0,0,0,0,0,0,0,0,0,0,0,0,0,0,0,0,0,0,0,0,0,0,0,1,0,0,0,0,0,0,0,0,0,0,0,0,0,0,0,0,1,0,0,0,0,0,0,0,0,0,0,0,0,0,0,1,0,0,0,0,0,0,0,0,0,0,0,0,0,0,0,0,0,0,0,0,0,0,0,0,0,0,0,0,0,0,0,0,1,0,0,0,0,0,0,1,0,0,0,0,0,0,0,0,0,0,0,0,0,0,0,0,0,0,0,0,0,0,0,0,1,0,0,0,0,0,0,0,0,0,0,0,0,0,0,1,0,0,0,0,0,0,0,0,0,0,0,0,0,0,0,0,0,0,0,0,0,0,0,0,1,0,0,0,0,0,0,0,0,0,0,0,0,0,0,0,0,0,0,0,0,0,0,1,0,0,0,0,0,0,0,0,0,0,0,0,0,0,0,0,1,0,0,0,0,0,0,0,0,0,0,0,0,0,0,0,0,0,0,0,1,0,0,0,0,0,0,0,0,0,0,0,0,0,0,0,0,0,0,0,1,0,0,0,0,0,0,0,0,0,0,0,0,0,0,0,0,0,0,0,0,0,0,0,0,0,0,0,1,0,0,0,0,0,0,0,0,0,0,0,0,0,0,0,0,0,0,0,1,0,0,0,0,0,0,1,0,0,0,0,0,0,0,0,0,0,0,0,0,0,0,0,0,0,0,0,0,1,0,0,0,0,0,0,0,0,0,0,0,0,0,0,0,0,0,0,0,1,0,0,0,0,0,0,0,0,0,0,0,0,0,0
8.678,45,0.7219692165719866,-0.5799618986085305,-0.3615385845004856,0.5831921580682388,0.8493726080886566,0.523565010772039,9.77511876666208e-18,0.568461268460372,0.3544565406422142,-0.7614733605474596,-0.463490091176283,0.5020059438508745,0.5729223208335109,-0.4343350652203038,-0.6155626311838442,0.4627729385639373,0.4800163344364266,0.8144611871844356,0.3141303000628098,0.4359240286130935,0.2262181372568838,0.6336978323754769,0.7271286548848572,0.4339434210371065,-0.1800161843328475,0.7115032339636054,0.6548308373752778,0.424449327217111,0.2163001040711755,0.9657095579005578,0.0249839589003519,0.4209726125056936,0.8986997710935594,0.3793592327469826,-0.1885813209254763,0.3797564989429206,0.7651737050961428,-0.6233913330052351,-0.0246068688367972,0.3671823270704456,0.3411370355152562,0.3015747934299991,0.8787855651949144,0.3573232006997451,0.8121293273711613,-0.3369883636981609,0.3956573518792755,0.3501785480995956,0.7752131980590626,-0.4946960847104794,0.3515928357890966,0.3330147532023183,0.5953244329861573,0.105851699379523,0.787375200151877,0.3317025373719521,-0.2064398129932549,0.2175876337516127,0.9315628946933144,0.2982428424084363,0.5929382258906435,0.7426030545162837,0.3054750496532142,0.2852720843546847,0.0616107474887129,0.1897606793877313,0.9613221411489768,0.2793455517492353,0.7177844960632639,-0.6541504278774635,-0.1678276991228517,0.2757027800436403,0.6935907107836353,0.6657185037238987,0.1843901654806982,0.2617729657436528,0.6771178584524,0.6493723290909508,0.2699247304104172,0.2611543719785542,0.0631948699910059,-0.1109436746867759,0.9677426452386758,0.2541723078248737,-0.2686465031094756,-0.5578022477169062,0.7193232407965588,0.2472158926179336,0.2386070048955848,-0.1672418464465849,0.9295186149110702,0.2238545277999523,0.7408757601774381,-0.4837718357184445,0.4272602159382039,0.2152663565212763,0,0,0,1,0,0,0,0,0,0,0,0,0,0,0,0,0,0,0,0,1,0,0,0,0,0,0,0,0,0,0,0,0,0,0,0,0,0,0,0,0,0,0,0,0,0,1,0,0,0,0,0,0,0,0,0,0,0,0,0,0,0,0,0,0,0,1,0,0,0,0,0,0,0,0,0,0,0,0,0,0,0,0,1,0,0,0,0,0,0,0,0,0,0,0,0,0,0,0,0,0,0,0,0,0,0,0,0,0,0,0,1,0,0,0,0,0,0,0,0,0,0,0,0,0,1,0,0,0,0,0,0,0,0,0,0,0,0,0,0,0,0,0,0,0,0,1,0,0,0,0,0,0,0,0,0,0,0,0,0,0,0,0,0,0,0,0,0,0,0,0,0,0,0,0,0,1,0,0,0,1,0,0,0,0,0,0,0,0,0,0,0,0,0,0,0,0,0,0,0,1,0,0,0,0,0,0,0,0,0,0,0,0,0,0,0,0,0,0,0,0,0,0,0,0,1,0,0,0,0,0,0,0,0,0,0,0,0,0,0,0,0,0,0,0,0,0,0,0,0,0,1,0,0,0,0,0,0,0,0,0,0,0,0,0,0,0,0,0,0,0,0,0,0,0,0,1,0,0,0,0,0,0,0,0,0,1,0,0,0,0,0,0,0,0,0,0,0,0,0,0,0,0,1,0,0,0,0,0,0,0,0,0,0,0,0,0,0,0,0,0,0,0,1,0,0,0,0,0,0,0,0,0,0,0,0,0,0,0,0,0,0,0,0,0,0,0,0,0,0,0,0,0,0,0,0,1,0,0,0,0,0,0,0,0,0,0,0,1,0,0,0,0,0,0,0,0,0,0,0,0,0,0,0,0,0,0,0,1,0,0,0,0,0,0,0,0,0,0,0,0,0,0,0,0,0,0,0,0,0,0,1,0,0,0,0,0,0,0,0,0,0,0,0,0,0,0,0,0,1,0,0,0,0,0,0,0,0,0,0,0,0,0,0,0,1,0,0,0,0,0,0,0,0,0,0,0,0,0,0,0,0,0,1,0,0,0,0,0,0,0,0,0,0,0,0,0,0,0,0
8.029,46,0.7079039429485565,0.7055082555565144,1.409677920779172e-17,0.6051933560637139,0.7804691501229202,-0.4261222219994658,0.1864835032650407,0.5503616827983955,-0.1027501533205993,-0.6434722135935169,-0.2803412394787518,0.4992843442239015,0.0242795560776387,0.5787532611275397,-0.2904979437387549,0.4712856816791516,0.3164981623138882,0.8431140528823352,-0.1601413873718646,0.456452786904873,0.4113126901201278,-0.5924166362392909,0.4661375800823751,0.4527783769386848,-0.2382111483381897,0.4480872080717768,-0.1991284607912973,0.4181777164014419,0.7845947753358831,-0.098207070483439,0.1858443730267617,0.4149258085661405,0.6827850436156786,0.6590436651511881,0.1467390429426047,0.4072247760227138,0.6331827263102785,-0.6634218288333406,-0.0959597992334403,0.3987743270102201,-0.2853018984379824,0.5518917020554369,0.0346712982165536,0.3987578430960698,0.4629588072367238,-0.7751443276471768,-0.2481873755955946,0.3909215522363871,0.2845657140881029,-0.5823796755957028,0.4675821581200764,0.3874827886284831,0.3123524814226867,-0.671250072225462,0.4237355064867902,0.3783590049494946,-0.1959178816128713,-0.4486767171864937,-0.3446725108897062,0.3624658378530735,0.1896001148245092,0.9061606629429384,-0.0735424868974196,0.3554627613887956,0.3524550916888063,0.8167470639793242,-0.19907573924987,0.3536140424154473,0.019255581071119,0.5030831652506607,-0.3528956485682301,0.3501785480995956,-0.2809445784800308,-0.1309171042348025,-0.3458184430372175,0.315007551835578,-0.0962867596522773,-0.2599565490299746,0.9486413144295124,0.3148450835124164,0.072844975138341,-0.7828469220848384,-0.3109805333250763,0.2897417876883347,-0.4156008436242086,0.1354685526888892,-0.3780908694146314,0.2879849739451684,-0.5946812238681242,-0.0942040428541499,0.7910972119529324,0.2616692375897954,0.0504795473006747,0.0089228953169998,0.9882938101961948,0.2314270789885545,1,0,0,0,0,0,0,0,0,0,0,0,0,0,0,0,0,0,0,0,0,0,0,1,0,0,0,0,0,0,0,0,0,0,0,0,0,0,0,0,0,0,0,0,0,0,0,0,0,0,0,0,0,0,0,0,1,0,0,0,0,0,0,0,0,0,0,0,0,0,0,1,0,0,0,0,0,0,0,0,0,0,0,1,0,0,0,0,0,0,0,0,0,0,0,0,0,0,0,0,0,0,0,1,0,0,0,0,0,0,0,0,0,0,0,0,0,0,0,0,1,0,0,0,0,0,0,0,0,0,0,0,0,0,0,0,0,0,0,0,0,0,0,0,0,0,1,0,0,0,0,0,0,0,0,0,0,0,0,0,0,0,0,0,0,0,0,0,0,0,0,0,0,0,0,0,1,0,0,0,1,0,0,0,0,0,0,0,0,0,0,0,0,0,0,0,0,0,0,0,0,0,0,0,0,0,0,0,0,0,0,0,0,0,0,0,1,0,0,0,0,0,0,0,0,0,0,0,0,0,0,0,0,0,0,0,1,0,0,0,0,0,0,0,0,0,0,0,1,0,0,0,0,0,0,0,0,0,0,0,0,0,0,0,0,0,0,0,1,0,0,0,0,0,0,0,0,0,0,0,1,0,0,0,0,0,0,0,0,0,0,0,0,0,0,0,0,0,0,0,0,0,0,0,0,0,1,0,0,0,0,0,0,0,0,0,0,0,0,0,0,0,0,0,0,0,1,0,0,0,0,0,0,0,0,0,0,0,0,0,0,0,0,0,0,1,0,0,0,0,0,0,0,0,0,0,0,0,0,0,0,0,0,0,0,0,0,0,0,0,0,1,0,0,0,0,0,0,0,0,0,0,0,0,1,0,0,0,0,0,0,0,0,0,0,0,0,0,0,0,0,0,0,0,0,1,0,0,0,0,0,0,0,0,0,0,0,0,0,0,0,0,0,1,0,0,0,0,0,0,0,0,0,0,0,0,0,0,0,0,0,0,0,0,1,0,0,0,0,0,0,0,0,0,0,0,0,0,0,0,0,0,0,0,0,0,0,0,0,0,0,0,0,0,0,0,0,0,0,0
8.535,47,0.8488750186657621,0.5261179446981793,-7.841800480825953e-18,0.5376850618939067,0.8048748342519042,-0.5862278849723636,0.0302139337722499,0.5373054106513052,0.0568934625412086,0.9689344492414432,0.1758343946430403,0.5011214656462781,0.027952640461095,-0.884334777268616,0.3933061009140253,0.4699324432782865,0.4156158557471453,0.9010466332361344,-0.0713437807759252,0.4408131238595343,0.4395141543366372,-0.7750561865962498,0.4231781139394985,0.4343155398860683,0.1894963117416555,-0.7144748813728519,-0.6337578655073551,0.430486667728765,0.55729957121648,-0.6949993854954326,-0.4201706130785445,0.4149241749051534,0.9129149319969118,-0.3782121735744835,0.0970816539459646,0.3780763961247181,0.3217921802980982,-0.270708752195561,0.823084786672857,0.3779376420045078,0.4226284870765136,-0.4499518739792128,0.7610241486269631,0.3707914418637367,0.2771126980523605,0.8144696364867375,-0.4951003134353243,0.3589657668029985,0.9285736746249704,0.3614404408217322,0.0265146696031956,0.3589232975408828,0.4292210837346774,-0.2838577719712163,0.7974954845953883,0.3432364504082397,-0.2978753318329101,0.7519560814805836,-0.4658052499610388,0.3246939597951693,0.0234059335964368,0.782563117635237,-0.544660371877612,0.3145413385736422,0.249278417587441,0.7055876990424795,-0.6038405091874979,0.3089818244839507,0.4471416490978446,0.88215020651889,0.1049999908951163,0.2968173622432369,0.6448195486173979,-0.6217037533716119,-0.4040626603164726,0.295056275235492,-0.5393332040063991,0.7077248621395218,-0.3827096562913874,0.29282437167833,0.2001289972458131,0.7414046218365843,-0.6018703262338531,0.2906723784922936,0.4405433694046438,-0.8372624612759957,0.2880406875707805,0.2858155375663083,0.3164634134274707,-0.4160307615652073,0.8074964864813354,0.2782060219547838,0.7449264805279592,-0.5182923588947913,-0.3593552991834631,0.1338255525962453,1,0,0,0,0,0,0,0,0,0,0,0,0,0,0,0,0,0,0,0,0,0,0,1,0,0,0,0,0,0,0,0,0,0,0,0,0,0,0,0,0,0,0,0,0,0,1,0,0,0,0,0,0,0,0,0,0,0,0,0,0,0,0,0,0,0,0,0,1,0,0,0,0,0,0,0,0,0,0,0,0,0,0,1,0,0,0,0,0,0,0,0,0,0,0,0,0,0,0,0,0,0,0,1,0,0,0,0,0,0,0,0,0,0,0,0,0,0,0,0,0,0,0,0,0,0,0,0,0,0,0,0,0,0,0,0,1,0,0,0,1,0,0,0,0,0,0,0,0,0,0,0,0,0,0,0,0,0,0,0,0,0,0,0,0,0,1,0,0,0,0,0,0,0,0,0,0,0,0,0,0,0,0,0,0,0,0,0,1,0,0,0,0,0,0,0,0,0,0,0,0,0,0,1,0,0,0,0,0,0,0,0,0,0,0,0,0,0,0,0,0,0,0,1,0,0,0,0,0,0,0,0,0,0,0,0,0,0,0,0,0,0,0,0,0,0,0,0,0,0,0,0,0,0,0,0,1,0,0,0,0,0,0,0,0,0,0,0,1,0,0,0,0,0,0,0,0,0,0,0,0,0,0,0,0,0,0,0,0,0,0,0,0,0,0,0,0,0,0,0,0,0,0,0,1,0,0,0,0,0,0,0,0,0,0,0,0,0,0,0,0,0,0,0,0,0,0,0,1,0,0,0,0,0,0,0,0,0,0,0,0,0,0,0,0,0,0,0,0,0,0,1,0,0,0,0,0,0,0,0,0,0,0,0,0,0,0,0,0,0,0,1,0,0,0,0,0,0,0,0,0,0,0,0,0,1,0,0,0,0,0,0,0,0,0,0,0,0,0,0,0,0,0,0,0,0,0,0,1,0,0,0,0,0,0,0,0,0,0,0,0,0,0,1,0,0,0,0,0,0,0,0,0,0,0,0,0,0,0,0,0,0,0,1,0,0,0,0,0,0,0,0,0,0,0,0,0,0,0,0,0,0,0,0,0,1,0,0,0,0,0,0,0,0,0,0,0,0,0,0
9.043,48,0.85433572589424,0.5139700887242334,-1.825294154527483e-17,0.5714987979182157,0.7588798124808442,-0.4971661350222085,0.2048362873018245,0.5632215849177221,-0.4449541871925047,-0.0139700479954504,-0.4810812283172673,0.5316576171190072,0.1338205366070442,0.771051202271054,-0.2716552240302049,0.5073766610566858,-0.0571915889632209,-0.9683976799956252,-0.0737308515778935,0.4988954276646022,0.2983468926856781,-0.8836560758516416,0.1478535341004014,0.4692985689684641,0.4842013699900672,0.7906833095585627,-0.1866314264905978,0.4474294941413664,0.6741194549647853,-0.2916018933583144,0.2013421138208639,0.4377898230583597,0.8524009414489454,-0.4024008186420674,0.0754335999994827,0.3956300765765565,0.8700948517474417,0.4211352870931166,0.1206921903128734,0.3817449362973974,-0.4670886960020756,-0.7378938260907415,-0.2930568578966267,0.3649814018033265,-0.5985650931073196,-0.0826324200520562,-0.3975999648242654,0.358231643302656,0.3951611076451174,0.3816483587745922,-0.6145649110125586,0.3428829644524243,-0.4244076590247282,0.5436246828592886,-0.2025801107827742,0.3427869587779755,0.4705105878518673,0.6620637097546533,-0.4148368606321692,0.3250761549631156,-0.3445471283146179,0.0267264107412382,0.560532243812445,0.3218972669539585,0.2805174732305568,-0.8427653370472357,0.229923325262483,0.3128164275678266,-0.649376377351887,-0.049044991220681,0.4284027642614365,0.2978691295115468,0.3949438984141258,0.8663538686015648,0.0496209813423935,0.2925385965808877,-0.4669395675358967,0.0293406318873673,0.3941943982798107,0.2869754316422926,-0.0461723911864147,0.260092291554884,0.8258857541336507,0.2524823752123225,-0.1339275087373438,0.1712415066066663,0.8829129902902514,0.2491440191746044,0.2077737974248218,0.2978081684567306,-0.5950382063099732,0.2451144933563717,0.2202876479668278,0.1977807773675148,-0.5843437836864626,0.227936428812798,1,0,0,0,0,0,0,0,0,0,0,0,0,0,0,0,0,0,0,0,0,0,0,1,0,0,0,0,0,0,0,0,0,0,0,0,0,0,0,0,0,0,0,0,0,0,0,0,0,0,0,0,0,0,0,0,1,0,0,0,0,0,0,0,0,0,1,0,0,0,0,0,0,0,0,0,0,0,0,0,0,0,0,0,0,0,0,0,0,0,0,0,0,0,0,0,1,0,0,0,1,0,0,0,0,0,0,0,0,0,0,0,0,0,0,0,0,0,0,0,0,0,0,1,0,0,0,0,0,0,0,0,0,0,0,0,0,0,0,0,0,0,0,0,0,0,1,0,0,0,0,0,0,0,0,0,0,0,0,0,0,0,0,0,0,0,1,0,0,0,0,0,0,0,0,0,0,0,0,0,0,0,0,0,0,0,0,0,0,0,0,0,0,0,0,0,1,0,0,0,0,0,0,0,0,1,0,0,0,0,0,0,0,0,0,0,0,0,0,0,1,0,0,0,0,0,0,0,0,0,0,0,0,0,0,0,0,0,0,0,0,0,0,1,0,0,0,0,0,0,0,0,0,0,0,0,0,0,0,0,0,0,0,0,0,0,1,0,0,0,0,0,0,0,0,0,0,0,0,0,0,0,0,1,0,0,0,0,0,0,0,0,0,0,0,0,0,0,0,0,0,0,0,1,0,0,0,0,0,0,0,0,0,0,0,0,0,0,0,0,0,0,0,0,0,0,0,0,0,0,0,1,0,0,0,0,0,0,0,0,0,0,0,0,0,0,0,0,1,0,0,0,0,0,0,0,0,0,0,0,0,0,0,0,0,0,0,0,0,0,0,1,0,0,0,0,0,0,0,0,0,0,0,0,0,0,0,0,1,0,0,0,0,0,0,0,0,0,0,0,0,0,0,0,0,0,0,0,1,0,0,0,0,0,0,0,0,0,0,0,0,0,0,1,0,0,0,0,0,0,0,0,0,0,0,0,0,0,0,0,0,0,0,0,0,0,0,0,1,0,0,0,0,0,0,0,0,0,0,0,0,0,0,0,0,0,0,0,1,0,0,0,0,0,0,0,0,0,0,0
8.627,49,0.7959414884330231,0.6019161506235939,-9.885525497747689e-18,0.5803646915217341,-0.7484890048377983,0.0956592893133995,-0.1820089346781751,0.5501966571947002,0.813012447869168,-0.5104643480133494,0.1542750647678685,0.5339707092020534,-0.252676610924149,-0.592759742717592,-0.609788707806011,0.5087328081460404,0.3230063584279559,0.9074998195037768,-0.1138320692421,0.4712000318753814,0.0253299464325983,0.8803966947550108,0.0076373589820388,0.4698586808167628,0.4030482030392102,-0.7819026177640984,0.4223132054769521,0.4482179179882058,0.1043520875680192,0.8463320054268879,-0.1128185098899753,0.4422150627705274,0.116660829888939,-0.6103794885957471,0.7012856534148975,0.4168559515091092,-0.1625806261359336,-0.3508135949603311,0.8099220204283405,0.4107456658942953,0.84977895421735,-0.2701834781637636,0.2886138757596316,0.3972983653036814,0.4869956420965168,-0.5703336635191085,-0.5363813340686028,0.3862235823302736,0.2878864174481755,-0.8020624065437548,0.3575436458998832,0.38618951807174,0.6966580584611911,-0.5856116392618418,-0.2420389196059157,0.3843980519101386,0.8473087631009222,0.4870073589973877,0.1012448721576292,0.3801523626260515,0.204947653786322,-0.8541793688891406,0.3427752105796621,0.3768739929610974,-0.7639685246368504,-0.1027254442415838,-0.2582231317249951,0.3696601818490098,-0.3766987356571099,-0.4112737592282249,-0.6708438775477052,0.362915386921367,-0.3587812653921325,-0.2045116125465002,0.7515124312603558,0.3480350622429711,-0.6378308150455536,-0.3086352111846883,-0.4671769034640526,0.3320829297497071,0.3475806742274153,0.9218540011634228,-0.1028492120256443,0.3056337491952298,-0.4294757777569036,-0.0679259686438418,-0.8043412223696322,0.2588869528161723,-0.1683566634080261,-0.0091414476553794,-0.901593857617332,0.2541077515161845,-0.4128722281773607,-0.1910436946695804,0.7940308818255566,0.2523904660205385,1,0,0,0,0,0,0,0,0,0,0,0,0,0,0,0,0,0,0,0,0,0,0,0,0,0,0,0,0,0,0,0,0,0,0,0,1,0,0,0,0,0,0,1,0,0,0,0,0,0,0,0,0,0,0,0,0,0,0,0,0,0,0,0,0,0,1,0,0,0,0,0,0,0,0,0,0,0,0,0,0,0,0,1,0,0,0,0,0,0,0,0,0,0,0,0,0,0,0,0,0,0,0,0,0,0,1,0,0,0,0,0,0,0,0,0,0,0,0,0,0,0,0,1,0,0,0,0,0,0,0,0,0,0,0,0,0,0,0,0,0,0,0,0,0,0,1,0,0,0,0,0,0,0,0,0,0,0,0,0,1,0,0,0,0,0,0,0,0,0,0,0,0,0,0,0,0,0,0,0,0,0,0,0,1,0,0,0,0,0,0,0,0,0,0,0,0,0,0,0,0,0,0,0,0,0,1,0,0,0,0,0,0,0,0,0,0,0,0,0,0,0,0,0,0,0,0,0,0,0,0,0,0,0,0,0,1,0,0,0,0,0,0,0,0,0,0,0,1,0,0,0,0,0,0,0,0,0,0,0,1,0,0,0,0,0,0,0,0,0,0,0,0,0,0,0,0,0,0,0,0,0,0,0,0,0,0,0,0,0,0,0,0,0,0,0,1,0,0,0,0,0,0,0,0,0,0,0,1,0,0,0,0,0,0,0,0,0,0,0,1,0,0,0,0,0,0,0,0,0,0,0,0,0,0,0,0,0,0,0,0,0,0,1,0,0,0,0,0,0,0,0,0,0,0,0,0,0,0,0,0,0,0,0,0,1,0,0,0,0,0,0,0,0,0,0,0,0,0,0,0,0,0,0,0,0,0,0,0,0,0,1,0,0,0,0,0,0,0,0,0,0,0,0,0,0,0,0,0,0,0,1,0,0,0,0,0,0,0,0,1,0,0,0,0,0,0,0,0,0,0,0,0,0,0,0,0,0,0,0,0,0,0,0,0,0,0,0,0,0,0,1,0,0,0,0,0,0,0,0,0,0,0,0,0,0,0,0,0,0,0,0,0,0,0,0,0,0,0,0
8.945,50,0.7633417733292356,-0.565156681688561,-0.1413745624510601,0.5600559783347927,0.8339337438289416,0.5491893866389854,6.6158546882053e-18,0.5592171998371314,-0.4806243113371826,0.2506726890474052,0.4243911895170228,0.5537332221533546,-0.1536165798135931,-0.9301015284907448,-0.2809738003621275,0.528888300351924,0.2701897774878034,-0.8913306024137826,-0.3262973650902199,0.4811982752159044,0.1430782902864802,0.8340260036262548,0.3570410989303821,0.4701288187056919,0.4166568686209753,0.873425475453687,0.1012022566467635,0.4415260934117765,0.7958120208772314,-0.3083924414653736,-0.3627271255757516,0.4178039073250469,0.6934582319703935,-0.545449909798752,0.2598767361560135,0.3860375241308384,-0.6566880780104243,-0.5368424388867606,-0.0924487396387803,0.3786229828766075,0.3930871058317884,-0.5787024720953681,0.5576654475114076,0.3770430353082775,0.8939618126080955,0.4029148897257853,-0.0557288370891262,0.3742262616787677,0.1688583098679554,0.8806244100878968,-0.246218738406557,0.37207031238299,-0.615125644173877,0.1254542801020136,0.4021578950663091,0.3646083978706407,0.3228057551947301,-0.244546752721439,0.7612781999595146,0.3621937604894706,0.4673075885466692,0.0463787474694475,0.7551133706873768,0.3585892288944596,-0.7553812661762984,-0.3608718784377654,-0.0167664731177111,0.3388104391556704,0.2324117824691506,-0.8571868824022513,-0.393979544892415,0.328290986456201,0.0411927404301222,0.7613258806444394,-0.4336391119482957,0.305650535345048,-0.315135748582423,0.3878878612448037,-0.2694844738875643,0.2764521882291184,0.0067493781494854,0.8509676286308469,-0.3557340220599201,0.2734862000331738,-0.1263000144494346,-0.0273424578224353,-0.8089355662122353,0.2619891380672884,0.7287112085525065,-0.3995823488758413,0.2722956376337353,0.2549864401337431,-0.8229054325220597,-0.1367551995381412,0.1270408311715815,0.2497752613289048,0,0,0,1,0,0,0,0,0,0,0,0,0,0,0,0,0,0,0,0,1,0,0,0,0,0,0,0,0,0,0,0,0,0,0,0,0,0,0,0,0,0,0,0,0,0,0,0,0,0,0,0,0,0,0,0,1,0,0,0,0,0,0,0,0,0,0,0,0,0,0,0,0,0,0,0,1,0,0,0,1,0,0,0,0,0,0,0,0,0,0,0,0,0,0,0,0,0,0,0,0,0,0,0,0,0,1,0,0,0,0,0,0,0,0,0,0,0,0,0,0,0,0,1,0,0,0,0,0,0,0,0,0,0,0,0,0,0,0,0,0,0,0,0,0,0,1,0,0,0,0,0,0,0,0,0,0,0,0,0,0,0,0,1,0,0,0,0,0,0,0,0,0,0,0,0,0,0,0,0,0,0,0,0,0,1,0,0,0,0,0,0,0,0,0,0,0,0,0,0,0,1,0,0,0,0,0,0,0,0,0,0,0,0,0,0,0,0,0,0,0,0,0,0,0,0,0,0,0,0,0,0,0,0,0,0,1,0,0,0,0,0,0,1,0,0,0,0,0,0,0,0,0,0,0,0,0,0,0,0,1,0,0,0,0,0,0,0,0,0,0,0,0,0,0,0,0,0,0,0,0,1,0,0,0,0,0,0,0,0,0,0,0,0,0,0,0,0,0,0,0,0,0,0,0,0,0,1,0,0,0,0,0,0,0,0,0,0,0,0,0,0,0,0,0,0,0,0,0,0,0,1,0,0,0,0,0,0,0,0,0,0,0,0,0,0,0,0,0,0,0,1,0,0,0,0,0,0,0,0,0,0,0,0,0,0,0,0,1,0,0,0,0,0,0,0,0,0,0,0,0,0,0,0,0,0,0,1,0,0,0,0,0,0,0,0,0,0,0,0,0,0,0,0,0,0,0,0,1,0,0,0,0,0,0,0,0,0,0,0,0,0,0,0,0,0,0,1,0,0,0,0,0,0,0,0,0,0,0,0,0,0,0,0,0,0,0,0,1,0,0,0,0,0,0,0,0,0,0,0,0,0,0,1,0,0,0,0,0,0,0,0,0,0,0,0,0,0,0,0
8.118,52,0.8480643239932869,0.5282281439536104,2.378329596087381e-17,0.5498336242521223,0.8084857165412507,-0.5608268335889962,-0.1488918795379052,0.5349746564984008,0.0460067112993824,-0.1179820579687224,-0.9773310675440388,0.5056184071651109,0.0927134998388424,0.8346755616335715,0.5096029118276184,0.4881171067103967,0.3780906526703311,-0.915199039165552,0.0792136131124459,0.4543854059465281,0.4238080355460981,0.8717440583198126,0.2157440672521917,0.4496208807182826,-0.4442967161463008,-0.1212763476315316,0.8681985277756503,0.4371197284350915,0.1019102267842519,-0.953868862935212,-0.0648964413632075,0.4170061554052721,0.2475254749440644,-0.8666496334827322,0.3325996735306326,0.4126178596800762,0.3638957424605475,-0.2565122432221799,-0.8849571920702797,0.3976863500248912,0.6470468058533105,-0.4578082706169317,-0.5975931850557833,0.3923514232080587,0.9026997605798808,-0.4132856633432162,0.0524441633541487,0.3765392799153592,0.2615169185091593,-0.9161931775163068,0.0515478961549313,0.3715838015850276,0.1485773668954792,0.9609128269323154,-0.1488845125224058,0.3682458256352013,0.8976603286273257,0.402839455802741,-0.1585352789902324,0.3667265292466238,0.0067790826504711,0.8908032774423458,-0.3402947236950922,0.3625625805097922,0.0262005021863912,0.8812928258910364,-0.3104806610908943,0.3622165002429506,0.119292256991869,0.2220463747380716,0.9568329212738116,0.3021086324973834,-0.4132405243445036,-0.2292287134905759,0.8583701467797696,0.2974006308461961,0.5409927071234278,0.3161005285443757,-0.7607578933933195,0.29737371017328,0.4961556985663679,0.809715535069061,0.3002579513859583,0.2957236493851696,0.683713783979542,-0.4754731192932622,-0.5367668140514331,0.2818544698959953,0.2623500905592168,-0.205900024170708,-0.9314128385812795,0.2723624092909705,0.5796760227563301,0.4864511317339568,0.6355992198237557,0.2264520884933885,1,0,0,0,0,0,0,0,0,0,0,0,0,0,0,0,0,0,0,0,0,0,0,1,0,0,0,0,0,0,0,0,0,0,0,0,0,0,0,0,0,0,0,0,0,1,0,0,0,0,0,0,0,0,0,0,0,0,0,0,0,0,0,0,0,0,1,0,0,0,0,0,0,0,0,0,0,0,0,0,0,0,0,1,0,0,0,0,0,0,0,0,0,0,0,0,0,0,0,0,0,0,0,1,0,0,0,0,0,0,0,0,0,0,0,0,0,0,0,0,0,0,0,0,0,0,0,0,0,0,0,0,0,0,0,0,1,0,0,0,0,0,0,0,0,0,0,0,1,0,0,0,0,0,0,0,0,0,0,0,0,0,0,0,0,0,0,0,1,0,0,0,0,0,0,0,0,0,0,0,0,0,0,0,0,0,0,0,0,0,0,1,0,0,0,0,0,0,0,0,1,0,0,0,0,0,0,0,0,0,0,0,0,0,0,0,0,0,0,0,0,0,0,0,0,0,1,0,0,0,0,0,0,0,0,0,0,0,0,0,0,0,0,0,0,0,0,0,1,0,0,0,0,0,0,0,0,0,0,0,0,0,0,1,0,0,0,0,0,0,0,0,0,0,0,0,0,0,0,0,0,0,0,0,0,0,0,0,0,0,0,0,0,0,0,0,1,0,0,0,0,0,0,0,0,0,0,0,1,0,0,0,0,0,0,0,0,0,0,0,0,0,0,0,0,0,0,0,1,0,0,0,0,0,0,0,0,0,0,0,0,0,0,0,0,0,1,0,0,0,0,0,0,0,0,0,0,0,0,0,1,0,0,0,0,0,0,0,0,0,0,0,0,0,0,0,0,0,0,0,0,0,0,0,0,1,0,0,0,0,0,0,0,0,0,0,0,0,0,0,0,0,0,0,0,0,0,0,0,0,0,1,0,0,0,0,0,0,0,0,0,0,0,0,0,0,0,0,0,0,0,0,0,0,0,0,1,0,0,0,0,0,0,1,0,0,0,0,0,0,0,0,0,0,0,0,0,0,0,0,0,0,0,0,0,0,0,0,0,0,0,0,0,0,0,0,1,0,0,0
8.002,53,0.7863057147315617,-0.5978309433449125,0.1314060418594078,0.5465549271151664,0.8599135623548106,0.5097318274848057,-3.1379041712827137e-18,0.5295555197640853,-0.3649826290169454,0.8777849176923335,-0.2108273532829845,0.5056184071651109,0.267119656885982,-0.8815122499839714,0.3584279437536575,0.4813572723910257,0.0445128512612495,0.8974160673077286,-0.4076536621719344,0.4608319045510818,-0.0392997764955068,-0.9506733105997874,0.1504366159648206,0.4542205305189751,0.4906444713337484,-0.2589332183313205,-0.8198815332750152,0.435924915794083,0.4569077322470466,0.8816972177474882,-0.0892688941641016,0.4243355338921149,0.0527275219617932,-0.3679658558702307,0.8819979698184433,0.4160613900805313,0.0731863109563395,-0.6070336763327818,0.7705897165901113,0.4120828306209175,0.8401961411479993,-0.4165548242591869,0.3363594928763328,0.3839818463292326,0.7194601171465005,-0.616872730189419,-0.2965353209049484,0.3780296120297824,0.0839415957643792,-0.3982242073694929,0.8629687559277481,0.3695469301467139,0.0566394144638834,0.6668568048162036,-0.724012395641306,0.3692757237958631,0.9437504846085024,0.3235088598410345,0.0442310967798728,0.3582054807660176,0.2269838671193736,-0.9013564469117084,0.2724837704618769,0.3579734254746711,0.685566761647051,-0.3849321662207093,-0.6053064471366756,0.3540393677759653,0.1989149353610658,0.7944663845570441,0.4930251019988228,0.3506882442562776,0.268295413368078,0.9086899232643711,0.2998642989321243,0.3456879665560449,-0.4703878734307452,0.0618757005428477,-0.8263684517364958,0.3341284033165986,-0.4806740844939218,0.0619684464234907,-0.7946513478247776,0.3324816332674132,0.3194381188253371,0.5006632006022744,-0.7919175643255393,0.3223318085157279,0.5317729946324112,0.8207043353740578,-0.2014682528485325,0.3076423574211689,-0.4295130873115235,0.2195861425927467,-0.8456797590912026,0.3061406332712891,0,0,0,1,0,0,0,0,0,0,0,0,0,0,0,0,0,0,0,0,1,0,0,0,0,0,0,0,0,0,0,0,0,0,0,0,0,0,0,0,0,0,0,0,0,1,0,0,0,0,0,0,0,0,0,0,0,0,0,0,0,0,0,1,0,0,0,0,0,0,0,0,0,0,0,0,0,0,0,0,0,0,0,0,0,0,0,0,0,0,0,1,0,0,0,0,0,0,0,0,0,0,0,0,0,0,0,0,1,0,0,0,0,0,0,0,0,0,0,0,0,0,0,0,0,1,0,0,0,0,0,0,0,0,0,0,0,0,0,0,0,0,0,1,0,0,0,0,0,0,0,0,0,0,0,0,0,0,0,0,0,0,0,0,0,0,0,0,1,0,0,0,0,0,0,0,0,0,0,0,0,0,0,1,0,0,0,0,0,0,0,0,0,0,0,0,0,0,0,0,0,0,0,0,0,0,1,0,0,0,0,0,0,0,0,0,0,0,0,0,1,0,0,0,0,0,0,0,0,0,0,0,0,0,0,0,0,0,0,0,0,0,0,0,0,0,0,0,1,0,0,0,0,0,0,0,0,0,0,0,1,0,0,0,0,0,0,0,0,0,0,0,0,0,0,0,0,0,0,0,0,0,0,0,0,0,0,0,0,0,0,0,0,0,0,0,1,0,0,0,0,0,0,0,0,0,0,0,1,0,0,0,0,0,0,0,0,0,0,0,0,0,0,0,0,0,0,0,0,0,0,1,0,0,0,0,0,0,0,0,0,0,0,0,0,0,0,0,1,0,0,0,0,0,0,0,0,0,0,0,0,0,0,1,0,0,0,0,0,0,0,0,0,0,0,0,0,0,0,0,0,0,0,0,0,0,0,0,1,0,0,0,0,0,0,0,0,0,0,0,0,0,0,0,0,0,0,0,1,0,0,0,0,0,0,0,0,0,0,0,0,0,0,0,0,0,0,0,0,0,0,0,0,0,0,0,1,0,0,0,0,0,0,0,0,0,1,0,0,0,0,0,0,0,0,0,0,0,0,0,0,0,0,1,0,0,0,0,0,0,0,0,0,0,0,0,0,0,0,0
7.703,54,0.8122670326601901,0.5806221622241927,1.25024163099002e-17,0.5810253354496393,0.7730965472313123,-0.5110995235314253,0.370878347619883,0.5539444080531797,-0.0346535462262263,0.7438779465001314,-0.6514098808573553,0.4991306803817482,0.2332690856999182,-0.8555979040211709,0.4589025013122874,0.4910223146988196,0.4050209392635701,0.8475553055822749,-0.3314606762815377,0.4488919519916633,-0.5759540756892416,-0.5128845665104436,-0.5952598224655262,0.4448409191819565,-0.3834114847475673,0.8081259049540233,-0.4054109673214474,0.435924915794083,0.7386648946259007,-0.234921599722241,0.6124446394009043,0.4214232574283901,0.0844425817310011,-0.8672975380198311,0.3417821169323138,0.4184666945581088,0.0653525596739431,-0.8781336918093959,0.36919996516607,0.4091185622182055,-0.0138267203604961,0.3785867868050804,-0.9129803615901014,0.3987373752157289,0.8545404429756698,0.4650842036028849,0.2137054510954711,0.3851604357397468,-0.7750967942217133,-0.1924534490402741,-0.5548502019333659,0.3808504173308902,0.8325631819739685,-0.1611442943354277,-0.5130495082887587,0.3755851351893078,-0.1363638025090296,-0.5772058514603308,0.7671709075270468,0.3601960623104887,0.8312249102685364,-0.5431904152832197,0.0300806059758118,0.3579319499486982,-0.9226418663916276,0.0011335701332632,0.2572778422934471,0.348708126859032,0.2932468511410545,0.2393984705945221,-0.916125214926353,0.3407453205583655,-0.6681193241997313,0.1399684663415162,-0.6983474166365468,0.3389569306584128,0.8304268637498329,-0.4233580222431395,-0.3370211475834583,0.3372402414658161,0.2054650457007824,0.9692752162001044,-0.021351887729731,0.3347880436282054,0.5383175039884754,0.7121036048304509,-0.4421543318929702,0.3305734379695103,-0.3459817063733723,0.1918024147630685,-0.8990579541142552,0.3152023174150281,-0.89188634775117,-0.0114952551861809,0.2873203408079348,0.3019308059268703,1,0,0,0,0,0,0,0,0,0,0,0,0,0,0,0,0,0,0,0,0,0,0,1,0,0,0,0,0,0,0,0,0,0,0,0,0,0,0,0,0,0,0,0,0,0,0,0,0,0,0,1,0,0,0,0,0,0,0,0,0,0,0,1,0,0,0,0,0,0,0,0,0,0,0,0,0,0,0,0,0,0,0,1,0,0,0,0,0,0,0,0,0,0,0,0,0,0,0,0,0,0,0,0,0,0,0,0,0,0,0,0,0,0,0,0,1,0,0,0,0,0,0,0,0,1,0,0,0,0,0,0,0,0,0,0,0,0,0,0,0,0,0,0,0,0,1,0,0,0,0,0,0,0,0,0,0,0,0,0,0,0,0,0,0,0,0,0,1,0,0,0,0,0,0,0,0,0,0,0,0,0,0,0,0,0,0,0,1,0,0,0,0,0,0,0,0,0,0,0,1,0,0,0,0,0,0,0,0,0,0,0,0,0,0,0,0,0,0,0,0,0,0,0,0,0,0,0,0,0,0,0,0,0,0,0,1,0,0,0,1,0,0,0,0,0,0,0,0,0,0,0,0,0,0,0,0,0,0,0,0,0,0,0,0,1,0,0,0,0,0,0,0,0,0,0,0,0,0,0,0,0,0,0,0,0,0,0,0,0,0,0,0,0,0,0,0,0,0,1,1,0,0,0,0,0,0,0,0,0,0,0,0,0,0,0,0,0,0,0,0,0,0,0,0,0,0,0,1,0,0,0,0,0,0,0,0,0,0,0,0,0,0,0,0,0,0,0,0,0,0,0,0,0,0,0,1,0,0,0,0,0,0,0,0,0,0,0,0,0,0,1,0,0,0,0,0,0,0,0,0,0,0,0,0,0,0,0,0,0,0,1,0,0,0,0,0,0,0,0,0,0,0,1,0,0,0,0,0,0,0,0,0,0,0,0,0,0,0,0,0,0,0,0,0,0,1,0,0,0,0,0,0,0,0,0,0,0,0,0,0,0,0,1,0,0,0,0,0,0,0,0,0,0,0,0,0,0,0,0,0,0,0,0,0,0,0,0,1,0,0,0,0,0,0,0,0,0,0,0
7.676,55,0.7913088660765666,-0.5522351977805167,-0.2368556257734761,0.5445802377280101,0.8521361400445624,0.5212010062487736,-3.117500675774014e-19,0.5410183124429757,-0.1563950642926787,-0.7031815040068248,-0.6812631300814995,0.5297575684293753,-0.0645959397438824,0.8990369964194773,0.3393144832508176,0.520768676938626,0.3245276502012683,-0.7136404302030527,-0.6116699981989974,0.4698664301695399,-0.4026031051004575,0.852112940141091,-0.0165077532200987,0.4624509250382865,-0.7895400401262628,-0.2158913670973604,0.4549119158020844,0.4492194380078008,0.4460839947297947,0.8613744491984864,0.2203245667768577,0.4399189620004399,0.2366986544374564,-0.8531942357158482,0.4315317752548185,0.4020643431771724,0.8525417528660986,-0.287624372455601,-0.4138267090692184,0.3964876921034751,-0.2563087615687228,0.8412288792861589,-0.3635148239809661,0.3955385638384109,0.6459018737001643,-0.723637807808418,0.1878162831241383,0.3900935513002582,0.0165736130931002,-0.9395806009566152,0.2748134377234746,0.3849115113494797,-0.8602181772229189,0.3173251945275497,-0.145070549916719,0.3756515503099115,-0.1404723880814914,0.7683902473693485,0.5585962864188343,0.3755851351893078,0.9043599422741616,0.387664048993117,-0.1493619782743946,0.3637373102912607,-0.7338615170144613,0.5671401122643622,0.0763553109088535,0.3614099120153043,-0.728732898394443,0.0826305463206897,0.5768676163203581,0.3539576281626822,0.3709797544607788,0.9161010873979688,-0.0414557251028375,0.3463388956424991,0.0443975284082509,-0.6931666715024658,0.6771335855828655,0.3392338668800851,-0.7144950319683181,0.4229663662721407,0.4283114062039604,0.3304367785431169,0.0787663901262855,-0.8128688350985386,0.4519047157991421,0.3161503107887954,0.4840657447477793,0.7180525573533679,0.4913406864204671,0.3137324669639329,0.7835790177691018,-0.4397255013999382,0.3988345404709969,0.311677413487325,0,0,0,1,0,0,0,0,0,0,0,0,0,0,0,0,0,0,0,0,1,0,0,0,0,0,0,0,0,0,0,0,0,0,0,0,0,0,0,0,0,0,0,0,0,0,0,0,0,0,0,0,0,0,0,0,1,0,0,0,0,0,0,0,0,0,0,0,0,0,0,1,0,0,0,0,0,0,0,0,1,0,0,0,0,0,0,0,0,0,0,0,0,0,0,0,0,0,0,0,1,0,0,0,0,0,0,0,0,0,0,0,0,0,0,0,0,0,0,0,0,0,0,0,0,0,0,0,0,0,0,0,0,0,0,0,1,0,0,0,0,0,0,1,0,0,0,0,0,0,0,0,0,0,0,0,0,0,0,0,0,0,0,1,0,0,0,0,0,0,0,0,0,0,0,0,0,0,0,0,0,0,0,0,0,0,1,0,0,0,0,0,0,0,0,0,0,0,0,0,0,0,0,0,0,0,0,0,0,0,0,0,0,0,0,0,1,0,0,0,0,0,0,1,0,0,0,0,0,0,0,0,0,0,0,0,0,0,0,0,0,0,0,0,0,0,0,0,1,0,0,0,0,0,0,0,0,0,0,0,0,0,0,0,0,0,1,0,0,0,0,0,0,0,0,0,0,0,0,0,0,0,0,0,0,1,0,0,0,0,0,0,0,0,0,0,0,0,0,0,0,0,0,0,0,0,0,0,0,0,0,0,0,0,0,0,1,0,0,0,0,0,0,1,0,0,0,0,0,0,0,0,0,0,0,0,0,0,0,0,1,0,0,0,0,0,0,0,0,0,0,0,0,0,0,0,0,0,0,0,0,0,0,0,0,0,1,0,0,0,0,0,0,0,0,0,0,0,0,0,0,0,0,0,0,0,0,0,1,0,0,0,0,0,0,0,0,0,0,0,0,0,0,0,0,0,0,0,0,0,0,1,0,0,0,0,0,0,0,0,0,0,0,0,0,0,0,0,1,0,0,0,0,0,0,0,0,0,0,0,0,0,0,1,0,0,0,0,0,0,0,0,0,0,0,0,0,0,0,0,0,0,0,1,0,0,0,0,0,0,0,0,0,0,0,0,0,0,0,0
8.931,56,-0.4159645246114708,-0.1453492685356974,-0.7267034955715175,0.5857462993101176,0.7359963542057155,-0.5168811764105863,0.4081460656197984,0.5740318238500104,0.8184468041460576,0.5690790903335767,-1.5989390426319062e-17,0.5582308501200691,0.099088533465058,0.8654916916611125,-0.3976890703746498,0.5262905600248284,0.2135468947339644,-0.5623018034825831,0.7810854912887913,0.4963498848694386,0.0497069083634665,-0.4720539892691212,0.7612999447224558,0.4405239852926585,-0.0244740747656669,-0.64998443623003,0.6974313460185289,0.4328162054867451,0.4818945347295519,0.7788320938994517,-0.3753341992299571,0.4307217166445217,0.5843586250929582,-0.7812579744496936,0.0373957164895646,0.4068643626812862,0.3874449850079657,-0.8302980075665684,-0.2993111866718556,0.4044532725585231,0.8291289540549552,-0.256061322840893,0.4372122403789344,0.3967276816512957,0.8222480669803822,0.4935448721152163,0.2350560792159259,0.379493194179327,0.4975534685902385,0.2678313405433599,-0.7852840292796146,0.378298894291095,-0.445769876408345,-0.1500057298846265,-0.7483367057701116,0.3691899299429422,0.5480652734689715,0.5231459411427325,-0.6323913810707783,0.330512374454857,-0.2994110017362211,0.5751262520005189,-0.65496749345662,0.3276558808665771,0.1343930998377474,-0.3095622619589078,0.900925239182654,0.3222108344627329,-0.7266954120744147,0.020935606557973,0.4093835358631267,0.2741123806313181,-0.8550097671486679,0.1556996649068059,0.3997914327125385,0.2739816444790012,-0.5637007856396158,0.6745447042706567,0.4555011712283727,0.2564070747897037,-0.4861157955345787,0.7357293846519687,-0.075043488736795,0.2533620928187532,-0.4892729031900356,0.7090228287624912,0.4636751517333721,0.2484861443637661,0.3645952990923331,0.9064632758752385,-0.2073561061965073,0.2454688235364921,-0.0645344029517268,-0.7122567006181338,-0.5671991538911182,0.2371573722520586,0,0,0,0,0,0,0,0,0,0,0,0,0,0,0,0,1,0,0,0,0,0,0,1,0,0,0,0,0,0,0,0,0,0,0,0,0,0,0,0,1,0,0,0,0,0,0,0,0,0,0,0,0,0,0,0,0,0,0,0,0,0,0,0,0,0,1,0,0,0,0,0,0,0,0,0,0,0,0,0,0,0,0,1,0,0,0,0,0,0,0,0,0,0,0,0,0,0,0,0,0,0,0,0,0,0,0,0,1,0,0,0,0,0,0,0,0,0,0,0,0,0,0,0,0,0,0,0,1,0,0,0,0,0,0,0,0,0,0,0,0,0,0,1,0,0,0,0,0,0,0,0,0,0,0,0,0,0,0,0,1,0,0,0,0,0,0,0,0,0,0,0,0,0,0,0,0,0,0,0,0,0,0,0,0,0,0,0,0,0,0,0,0,0,0,0,1,0,0,0,0,0,0,0,0,0,1,0,0,0,0,0,0,0,0,0,0,0,0,0,0,0,0,0,0,0,0,0,0,0,0,0,0,0,0,0,1,0,0,0,0,0,0,0,0,0,0,0,1,0,0,0,0,0,0,0,0,0,0,0,1,0,0,0,0,0,0,0,0,0,0,0,0,0,0,0,0,0,0,0,0,0,0,1,0,0,0,0,0,0,0,0,0,0,0,0,0,0,0,0,0,0,0,0,0,0,1,0,0,0,0,0,0,0,0,0,0,0,0,0,0,0,0,1,0,0,0,0,0,0,0,0,0,0,0,0,0,0,0,0,0,0,0,0,0,0,0,0,1,0,0,0,0,0,0,0,0,0,0,0,0,0,0,1,0,0,0,0,0,0,0,0,0,0,0,0,0,0,0,0,0,0,0,1,0,0,0,0,0,0,0,0,0,0,0,0,0,0,0,0,0,0,0,0,0,1,0,0,0,0,0,0,0,0,0,0,0,0,0,0,0,0,0,0,0,0,0,0,1,0,0,0,0,0,0,0,0,0,0,0,0,0,0,0,0,0,0,0,0,0,0,1,0,0,0,0,0,0,0,0,0,0,0,0,0,1,0,0,0,0,0,0,0,0,0,0,0,0,0,0
8.966,57,0.8573988567451674,0.5128948630181033,1.3866980953787869e-17,0.5498337997835736,0.8017264960707935,-0.5720369726856125,0.0165884262608573,0.5385915695582388,0.0766988405344927,0.9195726611779244,0.2435249370922851,0.506231685579886,0.310224156959867,-0.9388836925043488,0.1057590071747495,0.4703352897258881,0.4239762833653173,0.8870868812962664,-0.0154215916015306,0.4507898848984096,0.0799271318618437,-0.935474839821714,0.0026037838951081,0.4386018068201026,0.1201327276279426,-0.9476878537704682,0.0049207625942816,0.4258406070988667,0.8102744604827595,-0.4424933631551894,0.3152665076077197,0.3965418919938687,0.2301734396941112,0.8364542573724723,-0.4316747876621497,0.3762091745823013,0.7667185084846513,-0.465401535903598,-0.3705692779978322,0.3694649580015752,0.129955139703466,-0.8701782662777866,0.3310954781544902,0.369176841621153,0.9254170140427184,0.3612276207609425,0.0009477196699543,0.3641759778223645,0.6035707203595886,-0.3456382532817009,-0.6648710588330784,0.3582235826023778,0.2428694408964022,0.7173381373735437,-0.5634237737798756,0.3578545462473564,-0.0450773116719018,0.7107747357428396,-0.5043173483327171,0.3535626697159957,0.4688164898927899,0.2932107088365516,0.774937555613936,0.3503643515819877,0.1607911478418058,0.793803480534145,-0.5285089062598303,0.3318370594119147,0.0543977319141811,-0.1498031259929077,0.925727808984408,0.3130972010768549,-0.0602048223092667,0.3856276704078985,-0.6197518168477568,0.3086575218371404,0.5725312181433257,0.0413581086239725,0.7623141119888034,0.3036075446514352,0.1067148049227523,-0.7389501965309173,0.4144505944827947,0.3016331641646507,0.469979774748802,0.857548459682844,0.1232134967449441,0.2990774969808411,0.3242783363729904,-0.1624348944949885,0.8675697257943673,0.2912767199273495,-0.2445682699607283,0.6128394136524065,-0.6159028484906367,0.2803379831800933,1,0,0,0,0,0,0,0,0,0,0,0,0,0,0,0,0,0,0,0,0,0,0,1,0,0,0,0,0,0,0,0,0,0,0,0,0,0,0,0,0,0,0,0,0,0,1,0,0,0,0,0,0,0,0,0,0,0,0,0,0,0,0,1,0,0,0,0,0,0,0,0,0,0,0,0,0,0,0,0,0,0,0,1,0,0,0,0,0,0,0,0,0,0,0,0,0,0,0,0,0,0,0,0,0,0,0,0,1,0,0,0,0,0,0,0,0,0,0,0,0,0,0,0,0,0,0,0,1,0,0,0,0,0,0,0,0,0,0,0,0,0,0,0,0,0,1,0,0,0,0,0,0,0,0,0,0,0,0,0,0,0,0,1,0,0,0,0,0,0,0,0,0,0,0,0,0,0,0,0,1,0,0,0,0,0,0,0,0,0,0,0,0,0,0,0,0,0,0,0,0,0,0,1,0,0,0,0,0,0,0,0,0,0,0,0,0,0,0,0,0,0,0,0,0,0,0,0,0,0,0,0,0,0,0,0,1,0,0,0,0,0,0,0,0,0,0,0,0,0,0,0,0,0,0,0,1,0,0,0,0,0,0,0,0,0,0,0,1,0,0,0,0,0,0,0,0,0,0,0,0,0,0,1,0,0,0,0,0,0,0,0,0,0,0,0,0,0,0,0,0,0,0,0,0,0,0,1,0,0,0,0,0,0,0,0,0,0,0,0,0,0,0,0,0,0,0,0,1,0,0,0,0,0,0,0,0,0,0,0,0,0,0,0,0,0,0,1,0,0,0,0,0,0,0,0,0,0,0,0,0,0,0,0,0,0,0,0,1,0,0,0,0,0,0,0,0,0,0,0,0,1,0,0,0,0,0,0,0,0,0,0,0,0,0,0,0,0,0,0,0,0,0,0,0,0,0,0,1,0,0,0,0,0,0,0,0,0,0,0,0,0,0,0,0,0,0,0,0,0,0,1,0,0,0,0,0,0,0,0,0,1,0,0,0,0,0,0,0,0,0,0,0,0,0,0,0,0,0,0,1,0,0,0,0,0,0,0,0,0,0,0,0,0,0,0,0,0,0,0
8.209,58,0.83245406024763,0.5527125957959195,5.775416589681472e-18,0.5702849696964669,0.7795877970047889,-0.5491193264359329,-0.2502337820723149,0.5501111849865585,0.0835344254350839,0.793403271781166,0.5116313716898675,0.5019631326111862,0.4003195310838612,0.8704407898154811,0.2332497287885743,0.4559437504850878,0.1083413949131927,-0.3727659053100601,-0.8746352620130426,0.4473342799994927,0.4130843983730033,-0.8702093227442799,0.0450483148655807,0.4407048417138279,0.1689995288766156,-0.8804832940141292,0.0713795480622772,0.4299571296574667,0.4950705738630348,-0.4568151663141063,-0.6983226163615072,0.4286881290344092,-0.5098843120204599,-0.3577512500317842,0.6022564578921932,0.4147194242143495,0.0427041353624624,0.0189076509434862,0.895882882340515,0.3846720548224124,0.9045907607549636,-0.3636523127363648,-0.1473335486490961,0.3820951333796162,0.8908629934407436,0.4191930688833863,-0.1313344353413325,0.3753115237022624,0.1151011808461451,0.96116607628322,-0.116220638518099,0.3732944905888756,0.2574568069719009,-0.8663812301363112,-0.0392256918134338,0.3403999048527479,-0.1214224029445574,0.8656698015395339,-0.1285408249249728,0.3321446563251077,0.3458377132482744,-0.7880863444768262,0.3479108710101426,0.3302511408216479,0.0342875491779898,0.9451927372768788,-0.2173199644260392,0.3128723972047395,0.4848678229307218,0.7932408452193369,0.3423072655558789,0.3032218345622711,0.5497744254456816,0.4065363628333182,0.6779690528766308,0.2963827095886218,0.079972736940652,0.9200988300011111,-0.2706253855645848,0.2826949235051588,-0.2499690216514906,0.7175972586351018,-0.1253403719027501,0.2810176997902792,0.5598687536361026,-0.3473056215192439,-0.7359587794913833,0.2671957380955966,0.1677729784876218,-0.6734015760802231,0.48735282388711,0.2644893361375006,0.2626709236721881,-0.7112404136960916,0.5251853770109404,0.2562771641132096,1,0,0,0,0,0,0,0,0,0,0,0,0,0,0,0,0,0,0,0,0,0,0,1,0,0,0,0,0,0,0,0,0,0,0,0,0,0,0,0,0,0,0,0,0,0,1,0,0,0,0,0,0,0,0,0,0,0,0,0,0,0,0,1,0,0,0,0,0,0,0,0,0,0,0,0,0,0,0,0,0,0,0,0,0,0,0,0,0,0,0,0,0,0,0,0,1,0,0,0,0,0,0,1,0,0,0,0,0,0,0,0,0,0,0,0,0,0,0,0,0,0,0,0,0,0,0,0,1,0,0,0,0,0,0,0,0,0,0,0,1,0,0,0,0,0,0,0,0,0,0,0,0,0,0,0,0,0,0,0,0,0,0,0,0,0,0,0,0,0,0,0,0,0,0,0,1,0,0,0,0,0,0,0,0,0,1,0,0,0,0,0,0,0,0,0,0,0,0,0,0,0,0,0,0,0,1,0,0,0,0,0,0,0,0,0,0,0,0,0,0,0,0,0,0,0,0,0,0,0,0,0,0,0,0,0,1,0,0,0,0,0,0,1,0,0,0,0,0,0,0,0,0,0,0,0,0,0,0,0,0,0,0,1,0,0,0,0,0,0,0,0,0,0,0,0,0,0,0,0,0,0,0,1,0,0,0,0,0,0,0,0,0,0,0,0,0,0,0,0,0,0,0,1,0,0,0,0,0,0,0,0,0,0,0,0,0,0,0,0,0,0,0,0,0,0,0,0,1,0,0,0,0,0,0,0,0,0,0,0,0,0,0,0,0,0,0,0,0,0,0,1,0,0,0,0,0,0,0,0,0,0,0,0,0,0,0,0,0,0,0,0,0,0,0,0,1,0,0,0,0,0,0,0,0,0,0,0,1,0,0,0,0,0,0,0,0,0,0,0,0,0,0,0,0,0,0,0,1,0,0,0,0,0,0,0,0,0,0,0,0,0,0,0,0,0,0,0,0,0,0,1,0,0,0,0,0,0,0,0,0,0,0,0,0,0,0,0,1,0,0,0,0,0,0,0,0,0,0,0,0,0,0,0,0,0,0,0,1,0,0,0,0,0,0,0,0,0,0,0
8.581,59,0.7775083724056705,-0.6182385882411805,-0.0709807790898297,0.5512408764439756,0.8581661706266546,0.5118435952433765,3.308200122429033e-20,0.5502875353504587,0.0663436210764248,0.9430311873103122,0.293461965846535,0.509529095271246,0.3087676823882208,-0.9249721081472432,0.1911855804318717,0.470999300830317,0.4383746008065838,0.8885285023114443,0.0752627202567728,0.4366831324227079,0.0982251275377604,-0.9623420084094804,0.0727076915084215,0.4024578572488435,0.3517739728563294,-0.4353950557229852,-0.804610213153549,0.4020905499811108,0.1966328135753018,-0.7162485390825173,0.6457472328476338,0.4014742585351113,-0.081145840755132,-0.6444154624251599,0.7077912908250175,0.3993470347343616,0.6173104555445392,-0.5612104085642874,-0.5284336173513571,0.3990699705188343,0.1247413102554821,-0.9536164122650892,0.0295024552642074,0.3969605182477639,0.8842507672357911,-0.4358243534889457,0.0960025704793704,0.3852490852632805,0.9407557307837492,0.3267101290769611,-0.0351878651740264,0.367243565235851,0.3029682278187772,0.8898458214894533,-0.3087963842021556,0.3369459911577382,0.0192955798025753,-0.6635427473177661,0.6881670154654891,0.3314230556315605,0.4800188607342682,-0.5168976158455921,0.6864671134730731,0.3092801837142682,0.4900622229477752,0.8095240204709568,0.2942293017718624,0.3033999506874977,0.2546459391810433,0.6026351272784062,0.7097742467836263,0.3013606663467975,0.5122221836259986,-0.2118219585983418,0.8036809495591031,0.2979013307479071,0.6278226496543371,-0.6141211829544798,-0.4586573108449541,0.2592154064765892,0.0800217289139322,0.8073664536499464,-0.5539987479200401,0.2472751480682787,-0.0206454440652704,0.6383322337583267,-0.7336281823368845,0.2404064233639335,0.0642679949869857,0.6976798609089103,-0.590782777060831,0.2296246599471583,0.0868226756331593,0.6609449338993775,-0.6347657840179773,0.2015597551350393,0,0,0,1,0,0,0,0,0,0,0,0,0,0,0,0,0,0,0,0,1,0,0,0,0,0,0,0,0,0,0,0,0,0,0,0,0,0,0,0,0,0,0,0,0,0,1,0,0,0,0,0,0,0,0,0,0,0,0,0,0,0,0,1,0,0,0,0,0,0,0,0,0,0,0,0,0,0,0,0,0,0,0,1,0,0,0,0,0,0,0,0,0,0,0,0,0,0,0,0,0,0,0,0,0,0,0,0,1,0,0,0,0,0,0,0,0,0,0,0,0,0,0,0,0,0,0,0,0,0,0,0,0,0,0,0,1,0,0,0,0,0,0,1,0,0,0,0,0,0,0,0,0,0,0,0,0,0,0,0,0,0,0,0,0,0,0,0,1,0,0,0,0,0,0,0,0,0,0,0,1,0,0,0,0,0,0,0,0,0,0,0,0,0,0,0,0,0,0,0,0,0,0,0,0,0,0,0,1,0,0,0,0,0,0,0,0,0,0,0,0,0,0,0,0,0,1,0,0,0,0,0,0,0,0,0,0,0,0,0,0,0,0,0,0,0,0,0,0,0,0,0,0,0,0,0,1,0,0,0,0,0,0,1,0,0,0,0,0,0,0,0,0,0,0,0,0,0,0,0,0,0,0,0,0,0,0,0,1,0,0,0,0,0,0,0,0,0,0,0,1,0,0,0,0,0,0,0,0,0,0,0,0,0,0,0,0,0,0,0,0,0,0,0,0,0,0,0,0,0,0,1,0,0,0,0,0,0,0,0,0,0,0,0,0,0,0,0,0,0,0,0,0,0,0,0,1,0,0,0,0,0,0,0,0,0,0,0,0,0,0,1,0,0,0,0,0,0,0,0,0,0,0,0,0,0,0,0,0,0,0,1,0,0,0,0,0,0,0,0,0,0,0,1,0,0,0,0,0,0,0,0,0,0,0,0,0,0,0,0,0,0,0,0,0,0,0,0,1,0,0,0,0,0,0,0,0,0,0,0,0,0,0,0,0,0,0,0,1,0,0,0,0,0,0,0,0,0,0,0,0,0,0,0,0,0,0,0,1,0,0,0,0,0,0,0,0,0,0,0
7.99,60,0.7703088097171724,-0.6339788149344069,-0.0416534944873004,0.5548651522131325,0.9028110510602264,0.4276758051144774,-6.208037975827815e-18,0.5398487151662569,0.1790887010193571,0.9323251850752282,0.3027475752759674,0.502728789594882,0.0380411442807364,-0.737632416087036,-0.654130955980958,0.4475181990912425,0.5048352789808332,0.8607848889274827,0.0011999348462609,0.4442613141155241,0.4182211503807814,-0.8160236770033527,0.3884032108896244,0.4440196954454675,0.4568173213626431,-0.7248012775313548,-0.5034263070405469,0.4339705309424282,0.1592929630393834,-0.8445557456235783,0.4008162512211005,0.4029704154683672,0.3017874488095101,0.8432796606937657,-0.4368358155834403,0.3716905542654909,0.871400097195864,-0.4808652668025087,-0.0425436312226722,0.3702973429526005,0.268790856313142,0.6964125589863176,-0.6167761740515234,0.3697654230790589,0.2818919333776127,0.6909967283427241,-0.6294408377245436,0.3681309995739455,0.4572437671477366,-0.5566487687477534,0.6642277598646268,0.3657156856638542,0.241525293052281,-0.887257859798304,0.3258497538235732,0.3623960970797183,0.9651757870019866,0.2487030833353716,-0.0665520991690797,0.3609174271020586,0.6183451066390675,-0.432025390986635,0.6038899062217122,0.312831531177087,-0.4740486051107758,0.8579860571254162,-0.1637316673146049,0.3038279667665368,0.5374484054699364,-0.6460943304999808,-0.529242498608804,0.3038161972182694,0.5544564409406394,0.816299642212438,0.1448712041498928,0.2956395222204965,-0.2119878122920682,0.9638965166883616,-0.1267888719998281,0.2789572200797718,0.0582831912137676,0.9323323633244192,-0.3444022440212285,0.2761802960638456,0.402692993449905,0.6773066046853244,0.5993529872624827,0.2743611001427982,0.5127906900145278,0.7594889412134797,0.3886795702043746,0.2544872235475898,0.6090538384840023,0.786885687971877,-0.0438026029503568,0.2495410990750054,0,0,0,1,0,0,0,0,0,0,0,0,0,0,0,0,0,0,0,0,1,0,0,0,0,0,0,0,0,0,0,0,0,0,0,0,0,0,0,0,0,0,0,0,0,0,1,0,0,0,0,0,0,0,0,0,0,0,0,0,0,0,0,0,0,0,0,0,0,0,0,0,0,0,0,0,1,0,0,0,0,0,0,1,0,0,0,0,0,0,0,0,0,0,0,0,0,0,0,0,0,0,0,1,0,0,0,0,0,0,0,0,0,0,0,0,0,0,0,0,1,0,0,0,0,0,0,0,0,0,0,0,0,0,0,0,0,0,0,0,0,0,0,0,0,0,0,0,1,0,0,0,0,0,0,0,0,0,0,0,0,0,0,1,0,0,0,0,0,0,0,0,0,0,0,0,0,0,0,0,0,0,0,0,0,0,1,0,0,0,0,0,0,0,0,0,0,0,0,0,0,0,0,0,0,0,0,0,1,0,0,0,0,0,0,0,0,0,0,0,0,0,0,0,0,0,0,0,1,0,0,0,0,0,0,0,0,0,0,0,0,0,0,0,0,0,0,0,0,0,0,0,0,0,0,0,0,1,0,0,0,0,0,0,0,0,0,0,1,0,0,0,0,0,0,0,0,0,0,0,0,0,0,0,0,0,0,0,0,0,0,0,0,0,0,0,1,0,0,0,0,0,0,0,0,0,0,0,0,1,0,0,0,0,0,0,0,0,0,0,0,0,0,0,0,0,0,0,0,0,0,0,0,0,0,0,1,0,0,0,0,0,0,0,0,0,0,0,0,0,0,0,0,0,0,0,1,0,0,0,0,0,0,0,0,0,0,0,0,0,0,1,0,0,0,0,0,0,0,0,1,0,0,0,0,0,0,0,0,0,0,0,0,0,0,0,0,0,0,0,0,0,0,1,0,0,0,0,0,0,0,0,0,0,0,0,0,0,0,0,0,0,0,0,0,0,0,0,0,0,0,0,0,0,0,0,1,0,0,0,1,0,0,0,0,0,0,0,0,0,0,0,0,0,0,0,0,0,0,0,0,0,0,0,0,1,0,0,0,0,0,0,0,0,0,0,0,0,0,0
